# Format: McCode with text headers
# URL: http://www.mccode.org
# Creator: McStas 2.5beta01 - Nov. 03, 2018
# Instrument: Full_simple_noSqq.instr
# Ncount: 6250000
# Trace: no
# Gravitation: no
# Seed: 1544351420
# Directory: Magnon_rerun_events_A_noEfocus_noSqq/67
# Nodes: 16
# Param: WaveMin=2.75
# Param: WaveMax=4.4
# Param: E_0=4
# Param: L_0=0
# Param: chopPulseOpening=0.004
# Param: DivSlit0_width=0.1
# Param: DivSlit1_width=0.1
# Param: DivSlit2_width=0.1
# Param: DivSlit3_width=0.1
# Param: Npulse=1
# Param: print=0
# Param: makeVirtualSource=0
# Param: printMValues=0
# Param: power=2
# Param: BWopen=161
# Param: OMA=37.072
# Param: TTA=74.1432
# Param: OMA2=30.628
# Param: TTA2=61.256
# Param: phi=37
# Param: dphi=0.332
# Param: MCPLfile=BIFROST_mcpl.gz
# Param: ax=0
# Param: ay=2.14
# Param: az=-1.24
# Param: bx=0
# Param: by=0
# Param: bz=2.47
# Param: cx=6.71
# Param: cy=0
# Param: cz=0
# Param: Omega=67
# Param: TwoTheta=10
# Param: lambda=10
# Param: dlambda=9.9
# Param: Rotation=0
# Param: inelastic=1
# Param: aa=6.28319
# Param: sample_J1=1.5
# Param: sample_J2=0
# Param: TT=300
# Param: FerroMagnet=0
# Param: Verbose=0
# Param: imultiplier=1
# Param: INCOH=0
# Param: INCOHspread=0
# Param: sample_focusW=2.1
# Param: sample_focusH=0.15
# Param: focus_EF=0
# Param: TOFmin=0.1172
# Param: TOFmax=0.186
# Param: TOFbins=256
# Date: Sat Dec  8 21:35:42 2018 (1544301342)
# type: array_2d(90, 90)
# Source: EGCESE (Full_simple_noSqq.instr)
# component: psd_monitor5
# position: 1.583 -1.56124 1.32829
# title: PSD monitor
# Ncount: 100000000
# filename: analyser5_psd.dat
# statistics: X0=-0.0121316; dX=1.11626; Y0=-10.8864; dY=2.79144;
# signal: Min=0; Max=1291.37; Mean=38.6893;
# values: 313384 10532.1 961
# xvar: X 
# yvar: Y 
# xlabel: X position [cm]
# ylabel: Y position [cm]
# zvar: I
# zlabel: Signal per bin
# xylimits: -2 2 -15.24 15.24
# variables: I I_err N
# Data [psd_monitor5/analyser5_psd.dat] I:
0 0 0 0 0 317.3863736 0 0 915.2465035 227.287273 0 0 0 318.7034896 0 0 0 0 0 0 689.6781474 0 0 0 0 292.0193749 0 377.693732 0 0 0 0 335.6856058 570.1479657 0 713.4612291 0 0 0 0 0 0 0 214.0215355 0 387.7200079 359.6403941 326.2895686 467.8882381 350.3562871 81.53724324 0 106.568137 313.2120283 339.0306922 0 0 0 0 0 371.3065948 0 430.6329088 0 691.3544526 847.8493255 0 375.2606199 0 0 631.1757394 0 0 567.4647037 0 356.199703 307.3027494 405.4718359 0 0 0 0 0 314.5890042 0 0 0 0 0 456.6973284 
0 0 0 0 237.708037 142.7078701 0 390.2274408 0 407.8808053 187.9946037 0 0 0 0 0 0 412.1305434 0 0 0 338.5762152 0 0 0 0 0 158.0936489 421.5609374 384.3875623 0 0 0 0 659.6772756 401.0110685 416.2451708 400.1591168 0 333.8089478 0 0 403.6098453 0 160.3099407 663.6812555 0 0 438.7621666 0 96.80902912 0 0 0 0 0 351.6216431 312.8605303 640.2167046 0 1192.394932 0 0 0 0 0 0 444.5950144 345.4684395 0 0 0 0 0 0 0 0 253.7174425 0 0 649.1606008 390.5079324 242.4237379 0 410.431074 0 0 0 704.7774692 374.688206 
98.3406707 0 336.8524585 0 240.6043793 0 0 0 0 374.8960065 0 0 0 0 0 0 0 0 0 286.5116735 0 0 312.5236446 806.3062713 0 225.1519756 0 84.85174641 0 424.8338201 0 0 0 444.9666447 0 365.4524741 0 0 0 0 0 474.2726475 389.3466365 441.9867424 385.3398353 0 0 294.8527898 316.6180447 432.6658257 0 0 0 0 0 427.2155323 0 0 0 0 750.6729418 0 0 0 208.4807597 0 0 0 0 0 0 343.6960824 0 260.6964025 367.2929653 244.0970686 429.3900559 0 400.7049579 406.7578275 0 0 333.8789667 0 0 470.3690644 589.0696145 0 94.76309242 0 
315.6674176 0 0 0 0 392.0180696 0 0 0 279.4998545 0 0 541.38113 670.9330166 0 328.4396324 0 462.5022259 0 0 742.5153915 436.6128731 0 0 355.7238772 0 0 0 429.2719991 315.9673185 0 0 0 0 0 0 0 0 799.007281 369.5989936 0 362.9719095 0 478.6240098 250.1011609 668.691039 0 0 0 0 0 0 0 0 338.23085 438.9681249 839.3858295 0 0 392.4383724 0 545.6599119 0 423.4880919 0 0 0 0 199.3011238 315.2653104 308.8713151 0 0 0 0 381.6858564 0 0 659.1195016 359.4089397 0 385.5519826 0 0 0 0 249.1528132 0 0 438.6568411 
0 0 0 0 758.1318015 342.176438 0 282.8947858 0 0 0 0 0 0 142.8836758 0 975.0643318 0 0 0 0 0 191.7339771 0 0 0 0 481.3552976 0 0 367.3841862 0 793.481954 0 0 0 0 343.3906141 264.293098 0 332.3097395 280.865393 0 300.7865587 0 0 362.7625697 0 335.6827426 0 715.9902955 266.8310214 0 0 299.4533598 383.8534112 0 0 0 0 0 0 0 224.9753305 0 0 0 0 0 0 449.3222361 381.3243695 376.4061298 337.0238069 258.3921415 0 442.8112207 448.6955518 0 462.3164214 0 0 584.9667206 439.3427036 196.7604425 0 338.0985861 791.5090013 0 515.5311959 
0 0 0 312.3710331 0 0 0 0 0 0 0 802.7308118 796.361667 0 0 356.8591965 0 0 0 496.9437982 287.5703846 567.7258281 544.6842974 467.3213947 0 0 0 0 0 101.0475298 0 0 378.8766636 587.0670386 0 376.9857249 0 0 0 343.0349282 0 0 412.7963552 326.2868663 0 367.2713654 682.2352662 0 362.7079835 0 295.4763922 0 0 414.1909277 283.9911873 0 0 0 0 667.7690156 0 0 0 0 0 0 0 74.77071401 0 0 0 0 713.880768 0 0 0 0 168.2876877 304.6108561 0 0 490.640215 0 0 0 0 0 0 0 436.5400563 
0 319.5068522 0 0 0 0 31.2552818 0 365.03371 0 0 293.735176 0 0 0 393.6923163 0 289.9491022 0 322.2911175 303.9328752 0 0 0 0 0 441.6550706 750.8088756 0 0 355.0631252 244.0746593 0 0 0 0 429.8258653 306.0402248 0 0 0 365.1399471 0 0 0 0 0 0 0 494.2419605 0 0 0 0 0 0 327.6147504 0 459.5003591 0 0 381.3681352 0 0 326.9818839 0 0 408.7110885 0 356.4227227 0 0 0 0 0 0 0 0 0 410.61136 0 233.1092005 0 0 0 142.2138904 0 464.3569368 0 0 
0 0 0 0 0 316.6136159 0 0 0 0 617.640128 0 0 0 398.1775038 414.5952016 0 0 258.0599655 0 371.8834349 0 0 756.6177022 0 0 0 191.6943594 824.1186206 0 0 0 672.4260267 469.3402965 0 0 0 0 0 0 246.0064813 0 0 0 413.0492332 0 0 598.1904216 117.9900187 573.4269532 0 0 0 0 775.4347392 170.9384924 0 0 0 0 225.8881571 306.0102713 0 213.807971 0 0 0 379.5305197 0 0 0 0 122.984393 0 151.6975611 0 0 0 0 442.5522863 0 0 384.5118822 0 0 0 0 0 0 0 
448.497886 336.6555985 0 0 364.8258411 0 0 0 0 423.9040999 0 348.3016539 0 423.0948215 296.0110899 0 422.4069329 0 168.4404314 304.5478486 801.9660368 0 645.2071852 0 0 329.5418817 0 448.392212 611.4781018 0 0 361.1466697 0 453.8296167 0 0 293.6614435 432.8360265 0 594.2323953 0 290.9821702 0 0 0 0 445.1957601 265.5443741 0 0 0 0 637.0367375 374.5164183 333.3301839 0 0 0 0 0 0 368.2899152 0 658.9084226 0 405.6151485 0 0 0 0 0 0 0 331.0436203 0 447.4881174 432.9651794 386.0131755 407.6588586 262.0401764 438.6573805 330.7450277 0 0 0 0 0 655.1472002 0 0 
0 0 368.087482 0 786.6476524 295.2860613 0 752.642977 246.6386812 0 0 0 311.3793268 382.2348198 0 0 0 0 0 0 333.5899144 0 0 0 342.5269927 0 535.6933743 396.2888643 122.2223846 0 0 654.2215896 0 0 187.2086466 696.3708505 0 0 0 761.5830648 0 95.31780337 0 0 0 0 436.4062335 0 0 348.5072396 217.0944042 0 411.963326 198.9010016 0 412.9393626 0 0 308.6334858 664.1751259 0 454.5456653 427.9615058 0 332.3921864 0 446.9815419 0 289.394868 0 0 0 0 282.9185787 0 0 0 0 0 185.6730673 0 334.1045593 622.7835253 0 0 0 0 661.3135625 174.9614034 0 
0 153.3272798 0 0 0 423.1773823 428.9461487 673.7476808 0 0 0 0 0 0 0 222.1900223 0 0 359.9719915 0 0 0 0 0 0 0 259.2281059 333.3513619 322.2658403 211.2020319 0 0 0 0 0 0 305.0851872 187.6517584 399.3347683 289.3400304 0 0 0 425.1459249 267.1275867 500.1235243 0 0 411.6191048 171.0454308 0 307.8376753 0 0 0 429.9609204 276.8560178 0 0 191.0311822 0 0 443.0446186 786.510937 387.5756645 343.8389995 380.4277413 0 0 0 0 307.2193102 0 722.1557821 0 178.1079401 0 813.8784518 0 0 0 0 0 389.6629591 0 0 0 392.5848181 0 0 
365.7926166 0 0 335.6369872 0 0 0 0 0 0 752.0394124 0 0 0 0 0 475.7690089 0 0 0 0 279.9218596 0 333.8715463 0 0 348.3963722 0 341.4701645 0 0 0 0 0 0 0 92.71200857 0 0 349.7582114 0 644.121614 0 0 260.0801518 0 0 0 173.6526444 0 0 0 425.5656592 0 359.2352621 0 205.3952554 124.5494862 0 0 0 0 0 0 0 347.6427663 494.60459 0 0 0 589.4213869 0 0 362.726939 0 0 0 0 0 0 0 275.0957636 0 385.166807 0 252.7056738 0 327.3588744 335.1315565 0 
374.5062137 272.7171923 0 0 274.3677675 0 291.6742056 0 35.21628466 209.9330891 0 70.36854031 0 619.8929728 0 315.4128455 0 0 183.9982958 357.6564515 0 0 0 0 0 0 229.0328334 383.9301225 0 0 339.4031254 0 0 0 776.5501731 593.0500373 0 293.2773065 0 469.9576076 0 0 820.1788516 0 0 293.1125503 0 750.7440955 253.6132944 0 388.904576 0 0 169.4313922 0 286.5972248 0 0 0 400.9161362 277.4782669 0 0 385.0675094 340.8813561 0 0 0 281.0348717 0 500.6788267 0 642.7021858 411.2903123 0 0 113.4646014 0 372.4655281 243.230123 0 0 350.7850728 0 0 0 0 413.4915168 0 0 
0 0 0 476.6713933 0 0 0 0 992.1055634 0 0 0 0 0 190.745691 0 0 0 569.4619601 417.9164925 0 0 0 340.4456786 379.3020978 0 345.6401081 0 0 435.1707648 0 285.2921895 0 0 0 794.4429555 0 212.4604586 0 0 342.5936015 404.7560659 0 0 458.665025 0 0 0 300.819596 790.8998118 0 0 0 0 346.9081296 390.9416771 0 494.552751 412.3194088 0 0 723.7287988 697.7211076 524.2644957 0 0 0 428.3140339 0 293.4219052 219.439057 0 0 0 0 0 414.3939617 0 0 600.9436376 475.7298537 278.6768901 0 459.7941858 0 0 0 362.1868692 147.8980418 417.3888794 
0 466.5786894 0 356.6635712 341.6616985 0 0 0 345.582894 0 0 299.919622 278.2990195 0 467.6782114 0 343.0408486 337.627376 0 0 391.6759025 0 0 0 615.9161429 163.436438 239.1311425 0 338.6930912 0 0 191.3556256 0 0 0 316.1306945 0 0 364.2637163 349.7334014 0 0 0 364.9474429 0 0 398.4249105 0 613.6171115 0 474.9099343 827.3934825 0 0 182.5155692 358.1695153 0 177.1439979 0 0 344.8843332 0 644.6780218 0 425.6269295 370.3458482 767.9485071 0 0 827.1727775 826.8753962 0 0 0 676.429315 0 434.8115819 0 0 738.0261122 0 0 1078.67161 318.2604281 385.9502412 0 0 0 0 0 
0 0 0 0 0 0 0 0 0 0 0 0 372.8832509 312.0805457 0 0 0 0 0 699.9737441 0 0 346.9572628 158.2072676 330.0033261 0 0 0 0 484.27638 380.4988072 0 0 261.989527 0 1291.369857 350.8819609 458.6479397 0 0 543.6097811 0 449.568261 0 82.68130457 0 683.4296202 329.3061961 225.1709276 0 0 0 0 346.1735262 238.0838328 349.121222 0 338.1090889 195.1567191 0 169.6759345 0 0 0 0 321.7632309 0 0 0 0 166.1560973 0 251.009269 0 0 755.0282465 0 0 0 0 332.8791449 0 0 0 0 300.6258874 0 0 0 0 
0 549.0607202 372.6444904 0 364.2437171 0 235.7470953 0 0 352.7960737 0 0 311.5564593 0 0 0 0 0 0 0 0 0 0 0 571.2948601 0 0 0 0 0 0 0 40.9342642 0 371.7641447 0 0 0 0 432.3445684 564.2849127 0 0 0 0 174.5505001 0 0 0 0 138.2032719 25.61979135 0 390.0906901 354.3402805 273.9943856 350.1024231 227.0698993 0 228.5679949 0 0 0 366.5535371 0 31.4780727 187.6926804 0 0 587.4546706 0 529.8383143 267.4655517 0 0 0 0 0 0 0 579.1645931 0 0 0 0 0 329.1134642 0 0 0 
0 355.2214963 0 216.1001454 0 0 0 0 0 0 0 0 0 335.1557144 0 0 0 0 0 0 414.3094731 0 0 282.3541515 356.8962692 0 370.0106326 0 0 0 0 0 407.7783207 0 0 0 0 0 0 0 0 358.7172331 0 0 0 379.0245832 386.3100348 0 0 0 0 0 398.753653 320.473426 0 288.647816 0 0 0 0 138.5514696 0 0 355.6236558 350.6772748 341.4397358 0 0 0 376.8779577 346.6178388 649.9052117 0 406.0947816 0 0 0 0 0 0 0 0 0 0 471.8308143 102.9714302 373.1317501 732.9506092 0 0 
0 0 0 0 0 0 413.6826603 362.6779529 0 250.5484498 0 0 369.8274672 0 418.76217 0 783.8249764 348.6054226 389.2627732 0 0 377.6280975 0 0 0 349.3321835 0 0 0 0 0 0 189.3512363 0 0 0 0 394.6563454 0 0 0 229.5206578 0 716.2113487 392.8019763 0 207.7046705 0 0 0 661.0922115 0 0 0 0 0 0 0 0 0 0 0 0 0 0 466.6477673 0 132.7084767 0 0 0 0 317.7081546 919.865363 0 0 0 340.0118632 0 0 0 583.62502 0 0 0 0 163.6279038 307.932035 0 0 
374.9590029 398.7498877 0 0 0 0 0 0 364.8603523 315.638625 320.1163763 0 0 0 0 0 0 0 0 0 421.3825358 483.0313 0 390.78506 0 0 0 0 440.3362159 0 0 0 0 329.1110216 0 0 361.5267588 0 0 224.1755031 356.5240705 0 0 0 0 0 0 0 0 335.0303037 398.4615203 0 0 0 0 0 0 321.6790367 0 0 0 0 0 0 445.9438112 0 0 0 0 0 472.3510017 810.6439656 0 0 0 0 0 0 0 0 0 0 0 0 0 0 0 0 0 0 
0 0 0 282.4101217 0 0 0 0 0 0 362.2765202 193.3562224 0 0 0 0 76.43180481 0 0 0 0 749.8798561 0 0 0 0 430.8846606 200.3747872 223.6882345 366.2130208 362.3704504 0 386.050545 0 0 0 0 0 373.9676747 0 325.8045898 0 0 0 0 636.7579165 223.9906885 0 0 0 0 0 406.4593287 0 0 0 0 0 0 0 0 0 398.4851788 0 0 276.7720677 0 0 0 0 62.98483521 0 0 0 0 0 0 0 0 0 0 0 0 0 295.5591006 0 0 0 0 0 
290.0263579 349.6905042 0 371.8058316 0 215.5937898 0 0 0 0 0 0 0 0 369.7338542 0 372.2110906 368.3443666 0 0 499.2197395 0 0 0 746.1583317 391.2286971 0 306.7420843 0 396.0697036 0 245.1217627 0 0 0 246.4184909 0 347.8543885 0 0 0 0 402.1947772 0 0 0 0 0 215.6238019 0 0 0 0 362.5443253 0 576.7861057 290.7448783 0 0 0 0 0 0 38.45475352 0 0 0 0 0 0 0 0 0 0 447.461659 0 0 0 0 0 0 0 0 0 0 0 475.6153899 0 0 124.9844781 
0 0 0 0 0 0 0 368.4755495 0 281.3625695 0 342.4887659 299.6439864 0 371.8833587 352.723664 0 348.408893 0 0 0 0 457.5676793 0 0 0 0 406.776445 223.1591867 0 390.731374 0 0 0 0 0 367.3078524 0 0 295.5841881 0 0 0 124.1664435 0 444.5840818 0 0 363.6656198 0 276.8544131 0 0 0 0 0 354.9539255 0 269.7006594 0 0 0 0 0 0 0 0 0 0 0 0 0 0 0 0 0 0 0 0 405.7414293 0 183.0156625 0 0 0 155.2862484 0 428.4428078 0 0 
0 0 332.9749263 331.4972173 0 0 0 0 0 0 328.8632453 0 331.8778534 369.4559872 326.5531273 0 0 0 0 0 0 0 0 0 0 286.5224435 0 0 0 0 0 387.9203214 697.6578803 0 235.1461207 0 246.7285209 288.0194586 0 0 0 0 0 343.6443639 0 0 0 0 0 0 0 379.6878014 0 0 0 0 0 0 0 425.9116717 0 0 0 0 0 0 0 291.1500645 0 0 201.7404376 0 0 0 0 0 384.009768 471.4390712 0 0 0 0 0 0 0 0 0 0 0 0 
0 0 0 0 0 383.3576123 283.6909958 0 0 0 391.2998232 306.8852187 0 0 0 0 289.5289686 202.1254804 0 0 0 0 0 0 0 0 0 0 0 0 0 0 0 215.6137513 0 0 0 0 0 392.6169038 0 376.4826123 409.5727897 0 0 0 220.925047 870.9412572 0 0 0 377.8207556 0 417.4447413 0 0 0 0 0 0 0 0 0 654.1116257 0 0 0 0 0 0 0 0 0 0 303.4158578 869.7560221 0 0 0 459.7641104 0 0 0 0 854.3525141 474.9605718 124.4636722 0 0 0 
0 0 0 0 0 0 221.033775 0 0 0 403.8459813 0 0 0 0 158.4902726 0 342.8755133 329.4349454 0 0 0 465.8492547 0 0 0 0 0 0 344.3611342 430.5689954 0 0 595.4272714 0 0 0 0 0 0 0 0 0 0 0 260.6207224 0 0 0 0 0 0 0 0 0 0 0 0 0 0 0 0 0 0 0 0 0 0 0 714.2816737 0 0 0 0 0 0 319.4814701 0 0 0 0 0 0 0 361.3405415 0 0 0 0 0 
0 363.7572459 0 0 0 0 249.9112539 0 0 0 0 0 0 0 353.5907434 0 0 0 0 0 0 0 0 326.6379755 0 0 0 0 210.6402906 342.5176984 0 0 0 0 0 0 277.3235255 0 0 372.7417729 0 436.0622813 0 0 0 0 0 0 0 0 0 0 0 0 0 0 0 0 449.3297572 451.2906879 0 380.9678539 0 0 145.895882 0 0 0 0 0 0 0 0 462.9529181 0 0 0 179.265837 0 0 0 0 0 0 0 0 0 0 470.7240355 0 
0 0 0 0 0 0 0 296.2191177 412.6243483 0 0 357.0038296 0 303.4184116 475.2731325 0 0 0 0 0 353.8437848 0 0 0 0 402.4975706 0 0 0 0 0 0 0 0 0 0 0 405.3896795 0 0 0 0 0 241.6913169 169.4165624 0 0 0 0 0 0 0 0 0 0 0 0 0 0 0 0 0 0 0 0 0 0 0 208.1113042 859.8492717 0 358.050239 0 0 0 0 0 0 0 0 0 0 0 0 0 0 0 0 0 0 
0 0 0 325.6875069 321.8286429 0 0 0 0 0 0 0 0 0 0 0 0 528.1769972 213.5405276 0 0 0 0 0 0 0 0 0 0 298.5285614 349.3567307 0 0 309.94178 0 299.1102005 0 0 0 0 76.72420226 0 0 0 0 0 0 0 0 0 0 0 0 236.5243012 0 0 0 0 0 0 0 0 0 0 0 0 0 0 0 0 0 0 0 0 0 0 0 0 0 0 0 0 0 93.26645724 0 0 0 0 0 0 
0 270.4264983 0 0 0 0 0 0 0 0 0 0 0 0 211.3945182 0 0 0 0 0 0 0 0 422.0372367 0 405.4161109 0 0 432.7966313 455.5048796 235.1562497 0 0 0 0 0 0 0 0 0 0 0 0 0 315.0607404 0 0 0 0 0 0 0 0 0 400.4431931 0 0 0 0 0 0 0 0 0 0 0 0 0 0 0 306.5227535 0 0 0 0 0 0 0 0 0 0 0 0 0 0 0 0 0 0 0 
378.9513081 0 0 0 0 0 0 0 0 0 0 0 0 0 0 110.8325273 0 0 0 0 0 0 0 0 0 0 0 0 0 0 159.2596393 0 0 0 0 0 0 0 0 0 192.1793579 0 0 0 0 0 0 0 0 0 0 0 0 0 0 0 0 0 0 0 0 367.4907787 0 0 0 0 0 0 0 296.9732265 0 467.7899426 0 0 0 0 0 0 0 0 0 0 0 0 0 0 0 0 0 0 
0 0 0 0 0 0 0 0 0 0 0 0 0 0 0 0 0 281.7349268 0 0 0 0 0 0 0 0 0 0 95.13412198 0 0 0 193.1402257 0 0 0 0 0 0 0 0 0 0 0 0 0 0 0 364.0887362 0 0 0 0 0 0 0 0 0 0 0 416.9366493 0 0 0 0 0 0 0 0 0 0 0 0 0 0 0 0 0 0 0 0 0 0 0 0 0 441.8001329 0 0 0 
0 0 0 0 0 0 0 0 0 0 0 0 0 0 0 0 0 0 0 0 0 0 396.7835206 0 0 0 0 0 0 0 0 0 0 0 467.0181036 0 0 0 0 0 0 0 0 0 0 0 0 0 0 0 0 0 0 0 0 0 0 0 0 0 0 0 0 0 0 0 0 0 0 0 0 444.3643945 0 0 0 0 0 0 0 0 0 0 0 0 0 0 0 0 0 0 
0 0 0 0 0 0 0 0 0 0 0 0 0 0 0 0 0 0 0 0 0 0 0 0 0 0 0 0 0 0 0 0 0 0 0 0 0 0 0 0 0 0 0 0 0 0 0 0 0 0 0 0 0 0 0 0 0 0 0 0 0 0 0 0 0 0 0 0 0 0 0 0 0 0 0 0 0 0 0 0 0 0 0 0 0 0 0 0 0 0 
0 0 0 0 0 0 0 0 0 0 0 0 0 0 0 0 0 0 0 0 0 0 0 0 0 0 0 0 0 0 0 0 0 0 0 0 0 0 0 0 0 0 0 0 0 0 0 0 0 0 0 0 0 0 0 0 0 0 0 0 0 0 0 0 0 0 0 0 0 0 0 0 0 0 0 0 0 0 0 0 0 0 0 0 0 0 0 0 0 0 
0 0 0 0 0 0 0 0 0 0 0 0 0 0 0 0 0 0 0 0 0 0 0 0 0 0 0 0 0 0 0 0 0 0 0 0 0 0 0 0 0 0 0 0 0 0 0 0 0 0 0 0 0 428.6199895 0 0 0 0 0 0 0 0 0 0 0 0 0 0 0 0 0 0 0 0 0 0 0 0 0 0 0 0 0 0 0 0 0 0 0 0 
0 0 0 0 0 0 0 0 0 0 0 0 0 0 0 0 0 0 0 0 0 0 0 0 0 0 0 0 0 0 0 0 0 0 0 0 0 0 0 0 0 0 0 0 0 0 0 0 0 0 0 0 0 0 0 0 0 0 0 0 0 0 0 0 0 0 0 0 0 0 0 0 0 0 0 0 0 0 0 0 472.4933798 0 0 0 0 0 0 0 0 0 
0 0 0 0 0 0 0 0 0 0 0 0 0 0 0 0 0 0 0 0 0 0 0 0 0 0 0 0 0 0 0 0 0 0 0 0 0 0 0 0 0 0 0 0 0 0 0 0 0 0 0 0 0 0 0 0 0 0 0 0 0 0 0 0 0 0 0 0 0 0 0 0 0 0 0 0 0 0 0 0 0 0 0 0 0 0 0 0 0 0 
0 0 0 0 0 0 0 0 0 0 0 0 0 0 0 0 0 329.0169692 0 0 0 0 0 0 0 0 0 0 0 0 0 0 0 0 0 0 0 0 0 0 0 0 0 0 0 0 0 0 0 0 0 0 0 0 0 0 0 0 0 0 0 0 0 0 0 0 0 0 0 0 0 0 0 0 0 0 0 0 0 0 0 0 0 0 0 0 0 0 0 0 
0 0 0 0 0 0 0 0 0 0 0 0 0 0 0 0 0 0 0 0 0 0 0 0 0 0 0 0 0 0 0 0 0 0 0 0 0 0 0 0 0 0 0 0 0 0 0 0 0 0 0 0 0 0 0 0 0 0 0 0 0 0 0 0 0 0 0 0 0 0 0 0 0 0 0 0 0 0 0 0 0 0 0 0 0 0 0 0 0 0 
0 331.8367311 0 0 0 0 0 0 0 0 0 0 0 0 0 0 0 0 0 0 0 0 0 0 0 0 0 0 0 0 0 0 0 0 0 0 0 0 0 0 0 0 0 0 0 0 0 0 0 0 0 0 0 0 0 0 0 0 0 0 0 0 0 0 0 0 0 0 0 0 0 0 0 0 0 0 0 0 0 0 0 0 0 0 0 0 0 0 0 0 
0 0 0 0 0 0 0 0 0 0 0 0 0 0 0 0 0 0 0 0 0 0 0 0 0 0 0 0 0 0 0 0 0 0 0 0 0 0 0 0 0 0 0 0 0 0 0 0 0 0 0 0 0 0 0 0 0 0 0 0 0 0 0 0 0 0 0 0 0 0 0 0 0 0 0 0 0 0 0 0 0 0 0 0 0 0 0 0 0 0 
0 0 0 0 0 0 0 0 0 0 0 0 0 0 0 0 0 0 0 0 0 0 0 0 0 0 0 0 0 0 0 0 0 0 0 0 0 0 0 0 0 0 0 0 0 0 0 0 0 0 0 0 0 0 0 0 0 0 0 0 0 0 0 0 0 0 0 0 0 0 0 0 0 0 0 0 0 0 0 0 0 0 0 0 0 0 0 0 0 0 
0 0 0 0 0 0 0 0 0 0 0 0 0 0 0 0 0 0 0 0 0 0 0 0 0 0 0 0 0 0 0 0 0 0 0 0 0 0 0 0 0 0 0 0 0 0 0 0 0 0 0 0 0 0 0 0 0 0 0 0 0 0 0 0 0 0 0 0 0 0 0 0 0 0 0 0 0 0 0 0 0 0 0 0 0 0 0 0 0 0 
0 0 0 0 0 0 0 0 0 0 0 0 0 0 0 0 0 0 0 0 0 0 0 0 0 0 0 0 0 0 0 0 0 0 0 0 0 0 0 0 0 0 0 0 0 0 0 0 0 0 0 0 0 0 0 0 0 0 0 0 0 0 0 0 0 0 0 0 0 0 0 0 0 0 0 0 0 0 0 0 0 0 0 0 0 0 0 0 0 0 
0 0 0 0 0 0 0 0 0 0 0 0 0 0 0 0 0 0 0 0 0 0 0 0 0 0 0 0 0 0 0 0 0 0 0 0 0 0 0 0 0 0 0 0 0 0 0 0 0 0 0 0 0 0 0 0 0 0 0 0 0 0 0 0 0 0 0 0 0 0 0 0 0 0 0 0 0 0 0 0 0 0 0 0 0 0 0 0 0 0 
0 0 0 0 0 0 0 0 0 0 0 0 0 0 0 0 0 0 0 0 0 0 0 0 0 0 0 0 0 0 0 0 0 0 0 0 0 0 0 0 0 0 0 0 0 0 0 0 0 0 0 0 0 0 0 0 0 0 0 0 0 0 0 0 0 0 0 0 0 0 0 0 0 0 0 0 0 0 0 0 0 0 0 0 0 0 0 0 0 0 
0 0 0 0 0 0 0 0 0 0 0 0 0 0 0 0 0 0 0 0 0 0 0 0 0 0 0 0 0 0 0 0 0 0 0 0 0 0 0 0 0 0 0 0 0 0 0 0 0 0 0 0 0 0 0 0 0 0 0 0 0 0 0 0 0 0 0 0 0 0 0 0 0 0 0 0 0 0 0 0 0 0 0 0 0 0 0 0 0 0 
0 0 0 0 0 0 0 0 0 0 0 0 0 0 0 0 0 0 0 0 0 0 0 0 0 0 0 0 0 0 0 0 0 0 0 0 0 0 0 0 0 0 0 0 0 0 0 0 0 0 0 0 0 0 0 0 0 0 0 0 0 0 0 0 0 0 0 0 0 0 0 0 0 0 0 0 0 0 0 0 0 0 0 0 0 0 0 0 0 0 
0 0 0 0 0 0 0 0 0 0 0 0 0 0 0 0 0 0 0 0 0 0 0 0 0 0 0 0 0 0 0 0 0 0 0 0 0 0 0 0 0 0 0 0 0 0 0 0 0 0 0 0 0 0 0 0 0 0 0 0 0 0 0 0 0 0 0 0 0 0 0 0 0 0 0 0 0 0 0 0 0 0 0 0 0 0 0 0 0 0 
0 0 0 0 0 0 0 0 0 0 0 0 0 0 0 0 0 0 0 0 0 0 0 0 0 0 0 0 0 0 0 0 0 0 0 0 0 0 0 0 0 0 0 0 0 0 0 0 0 0 0 0 0 0 0 0 0 0 0 0 0 0 0 0 0 0 0 0 0 0 0 0 0 0 0 0 0 0 0 0 0 0 0 0 0 0 0 0 0 0 
0 0 0 0 0 0 0 0 0 0 0 0 0 0 0 0 0 0 0 0 0 0 0 0 0 0 0 0 0 0 0 0 0 0 0 0 0 0 0 0 0 0 0 0 0 0 0 0 0 0 0 0 0 0 0 0 0 0 0 0 0 0 0 0 0 0 0 0 0 0 0 0 0 0 0 0 0 0 0 0 0 0 0 0 0 0 0 0 0 0 
0 0 0 0 0 0 0 0 0 0 0 0 0 0 0 0 0 0 0 0 0 0 0 0 0 0 0 0 0 0 0 0 0 0 0 0 0 0 0 0 0 0 0 0 0 0 0 0 0 0 0 0 0 0 0 0 0 0 0 0 0 0 0 0 0 0 0 0 0 0 0 0 0 0 0 0 0 0 0 0 0 0 0 0 0 0 0 0 0 0 
0 0 0 0 0 0 0 0 0 0 0 0 0 0 0 0 0 0 0 0 0 0 0 0 0 0 0 0 0 0 0 0 0 0 0 0 0 0 0 0 0 0 0 0 0 0 0 0 0 0 0 0 0 0 0 0 0 0 0 0 0 0 0 0 0 0 0 0 0 0 0 0 0 0 0 0 0 0 0 0 0 0 0 0 0 0 0 0 0 0 
0 0 0 0 0 0 0 0 0 0 0 0 0 0 0 0 0 0 0 0 0 0 0 0 0 0 0 0 0 0 0 0 0 0 0 0 0 0 0 0 0 0 0 0 0 0 0 0 0 0 0 0 0 0 0 0 0 0 0 0 0 0 0 0 0 0 0 0 0 0 0 0 0 0 0 0 0 0 0 0 0 0 0 0 0 0 0 0 0 0 
0 0 0 0 0 0 0 0 0 0 0 0 0 0 0 0 0 0 0 0 0 0 0 0 0 0 0 0 0 0 0 0 0 0 0 0 0 0 0 0 0 0 0 0 0 0 0 0 0 0 0 0 0 0 0 0 0 0 0 0 0 0 0 0 0 0 0 0 0 0 0 0 0 0 0 0 0 0 0 0 0 0 0 0 0 0 0 0 0 0 
0 0 0 0 0 0 0 0 0 0 0 0 0 0 0 0 0 0 0 0 0 0 0 0 0 0 0 0 0 0 0 0 0 0 0 0 0 0 0 0 0 0 0 0 0 0 0 0 0 0 0 0 0 0 0 0 0 0 0 0 0 0 0 0 0 0 0 0 0 0 0 0 0 0 0 0 0 0 0 0 0 0 0 0 0 0 0 0 0 0 
0 0 0 0 0 0 0 0 0 0 0 0 0 0 0 0 0 0 0 0 0 0 0 0 0 0 0 0 0 0 0 0 0 0 0 0 0 0 0 0 0 0 0 0 0 0 0 0 0 0 0 0 0 0 0 0 0 0 0 0 0 0 0 0 0 0 0 0 0 0 0 0 0 0 0 0 0 0 0 0 0 0 0 0 0 0 0 0 0 0 
0 0 0 0 0 0 0 0 0 0 0 0 0 0 0 0 0 0 0 0 0 0 0 0 0 0 0 0 0 0 0 0 0 0 0 0 0 0 0 0 0 0 0 0 0 0 0 0 0 0 0 0 0 0 0 0 0 0 0 0 0 0 0 0 0 0 0 0 0 0 0 0 0 0 0 0 0 0 0 0 0 0 0 0 0 0 0 0 0 0 
0 0 0 0 0 0 0 0 0 0 0 0 0 0 0 0 0 0 0 0 0 0 0 0 0 0 0 0 0 0 0 0 0 0 0 0 0 0 0 0 0 0 0 0 0 0 0 0 0 0 0 0 0 0 0 0 0 0 0 0 0 0 0 0 0 0 0 0 0 0 0 0 0 0 0 0 0 0 0 0 0 0 0 0 0 0 0 0 0 0 
0 0 0 0 0 0 0 0 0 0 0 0 0 0 0 0 0 0 0 0 0 0 0 0 0 0 0 0 0 0 0 0 0 0 0 0 0 0 0 0 0 0 0 0 0 0 0 0 0 0 0 0 0 0 0 0 0 0 0 0 0 0 0 0 0 0 0 0 0 0 0 0 0 0 0 0 0 0 0 0 0 0 0 0 0 0 0 0 0 0 
0 0 0 0 0 0 0 0 0 0 0 0 0 0 0 0 0 0 0 0 0 0 0 0 0 0 0 0 0 0 0 0 0 0 0 0 0 0 0 0 0 0 0 0 0 0 0 0 0 0 0 0 0 0 0 0 0 0 0 0 0 0 0 0 0 0 0 0 0 0 0 0 0 0 0 0 0 0 0 0 0 0 0 0 0 0 0 0 0 0 
0 0 0 0 0 0 0 0 0 0 0 0 0 0 0 0 0 0 0 0 0 0 0 0 0 0 0 0 0 0 0 0 0 0 0 0 0 0 0 0 0 0 0 0 0 0 0 0 0 0 0 0 0 0 0 0 0 0 0 0 0 0 0 0 0 0 0 0 0 0 0 0 0 0 0 0 0 0 0 0 0 0 0 0 0 0 0 0 0 0 
0 0 0 0 0 0 0 0 0 0 0 0 0 0 0 0 0 0 0 0 0 0 0 0 0 0 0 0 0 0 0 0 0 0 0 0 0 0 0 0 0 0 0 0 0 0 0 0 0 0 0 0 0 0 0 0 0 0 0 0 0 0 0 0 0 0 0 0 0 0 0 0 0 0 0 0 0 0 0 0 0 0 0 0 0 0 0 0 0 0 
0 0 0 0 0 0 0 0 0 0 0 0 0 0 0 0 0 0 0 0 0 0 0 0 0 0 0 0 0 0 0 0 0 0 0 0 0 0 0 0 0 0 0 0 0 0 0 0 0 0 0 0 0 0 0 0 0 0 0 0 0 0 0 0 0 0 0 0 0 0 0 0 0 0 0 0 0 0 0 0 0 0 0 0 0 0 0 0 0 0 
0 0 0 0 0 0 0 0 0 0 0 0 0 0 0 0 0 0 0 0 0 0 0 0 0 0 0 0 0 0 0 0 0 0 0 0 0 0 0 0 0 0 0 0 0 0 0 0 0 0 0 0 0 0 0 0 0 0 0 0 0 0 0 0 0 0 0 0 0 0 0 0 0 0 0 0 0 0 0 0 0 0 0 0 0 0 0 0 0 0 
0 0 0 0 0 0 0 0 0 0 0 0 0 0 0 0 0 0 0 0 0 0 0 0 0 0 0 0 0 0 0 0 0 0 0 0 0 0 0 0 0 0 0 0 0 0 0 0 0 0 0 0 0 0 0 0 0 0 0 0 0 0 0 0 0 0 0 0 0 0 0 0 0 0 0 0 0 0 0 0 0 0 0 0 0 0 0 0 0 0 
0 0 0 0 0 0 0 0 0 0 0 0 0 0 0 0 0 0 0 0 0 0 0 0 0 0 0 0 0 0 0 0 0 0 0 0 0 0 0 0 0 0 0 0 0 0 0 0 0 0 0 0 0 0 0 0 0 0 0 0 0 0 0 0 0 0 0 0 0 0 0 0 0 0 0 0 0 0 0 0 0 0 0 0 0 0 0 0 0 0 
0 0 0 0 0 0 0 0 0 0 0 0 0 0 0 0 0 0 0 0 0 0 0 0 0 0 0 0 0 0 0 0 0 0 0 0 0 0 0 0 0 0 0 0 0 0 0 0 0 0 0 0 0 0 0 0 0 0 0 0 0 0 0 0 0 0 0 0 0 0 0 0 0 0 0 0 0 0 0 0 0 0 0 0 0 0 0 0 0 0 
0 0 0 0 0 0 0 0 0 0 0 0 0 0 0 0 0 0 0 0 0 0 0 0 0 0 0 0 0 0 0 0 0 0 0 0 0 0 0 0 0 0 0 0 0 0 0 0 0 0 0 0 0 0 0 0 0 0 0 0 0 0 0 0 0 0 0 0 0 0 0 0 0 0 0 0 0 0 0 0 0 0 0 0 0 0 0 0 0 0 
0 0 0 0 0 0 0 0 0 0 0 0 0 0 0 0 0 0 0 0 0 0 0 0 0 0 0 0 0 0 0 0 0 0 0 0 0 0 0 0 0 0 0 0 0 0 0 0 0 0 0 0 0 0 0 0 0 0 0 0 0 0 0 0 0 0 0 0 0 0 0 0 0 0 0 0 0 0 0 0 0 0 0 0 0 0 0 0 0 0 
0 0 0 0 0 0 0 0 0 0 0 0 0 0 0 0 0 0 0 0 0 0 0 0 0 0 0 0 0 0 0 0 0 0 0 0 0 0 0 0 0 0 0 0 0 0 0 0 0 0 0 0 0 0 0 0 0 0 0 0 0 0 0 0 0 0 0 0 0 0 0 0 0 0 0 0 0 0 0 0 0 0 0 0 0 0 0 0 0 0 
0 0 0 0 0 0 0 0 0 0 0 0 0 0 0 0 0 0 0 0 0 0 0 0 0 0 0 0 0 0 0 0 0 0 0 0 0 0 0 0 0 0 0 0 0 0 0 0 0 0 0 0 0 0 0 0 0 0 0 0 0 0 0 0 0 0 0 0 0 0 0 0 0 0 0 0 0 0 0 0 0 0 0 0 0 0 0 0 0 0 
0 0 0 0 0 0 0 0 0 0 0 0 0 0 0 0 0 0 0 0 0 0 0 0 0 0 0 0 0 0 0 0 0 0 0 0 0 0 0 0 0 0 0 0 0 0 0 0 0 0 0 0 0 0 0 0 0 0 0 0 0 0 0 0 0 0 0 0 0 0 0 0 0 0 0 0 0 0 0 0 0 0 0 0 0 0 0 0 0 0 
0 0 0 0 0 0 0 0 0 0 0 0 0 0 0 0 0 0 0 0 0 0 0 0 0 0 0 0 0 0 0 0 0 0 0 0 0 0 0 0 0 0 0 0 0 0 0 0 0 0 0 0 0 0 0 0 0 0 0 0 0 0 0 0 0 0 0 0 0 0 0 0 0 0 0 0 0 0 0 0 0 0 0 0 0 0 0 0 0 0 
0 0 0 0 0 0 0 0 0 0 0 0 0 0 0 0 0 0 0 0 0 0 0 0 0 0 0 0 0 0 0 0 0 0 0 0 0 0 0 0 0 0 0 0 0 0 0 0 0 0 0 0 0 0 0 0 0 0 0 0 0 0 0 0 0 0 0 0 0 0 0 0 0 0 0 0 0 0 0 0 0 0 0 0 0 0 0 0 0 0 
0 0 0 0 0 0 0 0 0 0 0 0 0 0 0 0 0 0 0 0 0 0 0 0 0 0 0 0 0 0 0 0 0 0 0 0 0 0 0 0 0 0 0 0 0 0 0 0 0 0 0 0 0 0 0 0 0 0 0 0 0 0 0 0 0 0 0 0 0 0 0 0 0 0 0 0 0 0 0 0 0 0 0 0 0 0 0 0 0 0 
0 0 0 0 0 0 0 0 0 0 0 0 0 0 0 0 0 0 0 0 0 0 0 0 0 0 0 0 0 0 0 0 0 0 0 0 0 0 0 0 0 0 0 0 0 0 0 0 0 0 0 0 0 0 0 0 0 0 0 0 0 0 0 0 0 0 0 0 0 0 0 0 0 0 0 0 0 0 0 0 0 0 0 0 0 0 0 0 0 0 
0 0 0 0 0 0 0 0 0 0 0 0 0 0 0 0 0 0 0 0 0 0 0 0 0 0 0 0 0 0 0 0 0 0 0 0 0 0 0 0 0 0 0 0 0 0 0 0 0 0 0 0 0 0 0 0 0 0 0 0 0 0 0 0 0 0 0 0 0 0 0 0 0 0 0 0 0 0 0 0 0 0 0 0 0 0 0 0 0 0 
0 0 0 0 0 0 0 0 0 0 0 0 0 0 0 0 0 0 0 0 0 0 0 0 0 0 0 0 0 0 0 0 0 0 0 0 0 0 0 0 0 0 0 0 0 0 0 0 0 0 0 0 0 0 0 0 0 0 0 0 0 0 0 0 0 0 0 0 0 0 0 0 0 0 0 0 0 0 0 0 0 0 0 0 0 0 0 0 0 0 
0 0 0 0 0 0 0 0 0 0 0 0 0 0 0 0 0 0 0 0 0 0 0 0 0 0 0 0 0 0 0 0 0 0 0 0 0 0 0 0 0 0 0 0 0 0 0 0 0 0 0 0 0 0 0 0 0 0 0 0 0 0 0 0 0 0 0 0 0 0 0 0 0 0 0 0 0 0 0 0 0 0 0 0 0 0 0 0 0 0 
0 0 0 0 0 0 0 0 0 0 0 0 0 0 0 0 0 0 0 0 0 0 0 0 0 0 0 0 0 0 0 0 0 0 0 0 0 0 0 0 0 0 0 0 0 0 0 0 0 0 0 0 0 0 0 0 0 0 0 0 0 0 0 0 0 0 0 0 0 0 0 0 0 0 0 0 0 0 0 0 0 0 0 0 0 0 0 0 0 0 
0 0 0 0 0 0 0 0 0 0 0 0 0 0 0 0 0 0 0 0 0 0 0 0 0 0 0 0 0 0 0 0 0 0 0 0 0 0 0 0 0 0 0 0 0 0 0 0 0 0 0 0 0 0 0 0 0 0 0 0 0 0 0 0 0 0 0 0 0 0 0 0 0 0 0 0 0 0 0 0 0 0 0 0 0 0 0 0 0 0 
0 0 0 0 0 0 0 0 0 0 0 0 0 0 0 0 0 0 0 0 0 0 0 0 0 0 0 0 0 0 0 0 0 0 0 0 0 0 0 0 0 0 0 0 0 0 0 0 0 0 0 0 0 0 0 0 0 0 0 0 0 0 0 0 0 0 0 0 0 0 0 0 0 0 0 0 0 0 0 0 0 0 0 0 0 0 0 0 0 0 
0 0 0 0 0 0 0 0 0 0 0 0 0 0 0 0 0 0 0 0 0 0 0 0 0 0 0 0 0 0 0 0 0 0 0 0 0 0 0 0 0 0 0 0 0 0 0 0 0 0 0 0 0 0 0 0 0 0 0 0 0 0 0 0 0 0 0 0 0 0 0 0 0 0 0 0 0 0 0 0 0 0 0 0 0 0 0 0 0 0 
0 0 0 0 0 0 0 0 0 0 0 0 0 0 0 0 0 0 0 0 0 0 0 0 0 0 0 0 0 0 0 0 0 0 0 0 0 0 0 0 0 0 0 0 0 0 0 0 0 0 0 0 0 0 0 0 0 0 0 0 0 0 0 0 0 0 0 0 0 0 0 0 0 0 0 0 0 0 0 0 0 0 0 0 0 0 0 0 0 0 
0 0 0 0 0 0 0 0 0 0 0 0 0 0 0 0 0 0 0 0 0 0 0 0 0 0 0 0 0 0 0 0 0 0 0 0 0 0 0 0 0 0 0 0 0 0 0 0 0 0 0 0 0 0 0 0 0 0 0 0 0 0 0 0 0 0 0 0 0 0 0 0 0 0 0 0 0 0 0 0 0 0 0 0 0 0 0 0 0 0 
0 0 0 0 0 0 0 0 0 0 0 0 0 0 0 0 0 0 0 0 0 0 0 0 0 0 0 0 0 0 0 0 0 0 0 0 0 0 0 0 0 0 0 0 0 0 0 0 0 0 0 0 0 0 0 0 0 0 0 0 0 0 0 0 0 0 0 0 0 0 0 0 0 0 0 0 0 0 0 0 0 0 0 0 0 0 0 0 0 0 
0 0 0 0 0 0 0 0 0 0 0 0 0 0 0 0 0 0 0 0 0 0 0 0 0 0 0 0 0 0 0 0 0 0 0 0 0 0 0 0 0 0 0 0 0 0 0 0 0 0 0 0 0 0 0 0 0 0 0 0 0 0 0 0 0 0 0 0 0 0 0 0 0 0 0 0 0 0 0 0 0 0 0 0 0 0 0 0 0 0 
0 0 0 0 0 0 0 0 0 0 0 0 0 0 0 0 0 0 0 0 0 0 0 0 0 0 0 0 0 0 0 0 0 0 0 0 0 0 0 0 0 0 0 0 0 0 0 0 0 0 0 0 0 0 0 0 0 0 0 0 0 0 0 0 0 0 0 0 0 0 0 0 0 0 0 0 0 0 0 0 0 0 0 0 0 0 0 0 0 0 
# Errors [psd_monitor5/analyser5_psd.dat] I_err:
0 0 0 0 0 317.3863736 0 0 647.5331116 227.287273 0 0 0 318.7034896 0 0 0 0 0 0 487.7925703 0 0 0 0 292.0193749 0 377.693732 0 0 0 0 335.6856058 486.054066 0 521.2783676 0 0 0 0 0 0 0 214.0215355 0 387.7200079 359.6403941 326.2895686 463.4002936 350.3562871 81.53724324 0 106.568137 313.2120283 339.0306922 0 0 0 0 0 371.3065948 0 430.6329088 0 524.5448987 604.8741421 0 375.2606199 0 0 490.7031301 0 0 408.1175901 0 356.199703 307.3027494 405.4718359 0 0 0 0 0 314.5890042 0 0 0 0 0 456.6973284 
0 0 0 0 237.708037 142.7078701 0 325.5383007 0 407.8808053 187.9946037 0 0 0 0 0 0 412.1305434 0 0 0 338.5762152 0 0 0 0 0 158.0936489 421.5609374 384.3875623 0 0 0 0 468.6521224 401.0110685 416.2451708 400.1591168 0 333.8089478 0 0 403.6098453 0 160.3099407 472.1606744 0 0 438.7621666 0 96.80902912 0 0 0 0 0 351.6216431 312.8605303 454.3788219 0 701.3223132 0 0 0 0 0 0 444.5950144 345.4684395 0 0 0 0 0 0 0 0 253.7174425 0 0 527.9707339 390.5079324 242.4237379 0 410.431074 0 0 0 506.107473 374.688206 
98.3406707 0 336.8524585 0 240.6043793 0 0 0 0 374.8960065 0 0 0 0 0 0 0 0 0 286.5116735 0 0 312.5236446 576.5820089 0 225.1519756 0 84.85174641 0 424.8338201 0 0 0 444.9666447 0 365.4524741 0 0 0 0 0 413.3770296 389.3466365 441.9867424 385.3398353 0 0 294.8527898 316.6180447 432.6658257 0 0 0 0 0 427.2155323 0 0 0 0 532.2768995 0 0 0 158.826043 0 0 0 0 0 0 343.6960824 0 260.6964025 367.2929653 244.0970686 429.3900559 0 400.7049579 406.7578275 0 0 333.8789667 0 0 470.3690644 447.5424065 0 94.76309242 0 
315.6674176 0 0 0 0 392.0180696 0 0 0 279.4998545 0 0 385.5571294 508.213424 0 328.4396324 0 462.5022259 0 0 525.1673821 436.6128731 0 0 355.7238772 0 0 0 429.2719991 315.9673185 0 0 0 0 0 0 0 0 565.0172787 369.5989936 0 362.9719095 0 478.6240098 250.1011609 513.8937466 0 0 0 0 0 0 0 0 338.23085 438.9681249 596.9158203 0 0 392.4383724 0 446.725738 0 423.4880919 0 0 0 0 199.3011238 315.2653104 308.8713151 0 0 0 0 381.6858564 0 0 466.0771056 359.4089397 0 385.5519826 0 0 0 0 249.1528132 0 0 438.6568411 
0 0 0 0 536.4744776 342.176438 0 282.8947858 0 0 0 0 0 0 142.8836758 0 567.6817856 0 0 0 0 0 191.7339771 0 0 0 0 481.3552976 0 0 367.3841862 0 564.3969638 0 0 0 0 343.3906141 264.293098 0 332.3097395 280.865393 0 300.7865587 0 0 362.7625697 0 335.6827426 0 506.8198785 266.8310214 0 0 299.4533598 383.8534112 0 0 0 0 0 0 0 224.9753305 0 0 0 0 0 0 449.3222361 381.3243695 376.4061298 337.0238069 258.3921415 0 442.8112207 448.6955518 0 462.3164214 0 0 443.227344 439.3427036 196.7604425 0 338.0985861 560.4333807 0 400.2655401 
0 0 0 312.3710331 0 0 0 0 0 0 0 571.5966933 568.9166258 0 0 356.8591965 0 0 0 420.7891331 287.5703846 428.9786289 441.4258875 467.3213947 0 0 0 0 0 101.0475298 0 0 378.8766636 423.8433316 0 376.9857249 0 0 0 343.0349282 0 0 412.7963552 326.2868663 0 367.2713654 493.0137919 0 362.7079835 0 295.4763922 0 0 414.1909277 283.9911873 0 0 0 0 473.2763398 0 0 0 0 0 0 0 74.77071401 0 0 0 0 509.4199986 0 0 0 0 168.2876877 304.6108561 0 0 490.640215 0 0 0 0 0 0 0 436.5400563 
0 319.5068522 0 0 0 0 31.2552818 0 365.03371 0 0 293.735176 0 0 0 393.6923163 0 289.9491022 0 322.2911175 303.9328752 0 0 0 0 0 441.6550706 531.0221582 0 0 355.0631252 244.0746593 0 0 0 0 429.8258653 306.0402248 0 0 0 365.1399471 0 0 0 0 0 0 0 494.2419605 0 0 0 0 0 0 327.6147504 0 459.5003591 0 0 381.3681352 0 0 326.9818839 0 0 303.1983625 0 356.4227227 0 0 0 0 0 0 0 0 0 410.61136 0 194.1642018 0 0 0 142.2138904 0 464.3569368 0 0 
0 0 0 0 0 316.6136159 0 0 0 0 444.1946141 0 0 0 398.1775038 414.5952016 0 0 258.0599655 0 371.8834349 0 0 536.0147173 0 0 0 191.6943594 598.7032504 0 0 0 480.3837173 469.3402965 0 0 0 0 0 0 246.0064813 0 0 0 413.0492332 0 0 448.6619433 117.9900187 438.8759519 0 0 0 0 551.688272 170.9384924 0 0 0 0 225.8881571 306.0102713 0 213.807971 0 0 0 379.5305197 0 0 0 0 122.984393 0 151.6975611 0 0 0 0 442.5522863 0 0 384.5118822 0 0 0 0 0 0 0 
448.497886 336.6555985 0 0 364.8258411 0 0 0 0 423.9040999 0 348.3016539 0 423.0948215 296.0110899 0 422.4069329 0 168.4404314 304.5478486 576.9987733 0 493.988874 0 0 329.5418817 0 448.392212 439.5531607 0 0 361.1466697 0 453.8296167 0 0 293.6614435 432.8360265 0 421.1741597 0 290.9821702 0 0 0 0 445.1957601 265.5443741 0 0 0 0 453.0682204 374.5164183 333.3301839 0 0 0 0 0 0 368.2899152 0 471.4077564 0 405.6151485 0 0 0 0 0 0 0 331.0436203 0 447.4881174 432.9651794 386.0131755 407.6588586 262.0401764 438.6573805 330.7450277 0 0 0 0 0 465.9230196 0 0 
0 0 368.087482 0 562.10899 295.2860613 0 535.0468869 246.6386812 0 0 0 311.3793268 382.2348198 0 0 0 0 0 0 333.5899144 0 0 0 342.5269927 0 386.3958078 396.2888643 122.2223846 0 0 465.052927 0 0 187.2086466 493.7117832 0 0 0 538.7306259 0 95.31780337 0 0 0 0 436.4062335 0 0 348.5072396 217.0944042 0 411.963326 198.9010016 0 412.9393626 0 0 308.6334858 487.3786019 0 454.5456653 427.9615058 0 332.3921864 0 446.9815419 0 289.394868 0 0 0 0 282.9185787 0 0 0 0 0 185.6730673 0 334.1045593 448.1774359 0 0 0 0 482.0105399 174.9614034 0 
0 153.3272798 0 0 0 423.1773823 428.9461487 476.9737667 0 0 0 0 0 0 0 222.1900223 0 0 359.9719915 0 0 0 0 0 0 0 259.2281059 333.3513619 322.2658403 211.2020319 0 0 0 0 0 0 305.0851872 187.6517584 399.3347683 289.3400304 0 0 0 425.1459249 267.1275867 376.8381492 0 0 411.6191048 171.0454308 0 307.8376753 0 0 0 429.9609204 276.8560178 0 0 191.0311822 0 0 443.0446186 557.6529574 387.5756645 343.8389995 380.4277413 0 0 0 0 307.2193102 0 510.8675662 0 178.1079401 0 584.5725328 0 0 0 0 0 389.6629591 0 0 0 392.5848181 0 0 
365.7926166 0 0 335.6369872 0 0 0 0 0 0 537.7818611 0 0 0 0 0 475.7690089 0 0 0 0 201.5492871 0 333.8715463 0 0 348.3963722 0 341.4701645 0 0 0 0 0 0 0 92.71200857 0 0 349.7582114 0 482.0740648 0 0 260.0801518 0 0 0 173.6526444 0 0 0 425.5656592 0 359.2352621 0 205.3952554 124.5494862 0 0 0 0 0 0 0 347.6427663 494.60459 0 0 0 424.7626265 0 0 362.726939 0 0 0 0 0 0 0 275.0957636 0 385.166807 0 252.7056738 0 327.3588744 335.1315565 0 
374.5062137 272.7171923 0 0 274.3677675 0 291.6742056 0 35.21628466 209.9330891 0 70.36854031 0 438.8244359 0 315.4128455 0 0 183.9982958 357.6564515 0 0 0 0 0 0 229.0328334 383.9301225 0 0 339.4031254 0 0 0 549.1780609 468.0323147 0 293.2773065 0 469.9576076 0 0 583.6802917 0 0 293.1125503 0 542.1980297 253.6132944 0 388.904576 0 0 169.4313922 0 286.5972248 0 0 0 400.9161362 277.4782669 0 0 385.0675094 340.8813561 0 0 0 281.0348717 0 354.4217356 0 478.4761128 411.2903123 0 0 113.4646014 0 372.4655281 243.230123 0 0 350.7850728 0 0 0 0 413.4915168 0 0 
0 0 0 476.6713933 0 0 0 0 577.8469589 0 0 0 0 0 190.745691 0 0 0 427.4760768 417.9164925 0 0 0 340.4456786 379.3020978 0 345.6401081 0 0 435.1707648 0 285.2921895 0 0 0 573.3981868 0 212.4604586 0 0 342.5936015 404.7560659 0 0 458.665025 0 0 0 300.819596 574.4916405 0 0 0 0 346.9081296 390.9416771 0 494.552751 412.3194088 0 0 512.8470696 493.3634932 516.0722302 0 0 0 428.3140339 0 293.4219052 219.439057 0 0 0 0 0 414.3939617 0 0 426.6908092 475.7298537 278.6768901 0 459.7941858 0 0 0 362.1868692 147.8980418 417.3888794 
0 399.1594875 0 356.6635712 341.6616985 0 0 0 345.582894 0 0 299.919622 278.2990195 0 467.6782114 0 343.0408486 337.627376 0 0 391.6759025 0 0 0 436.0125251 163.436438 239.1311425 0 338.6930912 0 0 191.3556256 0 0 0 316.1306945 0 0 364.2637163 349.7334014 0 0 0 364.9474429 0 0 398.4249105 0 433.951844 0 341.5867965 587.0244837 0 0 182.5155692 358.1695153 0 177.1439979 0 0 344.8843332 0 477.8498071 0 425.6269295 370.3458482 546.1657969 0 0 600.6176023 592.0374109 0 0 0 481.3072115 0 434.8115819 0 0 548.4365835 0 0 624.1574576 318.2604281 385.9502412 0 0 0 0 0 
0 0 0 0 0 0 0 0 0 0 0 0 372.8832509 312.0805457 0 0 0 0 0 513.8085176 0 0 346.9572628 158.2072676 330.0033261 0 0 0 0 484.27638 380.4988072 0 0 261.989527 0 747.8184454 350.8819609 458.6479397 0 0 390.0049767 0 449.568261 0 82.68130457 0 486.1863413 329.3061961 225.1709276 0 0 0 0 346.1735262 238.0838328 349.121222 0 338.1090889 195.1567191 0 169.6759345 0 0 0 0 321.7632309 0 0 0 0 166.1560973 0 251.009269 0 0 542.0960296 0 0 0 0 332.8791449 0 0 0 0 300.6258874 0 0 0 0 
0 418.5131516 372.6444904 0 364.2437171 0 235.7470953 0 0 352.7960737 0 0 311.5564593 0 0 0 0 0 0 0 0 0 0 0 528.2156579 0 0 0 0 0 0 0 40.9342642 0 371.7641447 0 0 0 0 432.3445684 408.3452383 0 0 0 0 174.5505001 0 0 0 0 138.2032719 25.61979135 0 390.0906901 354.3402805 273.9943856 350.1024231 227.0698993 0 228.5679949 0 0 0 366.5535371 0 31.4780727 187.6926804 0 0 441.8189531 0 385.2701124 267.4655517 0 0 0 0 0 0 0 411.1698433 0 0 0 0 0 329.1134642 0 0 0 
0 355.2214963 0 216.1001454 0 0 0 0 0 0 0 0 0 335.1557144 0 0 0 0 0 0 414.3094731 0 0 282.3541515 356.8962692 0 326.8508833 0 0 0 0 0 407.7783207 0 0 0 0 0 0 0 0 358.7172331 0 0 0 379.0245832 386.3100348 0 0 0 0 0 398.753653 320.473426 0 288.647816 0 0 0 0 138.5514696 0 0 355.6236558 350.6772748 341.4397358 0 0 0 376.8779577 346.6178388 518.3124039 0 406.0947816 0 0 0 0 0 0 0 0 0 0 471.8308143 102.9714302 373.1317501 518.3712657 0 0 
0 0 0 0 0 0 413.6826603 362.6779529 0 250.5484498 0 0 369.8274672 0 418.76217 0 568.4116574 348.6054226 389.2627732 0 0 377.6280975 0 0 0 349.3321835 0 0 0 0 0 0 189.3512363 0 0 0 0 394.6563454 0 0 0 229.5206578 0 514.420409 392.8019763 0 207.7046705 0 0 0 480.9192181 0 0 0 0 0 0 0 0 0 0 0 0 0 0 466.6477673 0 132.7084767 0 0 0 0 317.7081546 614.8897892 0 0 0 340.0118632 0 0 0 465.7520187 0 0 0 0 163.6279038 307.932035 0 0 
374.9590029 398.7498877 0 0 0 0 0 0 364.8603523 315.638625 320.1163763 0 0 0 0 0 0 0 0 0 421.3825358 483.0313 0 390.78506 0 0 0 0 440.3362159 0 0 0 0 329.1110216 0 0 361.5267588 0 0 224.1755031 356.5240705 0 0 0 0 0 0 0 0 335.0303037 398.4615203 0 0 0 0 0 0 321.6790367 0 0 0 0 0 0 445.9438112 0 0 0 0 0 472.3510017 585.2510491 0 0 0 0 0 0 0 0 0 0 0 0 0 0 0 0 0 0 
0 0 0 282.4101217 0 0 0 0 0 0 362.2765202 193.3562224 0 0 0 0 76.43180481 0 0 0 0 530.6640624 0 0 0 0 430.8846606 200.3747872 223.6882345 366.2130208 362.3704504 0 386.050545 0 0 0 0 0 373.9676747 0 325.8045898 0 0 0 0 451.6275514 223.9906885 0 0 0 0 0 406.4593287 0 0 0 0 0 0 0 0 0 398.4851788 0 0 276.7720677 0 0 0 0 62.98483521 0 0 0 0 0 0 0 0 0 0 0 0 0 295.5591006 0 0 0 0 0 
290.0263579 349.6905042 0 371.8058316 0 215.5937898 0 0 0 0 0 0 0 0 369.7338542 0 372.2110906 368.3443666 0 0 366.0865345 0 0 0 531.2332422 391.2286971 0 306.7420843 0 396.0697036 0 245.1217627 0 0 0 246.4184909 0 347.8543885 0 0 0 0 402.1947772 0 0 0 0 0 215.6238019 0 0 0 0 362.5443253 0 441.0134116 290.7448783 0 0 0 0 0 0 38.45475352 0 0 0 0 0 0 0 0 0 0 447.461659 0 0 0 0 0 0 0 0 0 0 0 475.6153899 0 0 124.9844781 
0 0 0 0 0 0 0 368.4755495 0 281.3625695 0 342.4887659 299.6439864 0 371.8833587 352.723664 0 348.408893 0 0 0 0 457.5676793 0 0 0 0 406.776445 223.1591867 0 390.731374 0 0 0 0 0 367.3078524 0 0 295.5841881 0 0 0 124.1664435 0 444.5840818 0 0 363.6656198 0 276.8544131 0 0 0 0 0 354.9539255 0 269.7006594 0 0 0 0 0 0 0 0 0 0 0 0 0 0 0 0 0 0 0 0 405.7414293 0 183.0156625 0 0 0 155.2862484 0 428.4428078 0 0 
0 0 332.9749263 241.0131937 0 0 0 0 0 0 328.8632453 0 331.8778534 369.4559872 326.5531273 0 0 0 0 0 0 0 0 0 0 286.5224435 0 0 0 0 0 387.9203214 493.4544036 0 235.1461207 0 246.7285209 288.0194586 0 0 0 0 0 343.6443639 0 0 0 0 0 0 0 379.6878014 0 0 0 0 0 0 0 425.9116717 0 0 0 0 0 0 0 291.1500645 0 0 201.7404376 0 0 0 0 0 384.009768 471.4390712 0 0 0 0 0 0 0 0 0 0 0 0 
0 0 0 0 0 383.3576123 283.6909958 0 0 0 391.2998232 306.8852187 0 0 0 0 289.5289686 202.1254804 0 0 0 0 0 0 0 0 0 0 0 0 0 0 0 215.6137513 0 0 0 0 0 392.6169038 0 376.4826123 409.5727897 0 0 0 220.925047 620.0429165 0 0 0 377.8207556 0 417.4447413 0 0 0 0 0 0 0 0 0 474.0873324 0 0 0 0 0 0 0 0 0 0 303.4158578 623.4135662 0 0 0 459.7641104 0 0 0 0 604.7161217 474.9605718 124.4636722 0 0 0 
0 0 0 0 0 0 221.033775 0 0 0 403.8459813 0 0 0 0 158.4902726 0 342.8755133 255.82385 0 0 0 465.8492547 0 0 0 0 0 0 344.3611342 430.5689954 0 0 443.4975035 0 0 0 0 0 0 0 0 0 0 0 260.6207224 0 0 0 0 0 0 0 0 0 0 0 0 0 0 0 0 0 0 0 0 0 0 0 511.5994156 0 0 0 0 0 0 319.4814701 0 0 0 0 0 0 0 361.3405415 0 0 0 0 0 
0 363.7572459 0 0 0 0 249.9112539 0 0 0 0 0 0 0 353.5907434 0 0 0 0 0 0 0 0 326.6379755 0 0 0 0 210.6402906 342.5176984 0 0 0 0 0 0 277.3235255 0 0 372.7417729 0 436.0622813 0 0 0 0 0 0 0 0 0 0 0 0 0 0 0 0 449.3297572 451.2906879 0 380.9678539 0 0 145.895882 0 0 0 0 0 0 0 0 462.9529181 0 0 0 179.265837 0 0 0 0 0 0 0 0 0 0 470.7240355 0 
0 0 0 0 0 0 0 296.2191177 412.6243483 0 0 357.0038296 0 303.4184116 418.88622 0 0 0 0 0 353.8437848 0 0 0 0 402.4975706 0 0 0 0 0 0 0 0 0 0 0 405.3896795 0 0 0 0 0 241.6913169 169.4165624 0 0 0 0 0 0 0 0 0 0 0 0 0 0 0 0 0 0 0 0 0 0 0 208.1113042 608.152019 0 358.050239 0 0 0 0 0 0 0 0 0 0 0 0 0 0 0 0 0 0 
0 0 0 325.6875069 321.8286429 0 0 0 0 0 0 0 0 0 0 0 0 382.8035973 213.5405276 0 0 0 0 0 0 0 0 0 0 298.5285614 349.3567307 0 0 309.94178 0 299.1102005 0 0 0 0 76.72420226 0 0 0 0 0 0 0 0 0 0 0 0 236.5243012 0 0 0 0 0 0 0 0 0 0 0 0 0 0 0 0 0 0 0 0 0 0 0 0 0 0 0 0 0 93.26645724 0 0 0 0 0 0 
0 270.4264983 0 0 0 0 0 0 0 0 0 0 0 0 211.3945182 0 0 0 0 0 0 0 0 422.0372367 0 405.4161109 0 0 432.7966313 455.5048796 235.1562497 0 0 0 0 0 0 0 0 0 0 0 0 0 315.0607404 0 0 0 0 0 0 0 0 0 400.4431931 0 0 0 0 0 0 0 0 0 0 0 0 0 0 0 306.5227535 0 0 0 0 0 0 0 0 0 0 0 0 0 0 0 0 0 0 0 
378.9513081 0 0 0 0 0 0 0 0 0 0 0 0 0 0 110.8325273 0 0 0 0 0 0 0 0 0 0 0 0 0 0 159.2596393 0 0 0 0 0 0 0 0 0 192.1793579 0 0 0 0 0 0 0 0 0 0 0 0 0 0 0 0 0 0 0 0 367.4907787 0 0 0 0 0 0 0 296.9732265 0 467.7899426 0 0 0 0 0 0 0 0 0 0 0 0 0 0 0 0 0 0 
0 0 0 0 0 0 0 0 0 0 0 0 0 0 0 0 0 281.7349268 0 0 0 0 0 0 0 0 0 0 95.13412198 0 0 0 193.1402257 0 0 0 0 0 0 0 0 0 0 0 0 0 0 0 364.0887362 0 0 0 0 0 0 0 0 0 0 0 416.9366493 0 0 0 0 0 0 0 0 0 0 0 0 0 0 0 0 0 0 0 0 0 0 0 0 0 441.8001329 0 0 0 
0 0 0 0 0 0 0 0 0 0 0 0 0 0 0 0 0 0 0 0 0 0 396.7835206 0 0 0 0 0 0 0 0 0 0 0 467.0181036 0 0 0 0 0 0 0 0 0 0 0 0 0 0 0 0 0 0 0 0 0 0 0 0 0 0 0 0 0 0 0 0 0 0 0 0 444.3643945 0 0 0 0 0 0 0 0 0 0 0 0 0 0 0 0 0 0 
0 0 0 0 0 0 0 0 0 0 0 0 0 0 0 0 0 0 0 0 0 0 0 0 0 0 0 0 0 0 0 0 0 0 0 0 0 0 0 0 0 0 0 0 0 0 0 0 0 0 0 0 0 0 0 0 0 0 0 0 0 0 0 0 0 0 0 0 0 0 0 0 0 0 0 0 0 0 0 0 0 0 0 0 0 0 0 0 0 0 
0 0 0 0 0 0 0 0 0 0 0 0 0 0 0 0 0 0 0 0 0 0 0 0 0 0 0 0 0 0 0 0 0 0 0 0 0 0 0 0 0 0 0 0 0 0 0 0 0 0 0 0 0 0 0 0 0 0 0 0 0 0 0 0 0 0 0 0 0 0 0 0 0 0 0 0 0 0 0 0 0 0 0 0 0 0 0 0 0 0 
0 0 0 0 0 0 0 0 0 0 0 0 0 0 0 0 0 0 0 0 0 0 0 0 0 0 0 0 0 0 0 0 0 0 0 0 0 0 0 0 0 0 0 0 0 0 0 0 0 0 0 0 0 428.6199895 0 0 0 0 0 0 0 0 0 0 0 0 0 0 0 0 0 0 0 0 0 0 0 0 0 0 0 0 0 0 0 0 0 0 0 0 
0 0 0 0 0 0 0 0 0 0 0 0 0 0 0 0 0 0 0 0 0 0 0 0 0 0 0 0 0 0 0 0 0 0 0 0 0 0 0 0 0 0 0 0 0 0 0 0 0 0 0 0 0 0 0 0 0 0 0 0 0 0 0 0 0 0 0 0 0 0 0 0 0 0 0 0 0 0 0 0 472.4933798 0 0 0 0 0 0 0 0 0 
0 0 0 0 0 0 0 0 0 0 0 0 0 0 0 0 0 0 0 0 0 0 0 0 0 0 0 0 0 0 0 0 0 0 0 0 0 0 0 0 0 0 0 0 0 0 0 0 0 0 0 0 0 0 0 0 0 0 0 0 0 0 0 0 0 0 0 0 0 0 0 0 0 0 0 0 0 0 0 0 0 0 0 0 0 0 0 0 0 0 
0 0 0 0 0 0 0 0 0 0 0 0 0 0 0 0 0 329.0169692 0 0 0 0 0 0 0 0 0 0 0 0 0 0 0 0 0 0 0 0 0 0 0 0 0 0 0 0 0 0 0 0 0 0 0 0 0 0 0 0 0 0 0 0 0 0 0 0 0 0 0 0 0 0 0 0 0 0 0 0 0 0 0 0 0 0 0 0 0 0 0 0 
0 0 0 0 0 0 0 0 0 0 0 0 0 0 0 0 0 0 0 0 0 0 0 0 0 0 0 0 0 0 0 0 0 0 0 0 0 0 0 0 0 0 0 0 0 0 0 0 0 0 0 0 0 0 0 0 0 0 0 0 0 0 0 0 0 0 0 0 0 0 0 0 0 0 0 0 0 0 0 0 0 0 0 0 0 0 0 0 0 0 
0 331.8367311 0 0 0 0 0 0 0 0 0 0 0 0 0 0 0 0 0 0 0 0 0 0 0 0 0 0 0 0 0 0 0 0 0 0 0 0 0 0 0 0 0 0 0 0 0 0 0 0 0 0 0 0 0 0 0 0 0 0 0 0 0 0 0 0 0 0 0 0 0 0 0 0 0 0 0 0 0 0 0 0 0 0 0 0 0 0 0 0 
0 0 0 0 0 0 0 0 0 0 0 0 0 0 0 0 0 0 0 0 0 0 0 0 0 0 0 0 0 0 0 0 0 0 0 0 0 0 0 0 0 0 0 0 0 0 0 0 0 0 0 0 0 0 0 0 0 0 0 0 0 0 0 0 0 0 0 0 0 0 0 0 0 0 0 0 0 0 0 0 0 0 0 0 0 0 0 0 0 0 
0 0 0 0 0 0 0 0 0 0 0 0 0 0 0 0 0 0 0 0 0 0 0 0 0 0 0 0 0 0 0 0 0 0 0 0 0 0 0 0 0 0 0 0 0 0 0 0 0 0 0 0 0 0 0 0 0 0 0 0 0 0 0 0 0 0 0 0 0 0 0 0 0 0 0 0 0 0 0 0 0 0 0 0 0 0 0 0 0 0 
0 0 0 0 0 0 0 0 0 0 0 0 0 0 0 0 0 0 0 0 0 0 0 0 0 0 0 0 0 0 0 0 0 0 0 0 0 0 0 0 0 0 0 0 0 0 0 0 0 0 0 0 0 0 0 0 0 0 0 0 0 0 0 0 0 0 0 0 0 0 0 0 0 0 0 0 0 0 0 0 0 0 0 0 0 0 0 0 0 0 
0 0 0 0 0 0 0 0 0 0 0 0 0 0 0 0 0 0 0 0 0 0 0 0 0 0 0 0 0 0 0 0 0 0 0 0 0 0 0 0 0 0 0 0 0 0 0 0 0 0 0 0 0 0 0 0 0 0 0 0 0 0 0 0 0 0 0 0 0 0 0 0 0 0 0 0 0 0 0 0 0 0 0 0 0 0 0 0 0 0 
0 0 0 0 0 0 0 0 0 0 0 0 0 0 0 0 0 0 0 0 0 0 0 0 0 0 0 0 0 0 0 0 0 0 0 0 0 0 0 0 0 0 0 0 0 0 0 0 0 0 0 0 0 0 0 0 0 0 0 0 0 0 0 0 0 0 0 0 0 0 0 0 0 0 0 0 0 0 0 0 0 0 0 0 0 0 0 0 0 0 
0 0 0 0 0 0 0 0 0 0 0 0 0 0 0 0 0 0 0 0 0 0 0 0 0 0 0 0 0 0 0 0 0 0 0 0 0 0 0 0 0 0 0 0 0 0 0 0 0 0 0 0 0 0 0 0 0 0 0 0 0 0 0 0 0 0 0 0 0 0 0 0 0 0 0 0 0 0 0 0 0 0 0 0 0 0 0 0 0 0 
0 0 0 0 0 0 0 0 0 0 0 0 0 0 0 0 0 0 0 0 0 0 0 0 0 0 0 0 0 0 0 0 0 0 0 0 0 0 0 0 0 0 0 0 0 0 0 0 0 0 0 0 0 0 0 0 0 0 0 0 0 0 0 0 0 0 0 0 0 0 0 0 0 0 0 0 0 0 0 0 0 0 0 0 0 0 0 0 0 0 
0 0 0 0 0 0 0 0 0 0 0 0 0 0 0 0 0 0 0 0 0 0 0 0 0 0 0 0 0 0 0 0 0 0 0 0 0 0 0 0 0 0 0 0 0 0 0 0 0 0 0 0 0 0 0 0 0 0 0 0 0 0 0 0 0 0 0 0 0 0 0 0 0 0 0 0 0 0 0 0 0 0 0 0 0 0 0 0 0 0 
0 0 0 0 0 0 0 0 0 0 0 0 0 0 0 0 0 0 0 0 0 0 0 0 0 0 0 0 0 0 0 0 0 0 0 0 0 0 0 0 0 0 0 0 0 0 0 0 0 0 0 0 0 0 0 0 0 0 0 0 0 0 0 0 0 0 0 0 0 0 0 0 0 0 0 0 0 0 0 0 0 0 0 0 0 0 0 0 0 0 
0 0 0 0 0 0 0 0 0 0 0 0 0 0 0 0 0 0 0 0 0 0 0 0 0 0 0 0 0 0 0 0 0 0 0 0 0 0 0 0 0 0 0 0 0 0 0 0 0 0 0 0 0 0 0 0 0 0 0 0 0 0 0 0 0 0 0 0 0 0 0 0 0 0 0 0 0 0 0 0 0 0 0 0 0 0 0 0 0 0 
0 0 0 0 0 0 0 0 0 0 0 0 0 0 0 0 0 0 0 0 0 0 0 0 0 0 0 0 0 0 0 0 0 0 0 0 0 0 0 0 0 0 0 0 0 0 0 0 0 0 0 0 0 0 0 0 0 0 0 0 0 0 0 0 0 0 0 0 0 0 0 0 0 0 0 0 0 0 0 0 0 0 0 0 0 0 0 0 0 0 
0 0 0 0 0 0 0 0 0 0 0 0 0 0 0 0 0 0 0 0 0 0 0 0 0 0 0 0 0 0 0 0 0 0 0 0 0 0 0 0 0 0 0 0 0 0 0 0 0 0 0 0 0 0 0 0 0 0 0 0 0 0 0 0 0 0 0 0 0 0 0 0 0 0 0 0 0 0 0 0 0 0 0 0 0 0 0 0 0 0 
0 0 0 0 0 0 0 0 0 0 0 0 0 0 0 0 0 0 0 0 0 0 0 0 0 0 0 0 0 0 0 0 0 0 0 0 0 0 0 0 0 0 0 0 0 0 0 0 0 0 0 0 0 0 0 0 0 0 0 0 0 0 0 0 0 0 0 0 0 0 0 0 0 0 0 0 0 0 0 0 0 0 0 0 0 0 0 0 0 0 
0 0 0 0 0 0 0 0 0 0 0 0 0 0 0 0 0 0 0 0 0 0 0 0 0 0 0 0 0 0 0 0 0 0 0 0 0 0 0 0 0 0 0 0 0 0 0 0 0 0 0 0 0 0 0 0 0 0 0 0 0 0 0 0 0 0 0 0 0 0 0 0 0 0 0 0 0 0 0 0 0 0 0 0 0 0 0 0 0 0 
0 0 0 0 0 0 0 0 0 0 0 0 0 0 0 0 0 0 0 0 0 0 0 0 0 0 0 0 0 0 0 0 0 0 0 0 0 0 0 0 0 0 0 0 0 0 0 0 0 0 0 0 0 0 0 0 0 0 0 0 0 0 0 0 0 0 0 0 0 0 0 0 0 0 0 0 0 0 0 0 0 0 0 0 0 0 0 0 0 0 
0 0 0 0 0 0 0 0 0 0 0 0 0 0 0 0 0 0 0 0 0 0 0 0 0 0 0 0 0 0 0 0 0 0 0 0 0 0 0 0 0 0 0 0 0 0 0 0 0 0 0 0 0 0 0 0 0 0 0 0 0 0 0 0 0 0 0 0 0 0 0 0 0 0 0 0 0 0 0 0 0 0 0 0 0 0 0 0 0 0 
0 0 0 0 0 0 0 0 0 0 0 0 0 0 0 0 0 0 0 0 0 0 0 0 0 0 0 0 0 0 0 0 0 0 0 0 0 0 0 0 0 0 0 0 0 0 0 0 0 0 0 0 0 0 0 0 0 0 0 0 0 0 0 0 0 0 0 0 0 0 0 0 0 0 0 0 0 0 0 0 0 0 0 0 0 0 0 0 0 0 
0 0 0 0 0 0 0 0 0 0 0 0 0 0 0 0 0 0 0 0 0 0 0 0 0 0 0 0 0 0 0 0 0 0 0 0 0 0 0 0 0 0 0 0 0 0 0 0 0 0 0 0 0 0 0 0 0 0 0 0 0 0 0 0 0 0 0 0 0 0 0 0 0 0 0 0 0 0 0 0 0 0 0 0 0 0 0 0 0 0 
0 0 0 0 0 0 0 0 0 0 0 0 0 0 0 0 0 0 0 0 0 0 0 0 0 0 0 0 0 0 0 0 0 0 0 0 0 0 0 0 0 0 0 0 0 0 0 0 0 0 0 0 0 0 0 0 0 0 0 0 0 0 0 0 0 0 0 0 0 0 0 0 0 0 0 0 0 0 0 0 0 0 0 0 0 0 0 0 0 0 
0 0 0 0 0 0 0 0 0 0 0 0 0 0 0 0 0 0 0 0 0 0 0 0 0 0 0 0 0 0 0 0 0 0 0 0 0 0 0 0 0 0 0 0 0 0 0 0 0 0 0 0 0 0 0 0 0 0 0 0 0 0 0 0 0 0 0 0 0 0 0 0 0 0 0 0 0 0 0 0 0 0 0 0 0 0 0 0 0 0 
0 0 0 0 0 0 0 0 0 0 0 0 0 0 0 0 0 0 0 0 0 0 0 0 0 0 0 0 0 0 0 0 0 0 0 0 0 0 0 0 0 0 0 0 0 0 0 0 0 0 0 0 0 0 0 0 0 0 0 0 0 0 0 0 0 0 0 0 0 0 0 0 0 0 0 0 0 0 0 0 0 0 0 0 0 0 0 0 0 0 
0 0 0 0 0 0 0 0 0 0 0 0 0 0 0 0 0 0 0 0 0 0 0 0 0 0 0 0 0 0 0 0 0 0 0 0 0 0 0 0 0 0 0 0 0 0 0 0 0 0 0 0 0 0 0 0 0 0 0 0 0 0 0 0 0 0 0 0 0 0 0 0 0 0 0 0 0 0 0 0 0 0 0 0 0 0 0 0 0 0 
0 0 0 0 0 0 0 0 0 0 0 0 0 0 0 0 0 0 0 0 0 0 0 0 0 0 0 0 0 0 0 0 0 0 0 0 0 0 0 0 0 0 0 0 0 0 0 0 0 0 0 0 0 0 0 0 0 0 0 0 0 0 0 0 0 0 0 0 0 0 0 0 0 0 0 0 0 0 0 0 0 0 0 0 0 0 0 0 0 0 
0 0 0 0 0 0 0 0 0 0 0 0 0 0 0 0 0 0 0 0 0 0 0 0 0 0 0 0 0 0 0 0 0 0 0 0 0 0 0 0 0 0 0 0 0 0 0 0 0 0 0 0 0 0 0 0 0 0 0 0 0 0 0 0 0 0 0 0 0 0 0 0 0 0 0 0 0 0 0 0 0 0 0 0 0 0 0 0 0 0 
0 0 0 0 0 0 0 0 0 0 0 0 0 0 0 0 0 0 0 0 0 0 0 0 0 0 0 0 0 0 0 0 0 0 0 0 0 0 0 0 0 0 0 0 0 0 0 0 0 0 0 0 0 0 0 0 0 0 0 0 0 0 0 0 0 0 0 0 0 0 0 0 0 0 0 0 0 0 0 0 0 0 0 0 0 0 0 0 0 0 
0 0 0 0 0 0 0 0 0 0 0 0 0 0 0 0 0 0 0 0 0 0 0 0 0 0 0 0 0 0 0 0 0 0 0 0 0 0 0 0 0 0 0 0 0 0 0 0 0 0 0 0 0 0 0 0 0 0 0 0 0 0 0 0 0 0 0 0 0 0 0 0 0 0 0 0 0 0 0 0 0 0 0 0 0 0 0 0 0 0 
0 0 0 0 0 0 0 0 0 0 0 0 0 0 0 0 0 0 0 0 0 0 0 0 0 0 0 0 0 0 0 0 0 0 0 0 0 0 0 0 0 0 0 0 0 0 0 0 0 0 0 0 0 0 0 0 0 0 0 0 0 0 0 0 0 0 0 0 0 0 0 0 0 0 0 0 0 0 0 0 0 0 0 0 0 0 0 0 0 0 
0 0 0 0 0 0 0 0 0 0 0 0 0 0 0 0 0 0 0 0 0 0 0 0 0 0 0 0 0 0 0 0 0 0 0 0 0 0 0 0 0 0 0 0 0 0 0 0 0 0 0 0 0 0 0 0 0 0 0 0 0 0 0 0 0 0 0 0 0 0 0 0 0 0 0 0 0 0 0 0 0 0 0 0 0 0 0 0 0 0 
0 0 0 0 0 0 0 0 0 0 0 0 0 0 0 0 0 0 0 0 0 0 0 0 0 0 0 0 0 0 0 0 0 0 0 0 0 0 0 0 0 0 0 0 0 0 0 0 0 0 0 0 0 0 0 0 0 0 0 0 0 0 0 0 0 0 0 0 0 0 0 0 0 0 0 0 0 0 0 0 0 0 0 0 0 0 0 0 0 0 
0 0 0 0 0 0 0 0 0 0 0 0 0 0 0 0 0 0 0 0 0 0 0 0 0 0 0 0 0 0 0 0 0 0 0 0 0 0 0 0 0 0 0 0 0 0 0 0 0 0 0 0 0 0 0 0 0 0 0 0 0 0 0 0 0 0 0 0 0 0 0 0 0 0 0 0 0 0 0 0 0 0 0 0 0 0 0 0 0 0 
0 0 0 0 0 0 0 0 0 0 0 0 0 0 0 0 0 0 0 0 0 0 0 0 0 0 0 0 0 0 0 0 0 0 0 0 0 0 0 0 0 0 0 0 0 0 0 0 0 0 0 0 0 0 0 0 0 0 0 0 0 0 0 0 0 0 0 0 0 0 0 0 0 0 0 0 0 0 0 0 0 0 0 0 0 0 0 0 0 0 
0 0 0 0 0 0 0 0 0 0 0 0 0 0 0 0 0 0 0 0 0 0 0 0 0 0 0 0 0 0 0 0 0 0 0 0 0 0 0 0 0 0 0 0 0 0 0 0 0 0 0 0 0 0 0 0 0 0 0 0 0 0 0 0 0 0 0 0 0 0 0 0 0 0 0 0 0 0 0 0 0 0 0 0 0 0 0 0 0 0 
0 0 0 0 0 0 0 0 0 0 0 0 0 0 0 0 0 0 0 0 0 0 0 0 0 0 0 0 0 0 0 0 0 0 0 0 0 0 0 0 0 0 0 0 0 0 0 0 0 0 0 0 0 0 0 0 0 0 0 0 0 0 0 0 0 0 0 0 0 0 0 0 0 0 0 0 0 0 0 0 0 0 0 0 0 0 0 0 0 0 
0 0 0 0 0 0 0 0 0 0 0 0 0 0 0 0 0 0 0 0 0 0 0 0 0 0 0 0 0 0 0 0 0 0 0 0 0 0 0 0 0 0 0 0 0 0 0 0 0 0 0 0 0 0 0 0 0 0 0 0 0 0 0 0 0 0 0 0 0 0 0 0 0 0 0 0 0 0 0 0 0 0 0 0 0 0 0 0 0 0 
0 0 0 0 0 0 0 0 0 0 0 0 0 0 0 0 0 0 0 0 0 0 0 0 0 0 0 0 0 0 0 0 0 0 0 0 0 0 0 0 0 0 0 0 0 0 0 0 0 0 0 0 0 0 0 0 0 0 0 0 0 0 0 0 0 0 0 0 0 0 0 0 0 0 0 0 0 0 0 0 0 0 0 0 0 0 0 0 0 0 
0 0 0 0 0 0 0 0 0 0 0 0 0 0 0 0 0 0 0 0 0 0 0 0 0 0 0 0 0 0 0 0 0 0 0 0 0 0 0 0 0 0 0 0 0 0 0 0 0 0 0 0 0 0 0 0 0 0 0 0 0 0 0 0 0 0 0 0 0 0 0 0 0 0 0 0 0 0 0 0 0 0 0 0 0 0 0 0 0 0 
0 0 0 0 0 0 0 0 0 0 0 0 0 0 0 0 0 0 0 0 0 0 0 0 0 0 0 0 0 0 0 0 0 0 0 0 0 0 0 0 0 0 0 0 0 0 0 0 0 0 0 0 0 0 0 0 0 0 0 0 0 0 0 0 0 0 0 0 0 0 0 0 0 0 0 0 0 0 0 0 0 0 0 0 0 0 0 0 0 0 
0 0 0 0 0 0 0 0 0 0 0 0 0 0 0 0 0 0 0 0 0 0 0 0 0 0 0 0 0 0 0 0 0 0 0 0 0 0 0 0 0 0 0 0 0 0 0 0 0 0 0 0 0 0 0 0 0 0 0 0 0 0 0 0 0 0 0 0 0 0 0 0 0 0 0 0 0 0 0 0 0 0 0 0 0 0 0 0 0 0 
0 0 0 0 0 0 0 0 0 0 0 0 0 0 0 0 0 0 0 0 0 0 0 0 0 0 0 0 0 0 0 0 0 0 0 0 0 0 0 0 0 0 0 0 0 0 0 0 0 0 0 0 0 0 0 0 0 0 0 0 0 0 0 0 0 0 0 0 0 0 0 0 0 0 0 0 0 0 0 0 0 0 0 0 0 0 0 0 0 0 
0 0 0 0 0 0 0 0 0 0 0 0 0 0 0 0 0 0 0 0 0 0 0 0 0 0 0 0 0 0 0 0 0 0 0 0 0 0 0 0 0 0 0 0 0 0 0 0 0 0 0 0 0 0 0 0 0 0 0 0 0 0 0 0 0 0 0 0 0 0 0 0 0 0 0 0 0 0 0 0 0 0 0 0 0 0 0 0 0 0 
0 0 0 0 0 0 0 0 0 0 0 0 0 0 0 0 0 0 0 0 0 0 0 0 0 0 0 0 0 0 0 0 0 0 0 0 0 0 0 0 0 0 0 0 0 0 0 0 0 0 0 0 0 0 0 0 0 0 0 0 0 0 0 0 0 0 0 0 0 0 0 0 0 0 0 0 0 0 0 0 0 0 0 0 0 0 0 0 0 0 
0 0 0 0 0 0 0 0 0 0 0 0 0 0 0 0 0 0 0 0 0 0 0 0 0 0 0 0 0 0 0 0 0 0 0 0 0 0 0 0 0 0 0 0 0 0 0 0 0 0 0 0 0 0 0 0 0 0 0 0 0 0 0 0 0 0 0 0 0 0 0 0 0 0 0 0 0 0 0 0 0 0 0 0 0 0 0 0 0 0 
0 0 0 0 0 0 0 0 0 0 0 0 0 0 0 0 0 0 0 0 0 0 0 0 0 0 0 0 0 0 0 0 0 0 0 0 0 0 0 0 0 0 0 0 0 0 0 0 0 0 0 0 0 0 0 0 0 0 0 0 0 0 0 0 0 0 0 0 0 0 0 0 0 0 0 0 0 0 0 0 0 0 0 0 0 0 0 0 0 0 
0 0 0 0 0 0 0 0 0 0 0 0 0 0 0 0 0 0 0 0 0 0 0 0 0 0 0 0 0 0 0 0 0 0 0 0 0 0 0 0 0 0 0 0 0 0 0 0 0 0 0 0 0 0 0 0 0 0 0 0 0 0 0 0 0 0 0 0 0 0 0 0 0 0 0 0 0 0 0 0 0 0 0 0 0 0 0 0 0 0 
0 0 0 0 0 0 0 0 0 0 0 0 0 0 0 0 0 0 0 0 0 0 0 0 0 0 0 0 0 0 0 0 0 0 0 0 0 0 0 0 0 0 0 0 0 0 0 0 0 0 0 0 0 0 0 0 0 0 0 0 0 0 0 0 0 0 0 0 0 0 0 0 0 0 0 0 0 0 0 0 0 0 0 0 0 0 0 0 0 0 
0 0 0 0 0 0 0 0 0 0 0 0 0 0 0 0 0 0 0 0 0 0 0 0 0 0 0 0 0 0 0 0 0 0 0 0 0 0 0 0 0 0 0 0 0 0 0 0 0 0 0 0 0 0 0 0 0 0 0 0 0 0 0 0 0 0 0 0 0 0 0 0 0 0 0 0 0 0 0 0 0 0 0 0 0 0 0 0 0 0 
0 0 0 0 0 0 0 0 0 0 0 0 0 0 0 0 0 0 0 0 0 0 0 0 0 0 0 0 0 0 0 0 0 0 0 0 0 0 0 0 0 0 0 0 0 0 0 0 0 0 0 0 0 0 0 0 0 0 0 0 0 0 0 0 0 0 0 0 0 0 0 0 0 0 0 0 0 0 0 0 0 0 0 0 0 0 0 0 0 0 
0 0 0 0 0 0 0 0 0 0 0 0 0 0 0 0 0 0 0 0 0 0 0 0 0 0 0 0 0 0 0 0 0 0 0 0 0 0 0 0 0 0 0 0 0 0 0 0 0 0 0 0 0 0 0 0 0 0 0 0 0 0 0 0 0 0 0 0 0 0 0 0 0 0 0 0 0 0 0 0 0 0 0 0 0 0 0 0 0 0 
0 0 0 0 0 0 0 0 0 0 0 0 0 0 0 0 0 0 0 0 0 0 0 0 0 0 0 0 0 0 0 0 0 0 0 0 0 0 0 0 0 0 0 0 0 0 0 0 0 0 0 0 0 0 0 0 0 0 0 0 0 0 0 0 0 0 0 0 0 0 0 0 0 0 0 0 0 0 0 0 0 0 0 0 0 0 0 0 0 0 
# Events [psd_monitor5/analyser5_psd.dat] N:
0 0 0 0 0 1 0 0 2 1 0 0 0 1 0 0 0 0 0 0 2 0 0 0 0 1 0 1 0 0 0 0 1 2 0 2 0 0 0 0 0 0 0 1 0 1 1 1 2 1 1 0 1 1 1 0 0 0 0 0 1 0 1 0 2 2 0 1 0 0 2 0 0 2 0 1 1 1 0 0 0 0 0 1 0 0 0 0 0 1 
0 0 0 0 1 1 0 2 0 1 1 0 0 0 0 0 0 1 0 0 0 1 0 0 0 0 0 1 1 1 0 0 0 0 2 1 1 1 0 1 0 0 1 0 1 2 0 0 1 0 1 0 0 0 0 0 1 1 2 0 3 0 0 0 0 0 0 1 1 0 0 0 0 0 0 0 0 1 0 0 2 1 1 0 1 0 0 0 2 1 
1 0 1 0 1 0 0 0 0 1 0 0 0 0 0 0 0 0 0 1 0 0 1 2 0 1 0 1 0 1 0 0 0 1 0 1 0 0 0 0 0 2 1 1 1 0 0 1 1 1 0 0 0 0 0 1 0 0 0 0 2 0 0 0 2 0 0 0 0 0 0 1 0 1 1 1 1 0 1 1 0 0 1 0 0 1 2 0 1 0 
1 0 0 0 0 1 0 0 0 1 0 0 2 2 0 1 0 1 0 0 2 1 0 0 1 0 0 0 1 1 0 0 0 0 0 0 0 0 2 1 0 1 0 1 1 2 0 0 0 0 0 0 0 0 1 1 2 0 0 1 0 2 0 1 0 0 0 0 1 1 1 0 0 0 0 1 0 0 2 1 0 1 0 0 0 0 1 0 0 1 
0 0 0 0 2 1 0 1 0 0 0 0 0 0 1 0 3 0 0 0 0 0 1 0 0 0 0 1 0 0 1 0 2 0 0 0 0 1 1 0 1 1 0 1 0 0 1 0 1 0 2 1 0 0 1 1 0 0 0 0 0 0 0 1 0 0 0 0 0 0 1 1 1 1 1 0 1 1 0 1 0 0 2 1 1 0 1 2 0 2 
0 0 0 1 0 0 0 0 0 0 0 2 2 0 0 1 0 0 0 2 1 2 2 1 0 0 0 0 0 1 0 0 1 2 0 1 0 0 0 1 0 0 1 1 0 1 2 0 1 0 1 0 0 1 1 0 0 0 0 2 0 0 0 0 0 0 0 1 0 0 0 0 2 0 0 0 0 1 1 0 0 1 0 0 0 0 0 0 0 1 
0 1 0 0 0 0 1 0 1 0 0 1 0 0 0 1 0 1 0 1 1 0 0 0 0 0 1 2 0 0 1 1 0 0 0 0 1 1 0 0 0 1 0 0 0 0 0 0 0 1 0 0 0 0 0 0 1 0 1 0 0 1 0 0 1 0 0 2 0 1 0 0 0 0 0 0 0 0 0 1 0 2 0 0 0 1 0 1 0 0 
0 0 0 0 0 1 0 0 0 0 2 0 0 0 1 1 0 0 1 0 1 0 0 2 0 0 0 1 2 0 0 0 2 1 0 0 0 0 0 0 1 0 0 0 1 0 0 2 1 2 0 0 0 0 2 1 0 0 0 0 1 1 0 1 0 0 0 1 0 0 0 0 1 0 1 0 0 0 0 1 0 0 1 0 0 0 0 0 0 0 
1 1 0 0 1 0 0 0 0 1 0 1 0 1 1 0 1 0 1 1 2 0 2 0 0 1 0 1 2 0 0 1 0 1 0 0 1 1 0 2 0 1 0 0 0 0 1 1 0 0 0 0 2 1 1 0 0 0 0 0 0 1 0 2 0 1 0 0 0 0 0 0 0 1 0 1 1 1 1 1 1 1 0 0 0 0 0 2 0 0 
0 0 1 0 2 1 0 2 1 0 0 0 1 1 0 0 0 0 0 0 1 0 0 0 1 0 2 1 1 0 0 2 0 0 1 2 0 0 0 2 0 1 0 0 0 0 1 0 0 1 1 0 1 1 0 1 0 0 1 2 0 1 1 0 1 0 1 0 1 0 0 0 0 1 0 0 0 0 0 1 0 1 2 0 0 0 0 2 1 0 
0 1 0 0 0 1 1 2 0 0 0 0 0 0 0 1 0 0 1 0 0 0 0 0 0 0 1 1 1 1 0 0 0 0 0 0 1 1 1 1 0 0 0 1 1 2 0 0 1 1 0 1 0 0 0 1 1 0 0 1 0 0 1 2 1 1 1 0 0 0 0 1 0 2 0 1 0 2 0 0 0 0 0 1 0 0 0 1 0 0 
1 0 0 1 0 0 0 0 0 0 2 0 0 0 0 0 1 0 0 0 0 2 0 1 0 0 1 0 1 0 0 0 0 0 0 0 1 0 0 1 0 2 0 0 1 0 0 0 1 0 0 0 1 0 1 0 1 1 0 0 0 0 0 0 0 1 1 0 0 0 2 0 0 1 0 0 0 0 0 0 0 1 0 1 0 1 0 1 1 0 
1 1 0 0 1 0 1 0 1 1 0 1 0 2 0 1 0 0 1 1 0 0 0 0 0 0 1 1 0 0 1 0 0 0 2 2 0 1 0 1 0 0 2 0 0 1 0 2 1 0 1 0 0 1 0 1 0 0 0 1 1 0 0 1 1 0 0 0 1 0 2 0 2 1 0 0 1 0 1 1 0 0 1 0 0 0 0 1 0 0 
0 0 0 1 0 0 0 0 3 0 0 0 0 0 1 0 0 0 2 1 0 0 0 1 1 0 1 0 0 1 0 1 0 0 0 2 0 1 0 0 1 1 0 0 1 0 0 0 1 2 0 0 0 0 1 1 0 1 1 0 0 2 2 2 0 0 0 1 0 1 1 0 0 0 0 0 1 0 0 2 1 1 0 1 0 0 0 1 1 1 
0 2 0 1 1 0 0 0 1 0 0 1 1 0 1 0 1 1 0 0 1 0 0 0 2 1 1 0 1 0 0 1 0 0 0 1 0 0 1 1 0 0 0 1 0 0 1 0 2 0 2 2 0 0 1 1 0 1 0 0 1 0 2 0 1 1 2 0 0 2 2 0 0 0 2 0 1 0 0 2 0 0 3 1 1 0 0 0 0 0 
0 0 0 0 0 0 0 0 0 0 0 0 1 1 0 0 0 0 0 2 0 0 1 1 1 0 0 0 0 1 1 0 0 1 0 3 1 1 0 0 2 0 1 0 1 0 2 1 1 0 0 0 0 1 1 1 0 1 1 0 1 0 0 0 0 1 0 0 0 0 1 0 1 0 0 2 0 0 0 0 1 0 0 0 0 1 0 0 0 0 
0 2 1 0 1 0 1 0 0 1 0 0 1 0 0 0 0 0 0 0 0 0 0 0 2 0 0 0 0 0 0 0 1 0 1 0 0 0 0 1 2 0 0 0 0 1 0 0 0 0 1 1 0 1 1 1 1 1 0 1 0 0 0 1 0 1 1 0 0 2 0 2 1 0 0 0 0 0 0 0 2 0 0 0 0 0 1 0 0 0 
0 1 0 1 0 0 0 0 0 0 0 0 0 1 0 0 0 0 0 0 1 0 0 1 1 0 2 0 0 0 0 0 1 0 0 0 0 0 0 0 0 1 0 0 0 1 1 0 0 0 0 0 1 1 0 1 0 0 0 0 1 0 0 1 1 1 0 0 0 1 1 2 0 1 0 0 0 0 0 0 0 0 0 0 1 1 1 2 0 0 
0 0 0 0 0 0 1 1 0 1 0 0 1 0 1 0 2 1 1 0 0 1 0 0 0 1 0 0 0 0 0 0 1 0 0 0 0 1 0 0 0 1 0 2 1 0 1 0 0 0 2 0 0 0 0 0 0 0 0 0 0 0 0 0 0 1 0 1 0 0 0 0 1 3 0 0 0 1 0 0 0 2 0 0 0 0 1 1 0 0 
1 1 0 0 0 0 0 0 1 1 1 0 0 0 0 0 0 0 0 0 1 1 0 1 0 0 0 0 1 0 0 0 0 1 0 0 1 0 0 1 1 0 0 0 0 0 0 0 0 1 1 0 0 0 0 0 0 1 0 0 0 0 0 0 1 0 0 0 0 0 1 2 0 0 0 0 0 0 0 0 0 0 0 0 0 0 0 0 0 0 
0 0 0 1 0 0 0 0 0 0 1 1 0 0 0 0 1 0 0 0 0 2 0 0 0 0 1 1 1 1 1 0 1 0 0 0 0 0 1 0 1 0 0 0 0 2 1 0 0 0 0 0 1 0 0 0 0 0 0 0 0 0 1 0 0 1 0 0 0 0 1 0 0 0 0 0 0 0 0 0 0 0 0 0 1 0 0 0 0 0 
1 1 0 1 0 1 0 0 0 0 0 0 0 0 1 0 1 1 0 0 2 0 0 0 2 1 0 1 0 1 0 1 0 0 0 1 0 1 0 0 0 0 1 0 0 0 0 0 1 0 0 0 0 1 0 2 1 0 0 0 0 0 0 1 0 0 0 0 0 0 0 0 0 0 1 0 0 0 0 0 0 0 0 0 0 0 1 0 0 1 
0 0 0 0 0 0 0 1 0 1 0 1 1 0 1 1 0 1 0 0 0 0 1 0 0 0 0 1 1 0 1 0 0 0 0 0 1 0 0 1 0 0 0 1 0 1 0 0 1 0 1 0 0 0 0 0 1 0 1 0 0 0 0 0 0 0 0 0 0 0 0 0 0 0 0 0 0 0 0 1 0 1 0 0 0 1 0 1 0 0 
0 0 1 2 0 0 0 0 0 0 1 0 1 1 1 0 0 0 0 0 0 0 0 0 0 1 0 0 0 0 0 1 2 0 1 0 1 1 0 0 0 0 0 1 0 0 0 0 0 0 0 1 0 0 0 0 0 0 0 1 0 0 0 0 0 0 0 1 0 0 1 0 0 0 0 0 1 1 0 0 0 0 0 0 0 0 0 0 0 0 
0 0 0 0 0 1 1 0 0 0 1 1 0 0 0 0 1 1 0 0 0 0 0 0 0 0 0 0 0 0 0 0 0 1 0 0 0 0 0 1 0 1 1 0 0 0 1 2 0 0 0 1 0 1 0 0 0 0 0 0 0 0 0 2 0 0 0 0 0 0 0 0 0 0 1 2 0 0 0 1 0 0 0 0 2 1 1 0 0 0 
0 0 0 0 0 0 1 0 0 0 1 0 0 0 0 1 0 1 2 0 0 0 1 0 0 0 0 0 0 1 1 0 0 2 0 0 0 0 0 0 0 0 0 0 0 1 0 0 0 0 0 0 0 0 0 0 0 0 0 0 0 0 0 0 0 0 0 0 0 2 0 0 0 0 0 0 1 0 0 0 0 0 0 0 1 0 0 0 0 0 
0 1 0 0 0 0 1 0 0 0 0 0 0 0 1 0 0 0 0 0 0 0 0 1 0 0 0 0 1 1 0 0 0 0 0 0 1 0 0 1 0 1 0 0 0 0 0 0 0 0 0 0 0 0 0 0 0 0 1 1 0 1 0 0 1 0 0 0 0 0 0 0 0 1 0 0 0 1 0 0 0 0 0 0 0 0 0 0 1 0 
0 0 0 0 0 0 0 1 1 0 0 1 0 1 2 0 0 0 0 0 1 0 0 0 0 1 0 0 0 0 0 0 0 0 0 0 0 1 0 0 0 0 0 1 1 0 0 0 0 0 0 0 0 0 0 0 0 0 0 0 0 0 0 0 0 0 0 0 1 2 0 1 0 0 0 0 0 0 0 0 0 0 0 0 0 0 0 0 0 0 
0 0 0 1 1 0 0 0 0 0 0 0 0 0 0 0 0 2 1 0 0 0 0 0 0 0 0 0 0 1 1 0 0 1 0 1 0 0 0 0 1 0 0 0 0 0 0 0 0 0 0 0 0 1 0 0 0 0 0 0 0 0 0 0 0 0 0 0 0 0 0 0 0 0 0 0 0 0 0 0 0 0 0 1 0 0 0 0 0 0 
0 1 0 0 0 0 0 0 0 0 0 0 0 0 1 0 0 0 0 0 0 0 0 1 0 1 0 0 1 1 1 0 0 0 0 0 0 0 0 0 0 0 0 0 1 0 0 0 0 0 0 0 0 0 1 0 0 0 0 0 0 0 0 0 0 0 0 0 0 0 1 0 0 0 0 0 0 0 0 0 0 0 0 0 0 0 0 0 0 0 
1 0 0 0 0 0 0 0 0 0 0 0 0 0 0 1 0 0 0 0 0 0 0 0 0 0 0 0 0 0 1 0 0 0 0 0 0 0 0 0 1 0 0 0 0 0 0 0 0 0 0 0 0 0 0 0 0 0 0 0 0 1 0 0 0 0 0 0 0 1 0 1 0 0 0 0 0 0 0 0 0 0 0 0 0 0 0 0 0 0 
0 0 0 0 0 0 0 0 0 0 0 0 0 0 0 0 0 1 0 0 0 0 0 0 0 0 0 0 1 0 0 0 1 0 0 0 0 0 0 0 0 0 0 0 0 0 0 0 1 0 0 0 0 0 0 0 0 0 0 0 1 0 0 0 0 0 0 0 0 0 0 0 0 0 0 0 0 0 0 0 0 0 0 0 0 0 1 0 0 0 
0 0 0 0 0 0 0 0 0 0 0 0 0 0 0 0 0 0 0 0 0 0 1 0 0 0 0 0 0 0 0 0 0 0 1 0 0 0 0 0 0 0 0 0 0 0 0 0 0 0 0 0 0 0 0 0 0 0 0 0 0 0 0 0 0 0 0 0 0 0 0 1 0 0 0 0 0 0 0 0 0 0 0 0 0 0 0 0 0 0 
0 0 0 0 0 0 0 0 0 0 0 0 0 0 0 0 0 0 0 0 0 0 0 0 0 0 0 0 0 0 0 0 0 0 0 0 0 0 0 0 0 0 0 0 0 0 0 0 0 0 0 0 0 0 0 0 0 0 0 0 0 0 0 0 0 0 0 0 0 0 0 0 0 0 0 0 0 0 0 0 0 0 0 0 0 0 0 0 0 0 
0 0 0 0 0 0 0 0 0 0 0 0 0 0 0 0 0 0 0 0 0 0 0 0 0 0 0 0 0 0 0 0 0 0 0 0 0 0 0 0 0 0 0 0 0 0 0 0 0 0 0 0 0 0 0 0 0 0 0 0 0 0 0 0 0 0 0 0 0 0 0 0 0 0 0 0 0 0 0 0 0 0 0 0 0 0 0 0 0 0 
0 0 0 0 0 0 0 0 0 0 0 0 0 0 0 0 0 0 0 0 0 0 0 0 0 0 0 0 0 0 0 0 0 0 0 0 0 0 0 0 0 0 0 0 0 0 0 0 0 0 0 0 0 1 0 0 0 0 0 0 0 0 0 0 0 0 0 0 0 0 0 0 0 0 0 0 0 0 0 0 0 0 0 0 0 0 0 0 0 0 
0 0 0 0 0 0 0 0 0 0 0 0 0 0 0 0 0 0 0 0 0 0 0 0 0 0 0 0 0 0 0 0 0 0 0 0 0 0 0 0 0 0 0 0 0 0 0 0 0 0 0 0 0 0 0 0 0 0 0 0 0 0 0 0 0 0 0 0 0 0 0 0 0 0 0 0 0 0 0 0 1 0 0 0 0 0 0 0 0 0 
0 0 0 0 0 0 0 0 0 0 0 0 0 0 0 0 0 0 0 0 0 0 0 0 0 0 0 0 0 0 0 0 0 0 0 0 0 0 0 0 0 0 0 0 0 0 0 0 0 0 0 0 0 0 0 0 0 0 0 0 0 0 0 0 0 0 0 0 0 0 0 0 0 0 0 0 0 0 0 0 0 0 0 0 0 0 0 0 0 0 
0 0 0 0 0 0 0 0 0 0 0 0 0 0 0 0 0 1 0 0 0 0 0 0 0 0 0 0 0 0 0 0 0 0 0 0 0 0 0 0 0 0 0 0 0 0 0 0 0 0 0 0 0 0 0 0 0 0 0 0 0 0 0 0 0 0 0 0 0 0 0 0 0 0 0 0 0 0 0 0 0 0 0 0 0 0 0 0 0 0 
0 0 0 0 0 0 0 0 0 0 0 0 0 0 0 0 0 0 0 0 0 0 0 0 0 0 0 0 0 0 0 0 0 0 0 0 0 0 0 0 0 0 0 0 0 0 0 0 0 0 0 0 0 0 0 0 0 0 0 0 0 0 0 0 0 0 0 0 0 0 0 0 0 0 0 0 0 0 0 0 0 0 0 0 0 0 0 0 0 0 
0 1 0 0 0 0 0 0 0 0 0 0 0 0 0 0 0 0 0 0 0 0 0 0 0 0 0 0 0 0 0 0 0 0 0 0 0 0 0 0 0 0 0 0 0 0 0 0 0 0 0 0 0 0 0 0 0 0 0 0 0 0 0 0 0 0 0 0 0 0 0 0 0 0 0 0 0 0 0 0 0 0 0 0 0 0 0 0 0 0 
0 0 0 0 0 0 0 0 0 0 0 0 0 0 0 0 0 0 0 0 0 0 0 0 0 0 0 0 0 0 0 0 0 0 0 0 0 0 0 0 0 0 0 0 0 0 0 0 0 0 0 0 0 0 0 0 0 0 0 0 0 0 0 0 0 0 0 0 0 0 0 0 0 0 0 0 0 0 0 0 0 0 0 0 0 0 0 0 0 0 
0 0 0 0 0 0 0 0 0 0 0 0 0 0 0 0 0 0 0 0 0 0 0 0 0 0 0 0 0 0 0 0 0 0 0 0 0 0 0 0 0 0 0 0 0 0 0 0 0 0 0 0 0 0 0 0 0 0 0 0 0 0 0 0 0 0 0 0 0 0 0 0 0 0 0 0 0 0 0 0 0 0 0 0 0 0 0 0 0 0 
0 0 0 0 0 0 0 0 0 0 0 0 0 0 0 0 0 0 0 0 0 0 0 0 0 0 0 0 0 0 0 0 0 0 0 0 0 0 0 0 0 0 0 0 0 0 0 0 0 0 0 0 0 0 0 0 0 0 0 0 0 0 0 0 0 0 0 0 0 0 0 0 0 0 0 0 0 0 0 0 0 0 0 0 0 0 0 0 0 0 
0 0 0 0 0 0 0 0 0 0 0 0 0 0 0 0 0 0 0 0 0 0 0 0 0 0 0 0 0 0 0 0 0 0 0 0 0 0 0 0 0 0 0 0 0 0 0 0 0 0 0 0 0 0 0 0 0 0 0 0 0 0 0 0 0 0 0 0 0 0 0 0 0 0 0 0 0 0 0 0 0 0 0 0 0 0 0 0 0 0 
0 0 0 0 0 0 0 0 0 0 0 0 0 0 0 0 0 0 0 0 0 0 0 0 0 0 0 0 0 0 0 0 0 0 0 0 0 0 0 0 0 0 0 0 0 0 0 0 0 0 0 0 0 0 0 0 0 0 0 0 0 0 0 0 0 0 0 0 0 0 0 0 0 0 0 0 0 0 0 0 0 0 0 0 0 0 0 0 0 0 
0 0 0 0 0 0 0 0 0 0 0 0 0 0 0 0 0 0 0 0 0 0 0 0 0 0 0 0 0 0 0 0 0 0 0 0 0 0 0 0 0 0 0 0 0 0 0 0 0 0 0 0 0 0 0 0 0 0 0 0 0 0 0 0 0 0 0 0 0 0 0 0 0 0 0 0 0 0 0 0 0 0 0 0 0 0 0 0 0 0 
0 0 0 0 0 0 0 0 0 0 0 0 0 0 0 0 0 0 0 0 0 0 0 0 0 0 0 0 0 0 0 0 0 0 0 0 0 0 0 0 0 0 0 0 0 0 0 0 0 0 0 0 0 0 0 0 0 0 0 0 0 0 0 0 0 0 0 0 0 0 0 0 0 0 0 0 0 0 0 0 0 0 0 0 0 0 0 0 0 0 
0 0 0 0 0 0 0 0 0 0 0 0 0 0 0 0 0 0 0 0 0 0 0 0 0 0 0 0 0 0 0 0 0 0 0 0 0 0 0 0 0 0 0 0 0 0 0 0 0 0 0 0 0 0 0 0 0 0 0 0 0 0 0 0 0 0 0 0 0 0 0 0 0 0 0 0 0 0 0 0 0 0 0 0 0 0 0 0 0 0 
0 0 0 0 0 0 0 0 0 0 0 0 0 0 0 0 0 0 0 0 0 0 0 0 0 0 0 0 0 0 0 0 0 0 0 0 0 0 0 0 0 0 0 0 0 0 0 0 0 0 0 0 0 0 0 0 0 0 0 0 0 0 0 0 0 0 0 0 0 0 0 0 0 0 0 0 0 0 0 0 0 0 0 0 0 0 0 0 0 0 
0 0 0 0 0 0 0 0 0 0 0 0 0 0 0 0 0 0 0 0 0 0 0 0 0 0 0 0 0 0 0 0 0 0 0 0 0 0 0 0 0 0 0 0 0 0 0 0 0 0 0 0 0 0 0 0 0 0 0 0 0 0 0 0 0 0 0 0 0 0 0 0 0 0 0 0 0 0 0 0 0 0 0 0 0 0 0 0 0 0 
0 0 0 0 0 0 0 0 0 0 0 0 0 0 0 0 0 0 0 0 0 0 0 0 0 0 0 0 0 0 0 0 0 0 0 0 0 0 0 0 0 0 0 0 0 0 0 0 0 0 0 0 0 0 0 0 0 0 0 0 0 0 0 0 0 0 0 0 0 0 0 0 0 0 0 0 0 0 0 0 0 0 0 0 0 0 0 0 0 0 
0 0 0 0 0 0 0 0 0 0 0 0 0 0 0 0 0 0 0 0 0 0 0 0 0 0 0 0 0 0 0 0 0 0 0 0 0 0 0 0 0 0 0 0 0 0 0 0 0 0 0 0 0 0 0 0 0 0 0 0 0 0 0 0 0 0 0 0 0 0 0 0 0 0 0 0 0 0 0 0 0 0 0 0 0 0 0 0 0 0 
0 0 0 0 0 0 0 0 0 0 0 0 0 0 0 0 0 0 0 0 0 0 0 0 0 0 0 0 0 0 0 0 0 0 0 0 0 0 0 0 0 0 0 0 0 0 0 0 0 0 0 0 0 0 0 0 0 0 0 0 0 0 0 0 0 0 0 0 0 0 0 0 0 0 0 0 0 0 0 0 0 0 0 0 0 0 0 0 0 0 
0 0 0 0 0 0 0 0 0 0 0 0 0 0 0 0 0 0 0 0 0 0 0 0 0 0 0 0 0 0 0 0 0 0 0 0 0 0 0 0 0 0 0 0 0 0 0 0 0 0 0 0 0 0 0 0 0 0 0 0 0 0 0 0 0 0 0 0 0 0 0 0 0 0 0 0 0 0 0 0 0 0 0 0 0 0 0 0 0 0 
0 0 0 0 0 0 0 0 0 0 0 0 0 0 0 0 0 0 0 0 0 0 0 0 0 0 0 0 0 0 0 0 0 0 0 0 0 0 0 0 0 0 0 0 0 0 0 0 0 0 0 0 0 0 0 0 0 0 0 0 0 0 0 0 0 0 0 0 0 0 0 0 0 0 0 0 0 0 0 0 0 0 0 0 0 0 0 0 0 0 
0 0 0 0 0 0 0 0 0 0 0 0 0 0 0 0 0 0 0 0 0 0 0 0 0 0 0 0 0 0 0 0 0 0 0 0 0 0 0 0 0 0 0 0 0 0 0 0 0 0 0 0 0 0 0 0 0 0 0 0 0 0 0 0 0 0 0 0 0 0 0 0 0 0 0 0 0 0 0 0 0 0 0 0 0 0 0 0 0 0 
0 0 0 0 0 0 0 0 0 0 0 0 0 0 0 0 0 0 0 0 0 0 0 0 0 0 0 0 0 0 0 0 0 0 0 0 0 0 0 0 0 0 0 0 0 0 0 0 0 0 0 0 0 0 0 0 0 0 0 0 0 0 0 0 0 0 0 0 0 0 0 0 0 0 0 0 0 0 0 0 0 0 0 0 0 0 0 0 0 0 
0 0 0 0 0 0 0 0 0 0 0 0 0 0 0 0 0 0 0 0 0 0 0 0 0 0 0 0 0 0 0 0 0 0 0 0 0 0 0 0 0 0 0 0 0 0 0 0 0 0 0 0 0 0 0 0 0 0 0 0 0 0 0 0 0 0 0 0 0 0 0 0 0 0 0 0 0 0 0 0 0 0 0 0 0 0 0 0 0 0 
0 0 0 0 0 0 0 0 0 0 0 0 0 0 0 0 0 0 0 0 0 0 0 0 0 0 0 0 0 0 0 0 0 0 0 0 0 0 0 0 0 0 0 0 0 0 0 0 0 0 0 0 0 0 0 0 0 0 0 0 0 0 0 0 0 0 0 0 0 0 0 0 0 0 0 0 0 0 0 0 0 0 0 0 0 0 0 0 0 0 
0 0 0 0 0 0 0 0 0 0 0 0 0 0 0 0 0 0 0 0 0 0 0 0 0 0 0 0 0 0 0 0 0 0 0 0 0 0 0 0 0 0 0 0 0 0 0 0 0 0 0 0 0 0 0 0 0 0 0 0 0 0 0 0 0 0 0 0 0 0 0 0 0 0 0 0 0 0 0 0 0 0 0 0 0 0 0 0 0 0 
0 0 0 0 0 0 0 0 0 0 0 0 0 0 0 0 0 0 0 0 0 0 0 0 0 0 0 0 0 0 0 0 0 0 0 0 0 0 0 0 0 0 0 0 0 0 0 0 0 0 0 0 0 0 0 0 0 0 0 0 0 0 0 0 0 0 0 0 0 0 0 0 0 0 0 0 0 0 0 0 0 0 0 0 0 0 0 0 0 0 
0 0 0 0 0 0 0 0 0 0 0 0 0 0 0 0 0 0 0 0 0 0 0 0 0 0 0 0 0 0 0 0 0 0 0 0 0 0 0 0 0 0 0 0 0 0 0 0 0 0 0 0 0 0 0 0 0 0 0 0 0 0 0 0 0 0 0 0 0 0 0 0 0 0 0 0 0 0 0 0 0 0 0 0 0 0 0 0 0 0 
0 0 0 0 0 0 0 0 0 0 0 0 0 0 0 0 0 0 0 0 0 0 0 0 0 0 0 0 0 0 0 0 0 0 0 0 0 0 0 0 0 0 0 0 0 0 0 0 0 0 0 0 0 0 0 0 0 0 0 0 0 0 0 0 0 0 0 0 0 0 0 0 0 0 0 0 0 0 0 0 0 0 0 0 0 0 0 0 0 0 
0 0 0 0 0 0 0 0 0 0 0 0 0 0 0 0 0 0 0 0 0 0 0 0 0 0 0 0 0 0 0 0 0 0 0 0 0 0 0 0 0 0 0 0 0 0 0 0 0 0 0 0 0 0 0 0 0 0 0 0 0 0 0 0 0 0 0 0 0 0 0 0 0 0 0 0 0 0 0 0 0 0 0 0 0 0 0 0 0 0 
0 0 0 0 0 0 0 0 0 0 0 0 0 0 0 0 0 0 0 0 0 0 0 0 0 0 0 0 0 0 0 0 0 0 0 0 0 0 0 0 0 0 0 0 0 0 0 0 0 0 0 0 0 0 0 0 0 0 0 0 0 0 0 0 0 0 0 0 0 0 0 0 0 0 0 0 0 0 0 0 0 0 0 0 0 0 0 0 0 0 
0 0 0 0 0 0 0 0 0 0 0 0 0 0 0 0 0 0 0 0 0 0 0 0 0 0 0 0 0 0 0 0 0 0 0 0 0 0 0 0 0 0 0 0 0 0 0 0 0 0 0 0 0 0 0 0 0 0 0 0 0 0 0 0 0 0 0 0 0 0 0 0 0 0 0 0 0 0 0 0 0 0 0 0 0 0 0 0 0 0 
0 0 0 0 0 0 0 0 0 0 0 0 0 0 0 0 0 0 0 0 0 0 0 0 0 0 0 0 0 0 0 0 0 0 0 0 0 0 0 0 0 0 0 0 0 0 0 0 0 0 0 0 0 0 0 0 0 0 0 0 0 0 0 0 0 0 0 0 0 0 0 0 0 0 0 0 0 0 0 0 0 0 0 0 0 0 0 0 0 0 
0 0 0 0 0 0 0 0 0 0 0 0 0 0 0 0 0 0 0 0 0 0 0 0 0 0 0 0 0 0 0 0 0 0 0 0 0 0 0 0 0 0 0 0 0 0 0 0 0 0 0 0 0 0 0 0 0 0 0 0 0 0 0 0 0 0 0 0 0 0 0 0 0 0 0 0 0 0 0 0 0 0 0 0 0 0 0 0 0 0 
0 0 0 0 0 0 0 0 0 0 0 0 0 0 0 0 0 0 0 0 0 0 0 0 0 0 0 0 0 0 0 0 0 0 0 0 0 0 0 0 0 0 0 0 0 0 0 0 0 0 0 0 0 0 0 0 0 0 0 0 0 0 0 0 0 0 0 0 0 0 0 0 0 0 0 0 0 0 0 0 0 0 0 0 0 0 0 0 0 0 
0 0 0 0 0 0 0 0 0 0 0 0 0 0 0 0 0 0 0 0 0 0 0 0 0 0 0 0 0 0 0 0 0 0 0 0 0 0 0 0 0 0 0 0 0 0 0 0 0 0 0 0 0 0 0 0 0 0 0 0 0 0 0 0 0 0 0 0 0 0 0 0 0 0 0 0 0 0 0 0 0 0 0 0 0 0 0 0 0 0 
0 0 0 0 0 0 0 0 0 0 0 0 0 0 0 0 0 0 0 0 0 0 0 0 0 0 0 0 0 0 0 0 0 0 0 0 0 0 0 0 0 0 0 0 0 0 0 0 0 0 0 0 0 0 0 0 0 0 0 0 0 0 0 0 0 0 0 0 0 0 0 0 0 0 0 0 0 0 0 0 0 0 0 0 0 0 0 0 0 0 
0 0 0 0 0 0 0 0 0 0 0 0 0 0 0 0 0 0 0 0 0 0 0 0 0 0 0 0 0 0 0 0 0 0 0 0 0 0 0 0 0 0 0 0 0 0 0 0 0 0 0 0 0 0 0 0 0 0 0 0 0 0 0 0 0 0 0 0 0 0 0 0 0 0 0 0 0 0 0 0 0 0 0 0 0 0 0 0 0 0 
0 0 0 0 0 0 0 0 0 0 0 0 0 0 0 0 0 0 0 0 0 0 0 0 0 0 0 0 0 0 0 0 0 0 0 0 0 0 0 0 0 0 0 0 0 0 0 0 0 0 0 0 0 0 0 0 0 0 0 0 0 0 0 0 0 0 0 0 0 0 0 0 0 0 0 0 0 0 0 0 0 0 0 0 0 0 0 0 0 0 
0 0 0 0 0 0 0 0 0 0 0 0 0 0 0 0 0 0 0 0 0 0 0 0 0 0 0 0 0 0 0 0 0 0 0 0 0 0 0 0 0 0 0 0 0 0 0 0 0 0 0 0 0 0 0 0 0 0 0 0 0 0 0 0 0 0 0 0 0 0 0 0 0 0 0 0 0 0 0 0 0 0 0 0 0 0 0 0 0 0 
0 0 0 0 0 0 0 0 0 0 0 0 0 0 0 0 0 0 0 0 0 0 0 0 0 0 0 0 0 0 0 0 0 0 0 0 0 0 0 0 0 0 0 0 0 0 0 0 0 0 0 0 0 0 0 0 0 0 0 0 0 0 0 0 0 0 0 0 0 0 0 0 0 0 0 0 0 0 0 0 0 0 0 0 0 0 0 0 0 0 
0 0 0 0 0 0 0 0 0 0 0 0 0 0 0 0 0 0 0 0 0 0 0 0 0 0 0 0 0 0 0 0 0 0 0 0 0 0 0 0 0 0 0 0 0 0 0 0 0 0 0 0 0 0 0 0 0 0 0 0 0 0 0 0 0 0 0 0 0 0 0 0 0 0 0 0 0 0 0 0 0 0 0 0 0 0 0 0 0 0 
0 0 0 0 0 0 0 0 0 0 0 0 0 0 0 0 0 0 0 0 0 0 0 0 0 0 0 0 0 0 0 0 0 0 0 0 0 0 0 0 0 0 0 0 0 0 0 0 0 0 0 0 0 0 0 0 0 0 0 0 0 0 0 0 0 0 0 0 0 0 0 0 0 0 0 0 0 0 0 0 0 0 0 0 0 0 0 0 0 0 
0 0 0 0 0 0 0 0 0 0 0 0 0 0 0 0 0 0 0 0 0 0 0 0 0 0 0 0 0 0 0 0 0 0 0 0 0 0 0 0 0 0 0 0 0 0 0 0 0 0 0 0 0 0 0 0 0 0 0 0 0 0 0 0 0 0 0 0 0 0 0 0 0 0 0 0 0 0 0 0 0 0 0 0 0 0 0 0 0 0 
0 0 0 0 0 0 0 0 0 0 0 0 0 0 0 0 0 0 0 0 0 0 0 0 0 0 0 0 0 0 0 0 0 0 0 0 0 0 0 0 0 0 0 0 0 0 0 0 0 0 0 0 0 0 0 0 0 0 0 0 0 0 0 0 0 0 0 0 0 0 0 0 0 0 0 0 0 0 0 0 0 0 0 0 0 0 0 0 0 0 
0 0 0 0 0 0 0 0 0 0 0 0 0 0 0 0 0 0 0 0 0 0 0 0 0 0 0 0 0 0 0 0 0 0 0 0 0 0 0 0 0 0 0 0 0 0 0 0 0 0 0 0 0 0 0 0 0 0 0 0 0 0 0 0 0 0 0 0 0 0 0 0 0 0 0 0 0 0 0 0 0 0 0 0 0 0 0 0 0 0 
0 0 0 0 0 0 0 0 0 0 0 0 0 0 0 0 0 0 0 0 0 0 0 0 0 0 0 0 0 0 0 0 0 0 0 0 0 0 0 0 0 0 0 0 0 0 0 0 0 0 0 0 0 0 0 0 0 0 0 0 0 0 0 0 0 0 0 0 0 0 0 0 0 0 0 0 0 0 0 0 0 0 0 0 0 0 0 0 0 0 
0 0 0 0 0 0 0 0 0 0 0 0 0 0 0 0 0 0 0 0 0 0 0 0 0 0 0 0 0 0 0 0 0 0 0 0 0 0 0 0 0 0 0 0 0 0 0 0 0 0 0 0 0 0 0 0 0 0 0 0 0 0 0 0 0 0 0 0 0 0 0 0 0 0 0 0 0 0 0 0 0 0 0 0 0 0 0 0 0 0 
0 0 0 0 0 0 0 0 0 0 0 0 0 0 0 0 0 0 0 0 0 0 0 0 0 0 0 0 0 0 0 0 0 0 0 0 0 0 0 0 0 0 0 0 0 0 0 0 0 0 0 0 0 0 0 0 0 0 0 0 0 0 0 0 0 0 0 0 0 0 0 0 0 0 0 0 0 0 0 0 0 0 0 0 0 0 0 0 0 0 
0 0 0 0 0 0 0 0 0 0 0 0 0 0 0 0 0 0 0 0 0 0 0 0 0 0 0 0 0 0 0 0 0 0 0 0 0 0 0 0 0 0 0 0 0 0 0 0 0 0 0 0 0 0 0 0 0 0 0 0 0 0 0 0 0 0 0 0 0 0 0 0 0 0 0 0 0 0 0 0 0 0 0 0 0 0 0 0 0 0 
0 0 0 0 0 0 0 0 0 0 0 0 0 0 0 0 0 0 0 0 0 0 0 0 0 0 0 0 0 0 0 0 0 0 0 0 0 0 0 0 0 0 0 0 0 0 0 0 0 0 0 0 0 0 0 0 0 0 0 0 0 0 0 0 0 0 0 0 0 0 0 0 0 0 0 0 0 0 0 0 0 0 0 0 0 0 0 0 0 0 
0 0 0 0 0 0 0 0 0 0 0 0 0 0 0 0 0 0 0 0 0 0 0 0 0 0 0 0 0 0 0 0 0 0 0 0 0 0 0 0 0 0 0 0 0 0 0 0 0 0 0 0 0 0 0 0 0 0 0 0 0 0 0 0 0 0 0 0 0 0 0 0 0 0 0 0 0 0 0 0 0 0 0 0 0 0 0 0 0 0 
0 0 0 0 0 0 0 0 0 0 0 0 0 0 0 0 0 0 0 0 0 0 0 0 0 0 0 0 0 0 0 0 0 0 0 0 0 0 0 0 0 0 0 0 0 0 0 0 0 0 0 0 0 0 0 0 0 0 0 0 0 0 0 0 0 0 0 0 0 0 0 0 0 0 0 0 0 0 0 0 0 0 0 0 0 0 0 0 0 0 
0 0 0 0 0 0 0 0 0 0 0 0 0 0 0 0 0 0 0 0 0 0 0 0 0 0 0 0 0 0 0 0 0 0 0 0 0 0 0 0 0 0 0 0 0 0 0 0 0 0 0 0 0 0 0 0 0 0 0 0 0 0 0 0 0 0 0 0 0 0 0 0 0 0 0 0 0 0 0 0 0 0 0 0 0 0 0 0 0 0 
0 0 0 0 0 0 0 0 0 0 0 0 0 0 0 0 0 0 0 0 0 0 0 0 0 0 0 0 0 0 0 0 0 0 0 0 0 0 0 0 0 0 0 0 0 0 0 0 0 0 0 0 0 0 0 0 0 0 0 0 0 0 0 0 0 0 0 0 0 0 0 0 0 0 0 0 0 0 0 0 0 0 0 0 0 0 0 0 0 0 
