# Format: McCode with text headers
# URL: http://www.mccode.org
# Creator: McStas 2.5beta01 - Nov. 03, 2018
# Instrument: Full_simple_noSqq.instr
# Ncount: 6250000
# Trace: no
# Gravitation: no
# Seed: 1544405851
# Directory: Magnon_rerun_events_B_noEfocus_noSqq/7
# Nodes: 16
# Param: WaveMin=2.75
# Param: WaveMax=4.4
# Param: E_0=4
# Param: L_0=0
# Param: chopPulseOpening=0.004
# Param: DivSlit0_width=0.1
# Param: DivSlit1_width=0.1
# Param: DivSlit2_width=0.1
# Param: DivSlit3_width=0.1
# Param: Npulse=1
# Param: print=0
# Param: makeVirtualSource=0
# Param: printMValues=0
# Param: power=2
# Param: BWopen=161
# Param: OMA=37.072
# Param: TTA=74.1432
# Param: OMA2=30.628
# Param: TTA2=61.256
# Param: phi=37
# Param: dphi=0.332
# Param: MCPLfile=BIFROST_mcpl.gz
# Param: ax=0
# Param: ay=2.14
# Param: az=-1.24
# Param: bx=0
# Param: by=0
# Param: bz=2.47
# Param: cx=6.71
# Param: cy=0
# Param: cz=0
# Param: Omega=7
# Param: TwoTheta=20
# Param: lambda=10
# Param: dlambda=9.9
# Param: Rotation=0
# Param: inelastic=1
# Param: aa=6.28319
# Param: sample_J1=1.5
# Param: sample_J2=0
# Param: TT=300
# Param: FerroMagnet=0
# Param: Verbose=0
# Param: imultiplier=1
# Param: INCOH=0
# Param: INCOHspread=0
# Param: sample_focusW=2.1
# Param: sample_focusH=0.15
# Param: focus_EF=0
# Param: TOFmin=0.1172
# Param: TOFmax=0.186
# Param: TOFbins=256
# Date: Sun Dec  9 03:32:21 2018 (1544322741)
# type: array_2d(90, 90)
# Source: EGCESE (Full_simple_noSqq.instr)
# component: psd_monitor7
# position: 1.95726 -1.56124 0.345119
# title: PSD monitor
# Ncount: 100000000
# filename: analyser7_psd.dat
# statistics: X0=0.0859134; dX=1.1157; Y0=-2.13424; dY=8.40196;
# signal: Min=0; Max=438.722; Mean=26.3017;
# values: 213044 4208.59 2937
# xvar: X 
# yvar: Y 
# xlabel: X position [cm]
# ylabel: Y position [cm]
# zvar: I
# zlabel: Signal per bin
# xylimits: -2 2 -14.88 14.88
# variables: I I_err N
# Data [psd_monitor7/analyser7_psd.dat] I:
44.90967494 0 146.157289 0 0 107.205441 0 0 0 0 0 0 73.02502748 0 0 0 0 0 58.528718 0 70.16386113 73.78977402 0 60.68504497 0 0 0 17.24855551 0 0 0 78.28005075 60.84442581 92.67418617 0 0 0 44.55703028 54.59202153 0 117.5687486 0 0 0 0 99.97952983 0 222.5301522 67.38933114 0 0 31.54014808 28.64749357 0 66.08570014 50.55959631 120.6241281 233.6286968 97.40305917 0 0 43.87987618 0 56.38543676 0 221.7762454 97.0188574 0 0 0 0 45.39915709 0 146.3729639 0 38.05222088 0 72.23206262 0 56.56001358 0 0 0 61.92898302 84.73578916 0 124.9927164 89.91244878 124.28593 0 
0 13.30682996 0 0 0 0 0 71.34654345 0 0 0 0 0 0 41.89158479 0 7.677971803 67.45208375 127.3118207 58.59942803 59.93556817 37.12454008 0 132.3973503 128.8955823 74.76898327 195.917019 0 134.8525403 0 67.23083349 60.70322513 0 0 0 0 218.8605666 61.94749651 0 69.25745173 0 33.7936742 0 0 0 75.96535856 178.0816932 67.19480289 0 0 54.02931347 0 0 64.38032761 41.38156204 0 36.71291608 0 0 52.95648566 70.9070424 130.9196825 42.95248508 55.96219795 71.55815077 0 0 141.8178134 58.13829094 41.55771928 196.8240613 197.0650144 61.51445956 75.92359807 0 0 0 52.16996841 78.08896326 0 139.275696 0 0 0 62.95381809 0 61.35504822 48.76486419 0 0 
71.46086539 43.64954579 120.2182962 0 54.48358798 0 77.6092087 0 78.68675178 0 63.19910867 25.0381872 0 0 81.951125 66.00779628 43.10060692 0 0 67.5426366 124.3018868 0 0 0 47.5534101 0 75.26805217 0 57.00460206 85.34047845 128.7844353 0 0 32.97360846 0 48.69703686 59.44044377 66.1835411 292.1463219 0 99.56272103 71.69745735 38.36988044 73.81308202 169.0096296 0 0 0 59.8206856 0 83.34133667 196.3644427 55.20984132 72.77765588 77.50623715 0 72.02052566 0 0 127.7781829 0 56.91420262 0 0 80.08802749 68.15465584 34.71184044 0 0 0 0 0 12.91795551 0 116.9209145 0 0 0 0 0 0 66.46202613 0 0 0 65.04142749 64.48993743 55.20851561 0 75.78144591 
0 75.34849023 60.19303165 0 24.63943008 68.74760296 52.49243286 0 61.63282053 81.6864761 0 83.92573056 0 0 151.0511933 0 61.45841009 0 54.14283915 0 0 45.43550875 0 0 0 133.8085328 0 99.78493804 0 57.37209862 59.69391007 123.4611511 0 72.70309447 0 0 0 99.0365959 0 0 0 0 0 0 0 0 0 76.18963589 83.80040842 0 58.61538119 81.15119283 0 0 47.24927158 0 84.86240047 228.8976196 87.2545205 0 0 0 87.52144302 20.78106866 0 0 0 71.3562354 0 81.35967334 0 0 42.80782734 63.0394839 60.63833061 70.13581286 76.98960369 47.19803582 0 60.81796841 0 38.97907951 113.8321197 0 49.54725185 71.99807845 0 0 86.71630188 74.37966792 
59.76006629 45.81817478 0 79.06446043 73.89225006 60.00876582 0 68.29823918 88.46104525 0 0 0 15.59690085 0 76.62358611 0 0 41.69116587 81.40067009 24.73698709 80.30754488 54.59938616 78.29102848 199.380612 69.28633979 0 38.27062584 0 66.30090658 73.25953554 0 14.25074371 0 60.70140759 0 0 68.4511431 0 0 0 22.68517348 96.03625591 0 40.36346289 51.15180903 124.2749769 0 73.714451 0 0 0 0 70.44134412 0 0 42.54353575 0 0 66.74880587 276.1650766 56.52412065 0 116.6410442 56.08993304 0 0 0 62.55867868 38.37805543 63.19153158 68.83017916 63.82097779 57.30456329 0 0 77.08869078 0 0 50.34021118 0 0 0 42.75705734 0 0 0 81.70086483 0 0 0 
0 68.63161935 0 0 0 67.66303206 0 0 44.50451941 125.2563891 65.38134233 63.75641254 52.86664265 56.37524816 0 0 0 0 0 0 74.60241576 84.87725589 76.04681303 0 75.97484293 0 22.16645516 21.49373862 48.00955151 35.46674792 0 63.20561753 0 73.27965016 43.2487263 0 0 28.46684568 0 0 57.50860504 0 0 49.06465401 0 0 0 0 0 131.027812 0 78.83159623 48.81252244 0 70.36406456 0 0 101.0112963 60.19913079 0 0 0 0 113.9059526 0 0 0 72.78919754 178.275611 72.63058872 65.80027718 64.02031983 149.7338011 47.80620217 0 0 0 0 82.5610018 0 68.4024254 96.35118419 0 0 0 0 177.3734695 0 0 0 
0 0 0 85.87890885 67.36908551 0 0 0 0 85.66123088 72.52339999 0 56.94467203 0 61.63144612 0 0 45.54144344 0 61.03355237 0 0 0 123.5676637 0 0 0 161.9693224 155.832137 0 82.70922654 70.14283319 29.21572156 74.2461481 0 0 0 0 40.88977564 0 0 0 0 0 49.4688414 20.31626781 0 0 103.6402923 68.48731122 131.8890338 0 0 73.1085374 156.538974 58.55628212 0 65.27384653 0 39.98045195 70.96815093 70.59514068 0 59.27104439 0 40.91026774 0 0 0 39.91995208 68.60747165 78.44674866 82.99875208 62.41818064 41.97838117 140.5598379 153.729636 141.5634338 0 0 76.90026895 0 70.18965717 0 35.16481816 64.74981949 0 34.71980781 0 0 
0 63.40445748 0 0 0 0 161.2725928 49.8036132 0 70.28449884 0 71.69031444 0 0 78.11883688 0 77.48736902 68.77975234 0 73.42285785 0 154.4237585 0 105.6429789 0 0 71.13456508 0 0 0 0 21.7054019 78.39950275 0 0 0 0 46.9489518 0 0 0 70.32202554 0 0 0 0 117.1947386 0 53.5222184 0 62.76528802 0 0 77.3494548 0 0 80.08670254 142.6927581 0 0 232.3898742 0 0 0 67.92354761 58.99937005 0 74.97865737 114.9984591 149.46747 0 0 51.61221031 55.97431229 0 0 82.41651415 0 68.2252271 0 0 0 51.9251765 0 0 0 0 0 92.75244787 0 
0 0 0 0 65.0511865 70.42312523 64.5248417 0 0 0 0 0 0 0 0 57.47851637 0 0 0 0 120.0475354 207.8519307 74.5927355 0 0 130.7129379 0 79.61141647 0 0 73.60801231 63.18615599 0 76.36750902 62.71762508 160.8346269 61.54138789 0 0 0 0 0 0 97.5423764 27.60226258 65.47692664 0 74.31252461 0 123.9329027 0 66.51982596 97.77292965 37.44798463 0 0 24.95815335 0 88.56010828 62.73862753 137.665823 0 0 0 0 137.3950276 108.2477584 63.14986293 64.69283926 0 0 66.49088745 86.57500666 0 0 143.3338372 0 0 0 0 0 75.29019331 51.0714418 36.73166717 0 0 64.22691219 0 185.1347478 136.4308492 
0 0 67.11156675 0 77.49012499 0 58.92984547 0 92.21843091 0 0 0 0 32.23760566 0 152.3752847 0 0 44.43166521 52.80848395 0 21.0465448 0 81.90913659 0 0 0 0 0 0 0 75.34369083 58.3680517 41.39824793 0 0 0 42.19575647 0 32.45387601 73.57692357 0 0 0 73.95778978 107.2395993 0 108.9813492 0 0 0 0 48.07455006 0 0 0 66.81321324 0 76.34622341 0 100.555499 0 0 33.33754311 0 37.89155704 16.66863316 0 0 79.80168039 60.19193173 58.8796367 0 0 0 168.1872146 58.64239969 47.75562916 21.91127165 0 209.0558184 150.8982481 0 139.6690121 77.51258237 0 0 0 0 0 
72.38043923 0 107.2550145 0 66.41014335 0 62.4065746 0 0 0 0 42.77360909 0 0 141.7294647 0 0 227.2436303 88.70619496 48.23310645 0 0 55.42589228 72.93094234 0 0 0 0 0 46.33712517 0 0 66.51137877 0 51.65363357 48.9196654 59.38612236 0 0 0 116.9261272 78.35479988 0 0 53.17256175 0 112.3994511 80.76838716 0 60.74150606 0 0 121.2056632 0 0 0 0 0 0 71.70348984 69.44046275 89.86756406 77.76761668 64.5097835 0 41.74966927 73.28875483 152.2606336 71.9871943 81.29914953 25.49644739 65.04780246 0 0 0 0 0 43.24454028 0 22.05449287 84.40456441 118.8795042 87.19393907 62.59098855 79.62525483 0 0 0 63.30819208 110.9248276 
72.45765028 88.83327781 0 19.88141597 0 0 66.65808447 0 46.13864243 0 0 0 0 0 48.1575194 0 0 0 95.35540417 0 179.158777 0 74.00780129 0 0 0 219.9597937 0 0 71.77395225 0 0 0 0 125.4467133 159.6431085 0 0 66.2798161 85.75989628 0 0 0 0 0 48.99592582 86.58769802 41.04813485 0 56.69505697 0 139.0129932 0 158.2338487 92.48076645 0 0 0 0 57.50752683 122.4087775 81.32835544 0 0 0 0 0 124.7284354 72.23939199 199.4854636 159.6225313 0 0 0 72.81401849 0 119.3868059 134.0393811 170.9488454 0 34.29294138 64.04917113 74.37040927 38.71092709 0 0 49.71549777 0 129.281723 25.85807043 
0 0 0 74.4461699 0 0 0 0 0 0 0 0 68.12264836 50.21674532 0 0 48.81620227 0 54.22851454 0 0 200.6629591 0 30.20790201 0 0 74.60574925 0 0 69.77448343 0 54.03211536 72.27261135 73.56644393 0 0 0 52.62104053 178.917692 77.63751656 0 0 39.71466495 192.2216256 0 0 65.30490352 45.37997701 0 167.8912256 0 67.84359324 66.30134367 279.6642568 84.82999614 0 56.37735993 0 157.169772 0 76.06861484 0 76.85965441 0 35.82669667 0 0 0 0 0 0 72.31886635 0 0 79.09750264 53.5998784 169.7008151 0 0 0 83.26923509 86.96939064 0 0 0 80.43109731 0 38.99449951 0 0 
0 70.23255756 0 67.63601158 0 0 0 0 33.56243332 0 147.6774821 0 63.1248854 0 0 0 0 82.2038963 26.02076557 21.30261101 154.1031949 0 95.1934204 73.64205136 0 154.6987688 0 72.44814281 0 76.86332971 50.35167747 0 0 68.14964282 0 0 0 0 0 0 148.5233565 0 0 165.2468846 38.13708334 0 0 0 0 56.19143622 0 89.52489426 80.43001454 54.07237037 0 0 0 64.31828792 0 0 0 78.79564454 0 76.86292874 70.71205085 0 0 118.7554043 69.75623824 0 147.8789909 0 47.93722457 0 0 0 0 0 0 187.2817492 0 63.1139463 89.99366755 0 0 54.77663575 0 57.2778539 0 104.8474495 
0 76.89702421 0 0 0 0 0 73.97735144 0 0 0 0 73.04463269 0 136.5110974 53.03743089 0 0 0 0 0 0 73.83102183 0 21.6690205 0 0 0 0 0 130.5607071 251.7849497 83.6580174 0 0 0 75.43024116 71.40444852 0 0 85.49043316 0 0 153.3450077 0 0 0 145.5395377 0 110.475443 80.00109301 0 0 0 0 154.4157169 0 73.15122483 52.96929008 81.73791118 0 80.65288915 0 0 34.47347119 0 0 0 0 0 86.25451225 0 0 82.98360228 0 0 0 0 53.97571991 62.17004182 38.86019602 77.92395973 0 64.7106644 0 0 0 87.15116998 30.31817526 0 
0 0 0 0 0 0 80.22347378 0 52.54558835 0 61.61184427 0 0 0 64.29907034 0 0 0 0 0 0 0 73.80954059 0 0 26.78250566 0 0 205.3466906 32.61770358 52.31162063 123.2338429 69.54403477 83.91714428 0 0 0 0 66.85648803 81.65946838 0 0 139.7682008 0 65.38268969 85.91624895 0 72.40434869 0 0 59.47731666 60.3040046 0 60.94416059 0 88.67916726 0 0 142.4902413 75.92866586 61.58500667 0 0 68.65453482 0 0 0 0 0 0 127.473996 0 0 60.93516876 0 0 273.9782744 75.14708001 25.09668461 35.95842142 0 0 37.20809221 76.18515887 85.28930428 0 0 0 95.85564316 0 
0 0 0 0 71.06944202 77.99695606 0 0 0 0 0 0 0 87.47107703 71.35857809 0 0 45.06750354 0 0 0 24.40416726 0 61.77395312 0 0 48.26553933 71.11243006 0 0 0 0 0 122.2728845 19.17515332 217.4747419 67.44317345 0 76.30646337 77.6155523 0 234.5605173 60.89148495 74.68452611 0 0 0 0 0 0 0 278.5575166 75.21176409 0 0 32.43928499 0 0 0 136.1529995 0 35.40370984 0 71.83994813 0 35.76645583 0 0 206.3035459 0 0 0 0 50.97958729 122.3644957 0 0 39.04603792 59.35892272 38.9287761 0 83.9955481 0 0 0 0 68.64957071 57.71045563 84.07605567 0 
0 0 131.1365209 0 16.66901945 0 137.1722042 84.94858275 0 0 0 0 0 41.13253696 0 69.16990911 19.29828247 0 0 77.44226434 70.39975217 0 69.82510114 126.6530628 81.4595301 0 56.47449841 14.6901083 0 56.22402391 0 240.552653 0 76.93804039 77.33782307 0 35.04867339 0 0 0 0 0 91.85581398 90.28290565 0 0 140.6819486 89.86190031 0 0 0 243.6878675 0 0 0 0 70.56241887 151.4258021 0 86.14288912 0 0 106.9296143 87.92147672 0 147.439671 165.1430018 0 0 0 0 0 0 0 0 70.00556758 85.83628167 52.26244845 80.27703014 147.2176687 171.5185729 74.03108007 67.10857038 0 0 0 76.952456 81.93384844 89.81408416 53.96841651 
0 80.0843242 0 0 0 0 0 0 76.1447707 0 0 0 81.73158397 0 0 62.74839741 0 71.07198056 73.78687142 75.45696712 0 0 88.37727059 0 0 137.4961541 75.0029923 0 0 0 43.8688062 0 0 102.3643161 76.89070539 0 0 0 0 93.20995641 0 73.69381367 121.7402363 32.28120937 88.70819273 65.49517391 0 0 0 0 71.41082528 0 0 0 0 0 45.58660686 41.85402751 0 0 70.77893327 45.34669721 42.90317046 0 0 67.15429386 0 114.6863354 0 0 0 0 29.64854393 0 0 80.78736866 0 0 0 76.09650572 80.96762007 0 0 0 0 0 73.00815997 0 78.01004188 101.1960119 
167.5501986 55.34887625 42.53183736 0 81.06179734 0 0 0 0 46.42559345 0 71.78055668 0 81.66248785 72.32793614 0 86.62297105 0 0 54.16153919 0 0 0 75.98790443 0 35.37055289 0 0 0 0 236.7835379 0 75.53945946 141.2279483 0 0 77.40662625 0 61.04157868 0 0 66.84823055 0 0 78.96731831 55.79902256 145.4561808 0 61.04046791 0 83.71952334 61.68979893 85.8413682 0 0 184.7332742 44.74561243 0 61.01099733 115.1188229 0 150.6622408 77.78765327 73.7786487 0 0 0 104.9788933 89.75228738 0 52.15358108 0 0 0 49.9978002 0 0 0 0 0 98.65825147 72.3251105 0 0 121.9094862 56.28062072 0 0 0 54.69109319 
0 0 0 0 0 0 95.59798203 0 0 156.1322262 0 60.34321315 0 0 0 0 0 0 0 0 0 0 39.38006987 30.28202278 78.21933703 26.90259948 0 37.81691664 0 0 0 0 0 84.59782253 0 83.77571838 0 43.88444989 0 0 0 70.85967374 0 0 75.58395973 0 0 0 77.35616086 0 65.50050535 0 53.37695403 67.54186516 78.31725618 90.10245097 111.854289 0 69.12452945 81.52633989 0 0 121.2406423 65.57396733 0 0 66.77558044 0 92.62399422 0 0 64.97047234 0 103.9623334 47.65148593 88.99571852 0 61.34304965 0 0 68.55629474 24.09445395 0 75.47350189 27.38310164 0 0 87.98756577 0 87.59954607 
0 36.24323334 0 0 85.8707263 0 86.24706226 0 40.56352933 0 0 0 46.27304967 0 41.14648585 0 0 169.7859018 0 77.07857276 73.45761837 88.16850601 0 0 84.16538596 79.96687859 0 0 55.04149451 0 78.7187896 0 0 156.4577397 0 0 137.4414844 0 40.03979712 71.49913428 0 0 37.68881251 71.99479593 0 0 71.33806561 0 0 0 0 0 0 0 0 96.00094942 0 0 95.70413895 0 70.35157244 0 0 76.38418713 0 0 0 0 0 0 64.06611034 0 0 0 0 0 73.65068606 62.21209369 0 0 0 0 0 79.84359739 0 56.36166431 0 0 49.36124571 0 
0 71.30328468 84.74072246 82.49650883 0 0 139.9422963 87.13737749 0 0 0 33.37059512 45.62129859 0 0 133.6079003 75.69615181 0 0 76.67238421 0 0 81.95416808 0 33.6832118 0 0 0 0 70.26562449 0 0 79.98150267 0 40.71329471 78.88598787 0 0 147.7222836 87.89702659 88.15165904 0 0 56.33632478 68.27771017 50.77846798 0 0 0 87.19885874 0 0 163.2260987 0 0 94.61977904 64.33137503 0 0 0 0 0 142.4331858 62.19507719 0 154.6446186 0 0 0 0 0 0 90.69243056 0 0 0 0 83.38639384 79.69721128 0 124.9400183 84.22899971 48.35321466 0 73.302139 0 0 0 0 0 
0 0 0 0 131.7961402 66.64983144 0 0 0 0 0 74.14710026 0 49.37672254 0 0 76.04194544 0 0 0 0 92.17167298 0 0 50.56335686 0 53.15146876 73.20237943 0 86.60846203 0 79.21513456 0 0 161.1206927 0 0 0 0 0 63.09443512 0 0 0 0 75.82709668 0 0 76.4869094 0 0 0 87.41764719 123.7210976 43.17964063 62.80505007 55.16912101 0 11.89159503 0 0 0 0 0 20.22737408 16.19300472 82.76870629 0 0 0 0 0 0 0 0 80.43055455 0 0 0 0 43.02196148 0 0 0 89.76022752 0 0 0 0 84.09773381 
47.0565249 0 0 67.78642853 0 65.2151198 81.75437813 0 0 79.69503734 0 0 0 0 0 81.06817966 0 0 48.98827478 0 0 41.67563956 0 0 0 0 41.70077938 110.5549973 0 0 0 0 0 68.64626901 100.5585647 0 0 130.3737343 0 0 124.197347 0 0 83.72071236 0 176.1745727 80.08312605 0 0 131.6920951 95.1869801 0 0 81.20234249 0 0 0 0 0 43.99563909 33.28768557 0 50.70016056 0 125.2808032 0 0 0 0 67.46375579 84.34666368 0 43.34799821 0 74.09880443 0 0 0 171.6751566 79.45001429 0 0 0 0 0 0 0 0 52.91812925 0 
0 0 75.82188198 0 0 0 61.58495055 0 0 0 78.82006669 0 0 0 0 72.89925431 76.42825969 0 0 0 0 0 0 0 0 0 0 77.92250817 0 0 0 0 0 0 0 0 0 126.7134027 67.31567792 23.37502906 0 98.02287243 0 71.2264099 0 0 63.34536111 21.21994673 0 0 0 152.4895743 0 0 0 128.2622561 0 0 80.95810794 0 0 158.1434292 0 49.18825034 0 66.24715726 126.6384266 82.94606 0 159.1731861 99.48297995 75.7267561 0 0 67.27422043 0 90.24982299 159.6842675 18.54628228 0 76.50124315 0 0 82.67263912 0 166.5670337 78.37180868 0 0 0 
0 0 0 0 0 0 80.90572966 0 87.25751325 0 0 72.89361022 0 69.00450896 133.541993 0 0 55.95827254 99.3145421 0 0 85.1240282 103.3629173 0 85.91399247 0 75.54540748 0 0 0 0 0 0 0 0 0 78.86187295 71.19482183 36.29009668 0 0 76.04450727 66.41398323 0 0 87.7917406 0 0 97.58126108 0 0 83.91284154 0 81.88175047 0 0 0 56.22355692 0 0 71.25228262 82.99953995 0 0 0 0 80.32445993 0 86.64000305 0 0 0 0 53.04764856 0 142.1755974 33.79039133 0 0 0 0 81.80310036 0 0 80.56776878 0 0 92.93553474 46.84508414 0 
20.54380395 0 79.0461938 0 0 0 183.3050171 0 0 0 0 78.77510966 0 0 0 0 89.94885395 58.37033201 0 0 54.64792678 103.5120502 0 0 0 0 88.39526522 0 0 0 0 91.76711006 0 0 0 0 172.732029 0 0 51.87395202 0 71.10310214 0 124.7673541 80.67567499 0 0 0 0 68.91017352 0 0 71.93444707 0 0 0 0 0 0 0 0 0 64.65488329 76.85327485 53.06091809 0 0 0 0 0 0 0 0 43.58287429 0 0 72.44485826 90.66830814 0 103.6900829 153.172809 0 0 0 29.99615441 53.3524861 0 169.4696647 82.09360393 0 
0 76.39602329 0 0 0 0 0 0 0 0 0 0 0 74.84620514 0 0 152.239314 57.91062929 31.30260778 76.24245342 0 72.18776984 24.30893329 0 0 0 0 0 0 0 0 0 0 0 70.29848073 71.3886196 83.4749459 45.26919307 0 0 0 160.1888341 64.42880551 87.14841689 29.05157037 78.57411302 30.74046043 0 0 90.98216856 0 0 28.97008824 48.63991319 0 0 82.13202588 0 78.39756057 87.40477323 0 24.50513094 79.32225223 67.59627793 0 58.70670157 302.0248383 0 0 0 0 83.25074661 0 71.06045347 0 0 96.54464176 0 0 94.71275487 0 0 0 0 0 0 78.19145901 0 0 65.03909765 
0 0 0 0 0 69.79911449 0 0 0 0 79.73945163 71.54990751 0 61.10036908 120.8010585 0 44.82502085 175.3178089 71.91585511 0 0 0 50.98004551 102.8317369 0 0 66.57519466 0 92.41197618 86.59726956 0 211.2081647 0 281.3142299 42.01241348 0 109.2851229 198.1127586 140.8828699 82.59582994 51.39151836 0 46.04960929 0 0 146.3982173 0 69.44235163 19.21791809 130.8832415 40.42733494 0 0 47.2330539 0 0 0 80.8619311 0 0 85.12805435 81.71299481 0 0 194.133504 67.16118223 159.9078826 0 0 11.99096403 0 0 0 59.53145027 0 0 0 0 93.09925387 0 16.36855086 0 0 92.75278556 0 85.89025217 0 102.2914674 0 0 
0 0 0 118.0999222 0 0 0 0 0 0 0 0 0 86.21683024 0 0 0 0 0 0 0 80.543382 0 35.19221903 0 0 0 0 0 0 0 38.65795033 0 81.78313785 0 0 0 60.73351884 0 0 0 0 82.13675545 0 0 0 0 100.4664626 0 52.18938133 36.61176241 0 0 0 0 0 0 80.77734931 0 37.01580239 97.84779568 0 0 132.0028946 0 0 0 0 173.8647532 0 0 72.53989044 57.5329644 0 87.26219284 0 91.72848803 0 0 0 0 82.53143852 75.93418177 0 0 0 0 0 0 0 
0 0 159.3522953 0 0 76.13858437 77.15282708 0 121.9123854 0 0 0 76.32707549 0 0 0 0 0 0 0 66.97726079 80.34369056 0 0 0 0 67.77681642 0 96.36974541 0 0 0 0 74.43438001 0 75.57557799 0 95.67817158 96.8678582 0 0 0 0 41.69959343 159.1649632 64.48133249 79.91828722 69.75662755 86.16864355 0 82.53648316 0 0 0 0 87.17735864 0 0 78.4618627 83.69527541 0 0 0 77.74029849 88.54782467 0 148.8054777 0 104.3111857 0 0 0 58.64992187 0 0 0 86.2274283 0 0 0 101.9104337 88.11399228 0 0 0 0 0 77.36708855 13.24951591 0 
0 0 0 0 83.95785424 0 68.78015902 90.13522881 0 0 0 0 0 49.63701235 0 86.76045608 0 81.8653755 94.21548906 0 0 82.20511295 0 103.0310722 29.73297664 0 0 0 0 0 0 0 121.3480362 0 90.55286737 83.72189504 0 0 0 0 50.94544839 87.75681533 90.04652179 97.59283286 192.845851 0 0 0 298.4975797 85.91574632 99.54598609 0 64.27112279 0 0 91.96389911 0 214.6456393 0 89.26486615 83.12215876 175.8144164 0 139.9790226 0 92.59310441 0 0 0 95.05956471 0 72.58537475 86.12441887 0 152.9822449 0 0 0 0 0 0 0 0 0 46.90449271 0 0 0 0 60.74217751 
0 40.2140382 0 0 0 0 0 72.37090654 0 0 0 86.20429527 0 0 149.028042 85.15495271 0 68.11841978 0 0 43.48011488 63.69525439 73.7739897 93.67104165 0 74.69315833 0 89.26545116 0 0 0 0 84.30316557 0 79.5438189 0 77.56606004 0 190.3201838 0 0 0 0 99.95906121 0 0 0 0 0 78.55905563 0 0 0 0 0 164.2045797 0 0 0 43.83536989 0 0 0 91.01215162 66.15944023 0 0 0 0 0 0 0 0 99.55196253 88.3805188 0 0 0 90.88294512 0 94.79619495 0 177.2136688 193.1035118 33.74948513 0 0 0 0 78.01717598 
0 0 60.4933738 79.53097126 0 163.0659836 0 0 0 0 0 0 0 0 0 0 0 0 0 0 0 38.95422943 51.07405786 144.2665398 0 99.93415501 151.243765 0 0 0 70.72701442 0 48.30804859 69.75895929 0 0 55.56232935 0 92.29047743 0 0 0 0 0 0 0 0 92.08365247 0 95.87055753 0 0 0 0 80.45653447 0 0 65.31966286 86.72926916 79.42184827 0 0 54.54938301 101.3383808 45.56294795 0 0 0 0 0 47.6388305 95.17827642 100.8777968 0 0 0 0 0 0 0 87.35836866 0 85.21465647 0 0 0 0 0 65.43811176 0 
0 0 61.02863235 0 0 0 0 0 68.9018391 0 0 158.2177129 0 87.94044504 0 31.47265207 68.90957052 0 0 0 0 0 0 174.6405946 0 77.56340619 0 77.84980129 0 0 64.12884807 77.01333762 81.64491093 50.97845845 8.702219172 0 0 0 0 0 0 0 0 55.57865952 36.96416011 0 76.77829416 97.14925229 0 0 72.36661944 0 0 0 0 102.6246618 0 36.6234605 0 66.49492347 76.71251041 0 161.6454524 79.4882394 0 5.042557532 0 76.81732617 87.32873521 0 0 0 42.30546375 0 0 0 0 83.8296816 89.22185029 0 60.91288268 185.1613239 49.30152155 0 0 0 91.13131254 0 0 83.33577087 
30.8802355 90.56218196 0 0 0 0 0 69.2650654 0 0 0 0 51.79205381 0 54.34766699 0 0 0 0 75.64076798 0 0 0 0 0 159.6257706 0 0 0 0 0 0 74.34106545 0 75.82164457 0 0 67.98897938 0 89.79319528 0 0 0 48.82508249 0 95.47541607 116.3477065 0 0 76.71997014 164.1038034 0 0 0 81.19899871 0 0 0 97.98391169 89.05125074 0 97.08213752 0 3.41975913 0 171.4588091 0 0 1.865539981 86.82581109 45.39248343 0 0 0 0 74.05213365 87.42286588 0 0 0 0 0 0 0 142.9741576 90.33958556 0 0 0 0 
0 0 0 0 0 0 0 0 129.751917 0 0 0 0 0 0 86.87521631 97.89018992 0 0 0 0 0 0 74.54515773 50.35229667 0 0 0 0 0 0 0 97.07938537 0 0 0 0 0 99.28651558 0 15.29442125 93.94619331 122.0070794 85.01591138 0 103.1340988 93.13791388 0 0 29.24347278 97.65455769 0 0 91.79444774 0 0 88.3156738 87.00413245 98.18500984 0 0 0 0 94.9965685 65.51620012 0 84.29110091 96.09762929 0 95.89878348 82.11487092 0 0 0 0 21.9596136 0 73.36427016 0 0 0 91.13794875 0 188.5188558 0 0 0 0 0 0 
0 0 85.47369869 85.1057591 0 0 78.15536378 0 0 72.04584106 0 0 88.9037067 72.53262777 47.33446143 0 0 0 74.63132568 83.91414542 85.62902358 0 0 79.8899482 0 63.10596547 173.6548723 0 0 71.45672792 0 0 0 0 0 0 0 0 31.87403355 0 0 80.99391227 0 125.1165054 0 0 0 0 0 65.24318431 0 0 0 0 0 0 45.87853732 0 0 92.71524607 0 0 165.6692728 0 80.37939495 0 0 154.590762 61.12388337 0 0 81.54595508 0 0 0 0 0 0 0 0 0 93.48960648 0 61.80127048 0 173.1132566 0 0 0 105.2941617 
175.2388675 0 0 89.59484158 0 0 0 51.33951512 75.12910059 0 0 0 0 69.78240869 0 0 0 0 102.2196284 82.61313876 38.71261188 20.56951597 49.43283817 0 92.23687501 0 53.56449732 0 0 0 0 0 51.70686643 0 0 167.3562644 0 0 0 87.47471922 134.3949117 74.18889242 57.45318188 0 80.75079449 0 0 86.50385128 0 0 0 59.94887104 0 0 0 76.84973486 38.01240107 58.41577365 0 0 0 0 0 120.2341999 0 0 0 0 91.32568998 36.83817327 0 91.8277679 68.71488894 0 100.0115781 186.0372386 0 152.7460189 0 79.18234947 55.43903657 0 0 0 0 0 0 0 0 0 
0 0 0 0 0 0 0 0 0 0 0 0 94.4087634 0 0 0 0 0 86.53564842 0 0 159.323795 0 0 89.34944915 45.97384449 95.97742728 91.10360999 0 0 0 0 72.83196127 0 0 0 0 0 27.39700174 80.05720765 0 0 0 0 98.69759924 0 0 0 0 0 0 0 0 0 0 0 0 0 0 0 0 0 0 0 113.0810707 104.0277431 0 0 0 0 0 61.01708238 0 0 0 0 0 0 0 0 0 0 100.1801214 0 0 37.11207 122.2603631 31.29599764 87.55169332 0 
0 0 0 0 0 0 107.1172855 0 59.86923793 0 0 0 0 0 75.97878933 0 0 0 79.8835094 0 88.09371864 0 0 0 0 0 0 0 0 0 0 68.72658465 0 0 0 0 0 0 13.9056102 0 0 0 0 0 0 0 84.43762503 0 0 100.6020577 0 0 87.38693754 0 0 81.64814166 0 0 0 25.80181355 0 0 198.6234421 0 0 74.52296162 0 0 161.5565779 0 32.23314085 0 0 0 90.02538404 0 0 0 0 0 0 0 105.2127896 102.0048468 79.39636014 101.8970279 0 0 46.2406528 0 
0 0 98.42416006 0 0 0 148.453772 0 0 0 0 0 0 38.1213312 0 148.5340397 0 57.52452972 0 0 0 0 85.67338692 0 40.93379504 70.32527219 0 0 0 140.5689323 84.80842061 0 0 0 0 84.68101931 0 0 42.68264882 245.4550642 0 42.17193935 0 0 0 0 0 111.8559447 0 0 0 90.75507341 70.60503044 0 0 0 85.65262526 151.28121 0 0 0 0 0 0 0 0 63.96725004 0 0 0 82.07750221 79.37190687 0 0 0 0 0 0 0 0 0 0 0 101.2313072 0 0 0 0 0 0 
0 0 0 0 0 0 0 0 0 0 0 0 75.65422036 130.453916 0 0 0 0 0 0 0 0 107.2484858 0 0 0 150.7556141 0 0 0 98.88778179 0 95.22320971 65.7910055 0 0 0 78.44449457 0 0 66.10837901 0 72.4662269 0 0 161.2012412 0 0 0 109.5826473 0 29.86056158 84.69130337 0 106.1872523 0 195.7133087 0 0 0 0 0 71.80041505 213.7624437 42.51234851 86.55086198 0 0 28.43875809 0 0 0 0 76.09358296 0 56.30455092 0 0 103.5350473 0 0 0 0 0 0 0 99.12653613 111.905282 174.4976732 0 
0 0 83.55430756 0 0 81.56046225 0 101.309913 0 0 0 0 0 0 0 0 0 137.3411037 0 45.27282503 0 0 68.61958072 82.6454757 0 0 0 0 0 0 0 0 47.25781227 0 0 0 346.4046989 0 53.46403484 0 0 0 0 92.79176675 0 0 73.52872377 0 0 0 0 0 95.8384236 0 0 0 80.65646869 0 0 0 0 0 0 0 97.73779769 0 61.13241933 83.25270552 0 88.24207817 0 0 0 0 0 0 0 53.78072961 0 0 91.70609186 88.09729728 0 0 0 0 0 0 0 188.0129204 
0 92.53529175 0 0 92.70569922 0 0 0 0 0 0 0 0 0 0 74.55957199 0 0 0 0 0 0 0 0 0 0 83.36568749 59.57286088 122.1749702 0 0 0 119.0163128 0 0 79.13082905 0 0 0 71.21864118 0 0 0 182.0261732 0 0 0 88.01400428 61.81585816 85.70975972 0 0 132.8114764 72.85564599 0 0 0 0 0 0 0 104.3976952 0 0 80.13512298 0 0 0 0 0 99.35632365 0 0 54.12535283 0 0 103.2297022 0 0 0 0 0 0 0 0 174.3658014 0 54.43280768 98.22671426 0 
88.51854292 0 0 62.16433886 78.12301848 0 0 0 0 0 0 0 0 28.30956417 0 89.52670573 0 78.07261706 0 0 85.82617353 56.06257138 0 0 0 0 70.69386626 0 0 0 0 0 59.45922863 0 0 0 0 0 0 0 91.62634658 0 75.9427329 0 82.3133364 0 0 37.39219163 0 0 0 0 57.23320832 93.21591285 68.92110314 0 0 0 0 0 0 0 234.5584975 0 256.8315112 0 0 0 0 0 0 50.77208428 0 0 0 0 85.36243699 0 0 0 32.24666385 58.67231619 83.20324242 0 0 0 91.35521446 77.56835808 0 0 
0 0 78.06473614 0 0 0 0 188.6091833 0 0 0 0 0 0 0 0 87.13394198 170.209749 69.74051006 83.76507853 0 0 0 0 41.7630744 0 0 0 27.31648095 0 0 0 90.45441632 0 0 168.4020174 0 121.1115534 101.2599703 0 94.07514833 0 0 40.85602022 0 0 70.29327023 63.07368228 0 0 0 106.6709009 0 0 0 0 83.44847855 0 0 152.6715914 0 78.46439165 0 0 115.8614197 0 0 72.82777881 0 98.77676099 125.1369115 0 0 0 0 134.4661229 0 0 0 121.60675 0 0 0 0 0 66.96391378 0 0 122.8256649 85.38088556 
84.01679048 0 0 0 153.7543938 0 0 0 0 0 0 0 182.2568238 0 0 0 0 0 0 134.4355395 28.89896944 0 108.4080784 0 0 89.13491366 0 0 103.5658862 0 0 0 120.0365096 30.00075821 0 0 0 0 0 0 0 0 0 0 0 0 0 0 0 103.9799409 0 0 0 91.95282392 173.888352 0 0 0 109.7419474 0 0 0 0 0 0 0 90.78062981 0 0 0 0 0 0 80.86339441 0 0 0 0 44.37756967 0 0 118.355445 0 0 44.40391951 0 0 0 92.34645256 0 
0 58.23048072 91.49608495 0 0 0 0 0 0 0 42.3424103 72.02485305 0 0 94.41781787 71.72127159 77.06708229 53.44049153 0 0 0 0 0 0 0 90.87500184 83.57959901 0 0 0 0 0 0 57.3015979 112.4580401 38.08785967 0 114.7799955 0 0 0 0 107.7033812 0 0 0 264.0329434 0 98.60785453 79.8220993 0 0 0 0 0 0 0 0 0 0 0 0 0 0 0 0 0 0 0 55.15882361 0 0 0 0 0 0 0 0 0 0 112.9523094 0 0 0 88.20248319 0 0 0 0 84.21173336 
0 0 48.3872261 0 0 0 0 42.61288316 0 0 0 0 0 0 0 0 73.4801007 0 0 0 0 0 0 81.92006258 91.89785131 0 0 93.98760249 0 104.3827515 0 82.40877531 0 0 0 0 0 0 66.11625721 86.45772889 0 0 138.1235264 0 0 0 0 0 0 102.6290395 0 0 100.9167517 81.06309179 92.16055533 58.91006241 0 0 0 0 0 0 0 159.2225037 0 90.52758452 0 0 0 33.67169124 0 0 0 0 0 0 91.37948568 0 0 0 0 0 0 0 169.6489941 0 0 0 96.93979815 0 
0 0 0 109.1170092 0 0 0 0 0 0 79.6543226 65.92268384 0 0 0 0 57.63908447 0 17.88592349 27.17270941 0 0 0 0 71.29107997 45.01473159 0 0 0 0 0 0 0 0 0 99.32556476 0 0 0 0 0 0 0 106.6617615 86.28308031 0 43.77463646 0 0 0 0 0 0 0 0 0 89.88031404 0 108.8100006 72.80433384 0 74.52274815 0 69.66796604 0 0 0 93.59653608 93.69738963 0 0 0 0 28.56782697 0 0 116.8730784 0 0 131.561257 0 149.0506081 0 0 120.5585621 0 0 0 54.55120753 0 
0 0 0 0 0 97.97599198 79.9784225 0 0 0 51.76300943 0 73.11195882 75.4191325 0 0 0 0 0 0 0 0 97.61089085 0 90.89357858 0 0 46.2611544 0 0 0 0 0 0 0 0 0 0 42.85059957 0 0 0 0 0 0 0 0 0 0 0 0 0 0 123.8616081 0 85.98422956 81.23739189 0 0 0 71.41732847 13.22185537 0 125.7715471 0 0 0 0 76.12530782 0 0 0 131.3053988 253.5922866 90.87922681 0 0 0 0 0 0 0 77.7034355 0 0 0 0 0 0 0 
0 0 0 0 0 60.15260414 167.1289951 0 0 0 0 63.46019639 0 0 0 0 0 0 0 0 0 0 0 0 0 0 84.90149397 0 0 86.14633213 71.38994 0 0 0 0 0 0 0 0 0 0 28.70671487 255.2057335 0 0 0 0 0 0 0 46.82195087 0 0 0 137.8985274 0 0 0 70.23097545 0 0 0 0 82.39386955 0 117.9897709 0 0 0 82.7741995 0 0 92.00753147 0 0 0 0 0 123.6707235 0 0 0 0 0 0 0 0 0 0 0 
52.15918286 0 0 0 0 0 0 0 0 93.27584819 0 0 0 0 0 73.85077348 0 0 0 0 0 0 0 0 0 0 0 0 0 0 0 0 71.4642513 0 0 44.48371195 0 0 0 0 111.3963119 0 139.8606921 311.2808356 0 80.47736967 0 77.54548023 37.50537936 0 0 0 0 0 0 0 0 0 191.2589578 0 0 0 0 83.3438461 0 15.06102086 0 0 0 0 0 187.4688858 0 0 0 24.17117887 0 0 0 0 117.1637124 0 0 0 0 0 0 0 0 0 
0 0 73.6841889 0 0 0 0 0 50.83416581 0 0 34.83580389 0 0 0 102.1876791 0 0 0 0 109.2339331 28.31426665 0 0 141.635622 108.9685486 0 0 0 0 0 89.28925995 0 0 100.851273 0 0 0 0 27.47310641 0 161.9750771 0 0 0 0 0 0 0 0 0 0 36.36645215 0 0 0 0 0 0 98.38873044 0 0 0 0 0 0 137.0123384 0 0 0 0 0 119.0129688 56.0956182 95.08799215 0 0 0 0 0 0 0 247.0009289 0 0 0 0 105.7821121 0 0 
100.0289743 0 0 0 44.69706193 0 78.7169128 0 0 86.65377321 0 0 99.88707085 0 174.5237561 0 78.58592818 0 0 110.3317361 63.37718827 0 0 0 0 96.30958597 0 67.96472786 99.95102336 0 0 0 0 0 68.9225154 0 0 0 98.49532122 0 0 0 0 0 0 0 0 0 0 0 0 0 144.8680071 15.5284311 0 0 0 0 0 0 0 0 0 0 0 0 40.93660749 0 0 0 0 58.47423018 0 207.2538949 46.72280961 0 0 106.0371984 0 146.0706829 222.5416559 0 0 0 0 91.49656006 0 0 89.19491454 0 
77.82040843 0 0 0 0 0 0 0 0 0 78.88665825 78.56715277 0 0 0 0 0 0 0 0 0 0 0 0 0 72.84501634 0 0 104.8170069 39.80045114 0 0 0 114.9699502 90.68015123 93.58357283 0 0 0 0 0 0 0 113.2886017 191.8923231 0 0 0 30.44153352 115.9224143 0 0 0 0 0 0 0 0 0 0 64.26221179 0 0 76.52392391 223.194641 0 0 0 0 0 98.5788957 0 0 0 125.902816 215.1027055 0 0 0 0 0 0 0 103.2216292 0 0 0 0 52.45433264 0 
0 76.32833662 0 0 0 23.18357003 0 0 0 0 0 0 154.5999459 0 0 0 95.26999525 67.44755491 66.56552427 0 0 0 0 0 48.73758313 0 95.65670242 0 0 0 0 0 0 0 0 93.90288841 68.98453649 71.68114436 148.8830753 0 0 0 42.81344537 72.777849 0 112.149712 0 39.55690755 118.3310682 0 0 105.9255716 213.7888149 45.85512789 110.4956275 0 0 125.5661177 0 0 11.7275293 66.35647991 0 0 189.3448434 0 69.17633009 0 0 0 0 112.3310603 0 44.60910244 107.5730855 0 0 0 88.20595892 0 0 0 0 0 0 0 125.5798966 0 0 0 
0 70.46040658 0 0 0 0 0 0 0 0 0 0 92.08534252 55.1948343 0 44.21233819 0 0 0 0 58.45209847 62.23247707 0 0 0 0 52.69942838 0 76.7338093 0 0 103.1425918 0 0 0 0 0 0 0 0 0 0 137.3548942 55.00782161 26.36854115 0 0 0 0 0 0 0 0 0 0 0 143.0318491 0 0 0 0 0 87.94021139 85.24361806 0 0 0 0 90.54851531 0 0 110.4537098 0 119.4731993 0 0 100.0386598 0 0 18.99441603 112.8180043 0 104.6356796 121.3929801 0 62.42279344 0 0 0 0 
0 0 67.82419445 77.27639483 0 0 0 86.15099545 0 0 100.5631111 28.13932856 0 97.60051305 0 0 0 0 0 21.78424778 0 0 0 0 0 0 0 0 0 64.79387477 0 0 77.95062284 0 87.28454076 0 213.2339658 0 66.34860235 0 28.05906968 0 0 0 104.1605436 0 0 0 0 0 0 71.0730969 0 0 0 0 0 0 0 31.59583203 0 0 0 0 0 103.9880716 0 134.6015055 236.8947841 0 0 0 0 0 0 0 155.7867819 0 0 0 0 0 0 0 0 111.1403579 0 0 150.9840826 0 
0 0 0 0 0 0 105.0978576 89.27022355 0 0 0 0 59.08912271 0 0 0 83.6029597 0 0 79.98598465 0 0 0 0 0 0 0 0 48.0219955 174.0755805 0 0 0 121.8536242 0 0 82.95056176 17.43735359 179.0058962 25.04918708 0 0 0 0 0 0 0 0 0 126.0005738 0 0 89.43172404 0 0 0 0 0 0 0 73.31409033 0 0 0 0 0 0 0 0 0 0 113.6917046 110.421468 0 0 0 0 150.2061242 0 0 101.208078 0 0 87.52164615 0 0 0 0 114.0310262 0 
54.0939289 0 0 73.71792041 0 0 0 0 0 0 0 74.43065002 48.51775202 0 131.3457876 63.61504851 102.8006941 0 0 0 0 0 0 0 92.68868497 0 0 0 0 0 59.49255162 93.26583368 0 0 0 0 0 0 0 0 108.4780583 0 0 0 0 0 0 40.20741618 0 0 0 0 0 0 0 0 0 0 0 0 111.7089821 0 0 0 0 0 198.8034574 45.09230841 0 0 0 0 188.4754177 0 70.28250466 0 0 100.2227651 0 0 0 0 71.82794874 110.3826016 0 233.2739455 0 0 126.7632063 0 
0 0 0 0 0 0 47.79115032 0 0 0 134.2184032 0 0 0 88.68813825 0 0 75.75786796 0 0 0 0 0 20.31024671 0 0 0 49.5819781 0 0 82.71534819 0 0 0 0 117.8844674 0 78.92929776 0 0 0 115.2682161 66.43785745 0 0 0 0 0 0 0 0 0 0 76.28519347 0 0 0 91.20166067 46.11587055 82.9358153 116.5474425 0 89.8662846 0 0 0 65.15939508 0 0 95.16389214 215.2355824 0 0 117.4063161 0 0 0 186.0225346 0 0 96.1853714 122.3025688 0 0 0 80.42816399 0 0 0 0 
0 0 91.66924536 0 0 0 0 0 41.13327187 0 0 0 0 123.0773662 0 0 0 0 0 125.5531964 0 0 79.62526229 0 0 0 0 0 0 0 30.46360424 0 0 0 0 0 0 0 0 0 0 0 0 0 87.25617729 0 0 0 180.3851408 0 0 101.9943306 0 0 0 0 0 74.94904199 107.6895902 0 0 0 90.93890854 0 0 62.89121167 0 0 0 0 0 79.133117 0 0 0 0 0 0 0 0 0 0 0 122.1464781 0 0 87.08015512 0 0 95.48944318 
0 0 0 0 85.88821954 0 87.6809185 0 0 0 0 58.77043076 0 0 0 83.95366994 0 0 0 85.56103067 0 147.9473792 0 0 23.3701637 0 77.76299726 48.3116822 0 91.45437303 86.08209967 0 77.47881277 0 0 0 0 0 0 0 0 0 0 0 0 0 0 0 0 0 0 0 109.8925487 0 0 0 80.96413958 62.42882629 0 0 0 0 0 0 208.7999367 0 0 0 0 0 0 0 0 0 0 0 101.7993632 0 0 0 0 0 0 0 0 107.8149809 0 0 0 0 
40.11873358 0 0 0 7.200600636 0 0 85.7880981 153.0342293 0 0 0 133.8526432 0 0 0 0 0 0 0 0 0 0 45.31603966 0 0 0 96.80505239 0 0 0 0 0 84.92615994 0 73.24481906 0 0 0 0 0 0 93.27274141 0 0 0 0 0 94.93971995 0 0 0 0 0 0 0 0 0 0 102.9125601 0 0 0 0 136.5608336 89.58606896 124.1080848 101.3961956 0 99.90487366 0 0 77.91297098 0 0 0 99.036761 0 84.92355804 0 0 0 0 0 0 0 0 0 0 0 
86.88490022 0 99.71084407 0 70.22417761 0 0 91.39686186 56.65232172 0 99.4118535 0 75.72131925 0 0 0 0 62.9326633 0 0 0 100.0207065 196.0330104 109.6686693 0 75.66828069 0 0 21.23850283 0 58.2105787 0 0 0 0 93.1294354 80.46221607 0 49.92728179 0 0 98.58073889 0 0 0 0 0 0 105.525605 0 0 45.53540794 0 97.24506607 238.3234594 35.61289398 0 0 0 86.3997353 88.59803982 0 0 0 0 93.28345761 0 0 0 0 0 0 0 80.70036451 131.6063179 0 0 0 0 0 0 0 0 0 0 0 0 0 0 0 
0 43.81291679 83.1634299 0 0 0 0 95.81954471 0 0 0 0 0 0 0 74.38155411 0 82.61707165 0 94.71827569 0 0 100.1189088 117.578876 0 0 0 0 0 0 153.7124573 0 112.2162111 0 0 0 0 0 83.04582349 109.2732529 0 0 152.702356 0 0 0 0 0 0 79.09100787 73.39456306 0 0 0 0 89.3686821 0 0 0 0 0 82.96223852 0 0 108.4578901 0 0 71.05759898 0 109.1594205 0 0 0 0 81.74904599 0 0 177.3747807 0 0 0 0 0 0 0 0 0 0 120.3912334 0 
0 0 94.32627771 0 0 0 0 0 170.442987 120.7533064 0 0 0 0 0 0 91.55013293 0 0 0 42.93366161 0 92.5721531 0 0 0 0 0 0 0 0 79.10733297 0 0 0 0 0 0 0 0 0 0 0 0 107.8409849 82.77448699 0 0 0 0 0 0 64.67257846 0 0 121.4747999 0 71.54316711 0 0 0 0 0 89.80903254 0 0 0 0 174.503782 0 0 26.026525 154.1474025 0 0 0 116.4595071 0 0 0 0 0 0 0 99.17420841 0 0 122.371578 0 0 
0 0 63.61118015 83.04350878 134.3730649 0 0 90.68109934 0 92.67922928 0 0 0 0 0 0 90.55961473 0 0 0 0 88.84490491 69.55602295 0 0 0 0 0 0 105.9675658 104.4958658 0 0 102.3304443 0 0 0 0 0 105.0563579 0 71.71106399 0 0 0 0 0 0 0 0 0 0 0 0 0 0 0 0 26.68267898 0 0 0 0 0 0 0 0 0 0 0 0 0 0 0 0 19.09503325 438.7216139 0 0 0 0 0 85.96048523 0 0 0 0 0 0 0 
0 0 0 170.5231781 0 0 91.25028487 69.7256625 0 0 82.06089011 0 0 0 0 73.7743871 0 0 0 0 0 0 0 0 0 0 0 118.130732 0 0 17.14670583 95.87468184 83.29711923 0 0 0 0 92.85894568 0 0 0 0 0 0 0 0 0 0 0 0 0 0 0 0 0 0 0 0 0 0 0 87.6109745 0 0 0 0 0 0 0 0 102.3062791 0 0 0 0 0 0 0 0 97.24129174 0 0 0 126.709657 0 0 0 0 0 0 
0 0 0 0 133.4092386 77.98303649 70.99455226 0 0 0 0 0 92.60308307 0 0 0 0 0 0 0 0 108.9088919 0 0 0 0 85.18045873 0 0 0 0 169.9679425 0 0 0 0 0 0 96.62949801 86.47015972 0 0 0 0 0 0 0 0 164.618214 0 0 0 0 0 0 0 0 0 185.2691844 261.4614373 0 0 0 0 0 90.08494425 0 0 0 0 118.0456656 0 0 56.96919833 0 0 0 0 0 0 0 0 0 0 0 0 0 0 0 0 
0 0 0 70.65614506 0 0 45.85641192 0 0 0 0 0 0 0 0 0 0 0 0 0 0 0 0 0 0 178.7090363 0 0 0 0 0 0 0 0 0 0 0 0 34.32516423 0 0 0 87.39003701 0 45.88065153 0 0 0 0 0 104.1495584 48.53257718 0 288.5562301 0 0 0 0 0 207.5708273 275.9883872 0 0 0 160.1710834 0 0 0 0 0 0 0 0 0 0 0 0 0 0 0 208.7363545 0 0 0 0 0 99.66336212 0 121.208936 0 
0 0 0 0 0 0 0 0 0 0 0 0 0 0 0 0 0 0 0 0 0 0 0 40.27984945 0 0 0 105.386102 0 0 0 0 0 0 0 0 0 89.54599939 0 0 0 0 0 0 99.19934025 0 0 0 0 0 0 0 0 0 0 0 0 0 86.49431146 0 0 0 0 84.87531872 90.39649633 0 0 0 80.45612438 0 0 0 0 0 0 0 0 75.60460976 0 106.7234732 143.0796611 0 92.38020376 0 0 0 100.6400403 0 0 0 
39.28970294 67.83994511 0 0 31.91207454 0 0 0 111.2544867 42.46491352 122.1581167 0 0 0 0 165.2070558 0 0 0 0 0 0 102.7177762 100.3154725 0 139.3840895 0 0 0 0 0 0 0 79.88256778 0 0 0 0 0 0 0 0 81.08278743 35.29057105 0 0 130.2781635 0 0 0 0 214.430298 0 0 37.77271233 0 0 0 0 0 76.09289096 0 0 0 66.81070162 0 0 0 0 88.72601729 0 0 0 0 0 0 0 0 0 0 0 0 0 0 0 0 0 0 0 0 
0 0 0 0 0 167.1901764 0 0 0 0 0 0 0 0 0 0 0 0 0 66.25202879 0 85.2528225 0 0 0 0 0 0 0 83.89279461 26.12242371 90.12879556 0 0 0 0 0 0 0 0 0 0 0 0 0 0 0 60.69817449 0 0 0 0 0 0 0 65.72830866 0 196.4515019 0 0 0 116.6200803 0 0 0 0 282.4259348 83.3945167 0 0 0 0 0 0 0 0 0 0 349.2715343 0 137.5467039 115.2486852 0 107.035792 0 0 0 0 0 0 
0 0 134.0386597 0 0 0 0 0 0 93.42788974 0 62.35300686 0 0 0 0 0 81.98302302 106.362955 0 0 0 0 36.8433513 0 0 85.9277893 0 0 91.9612917 179.0547733 47.88001797 0 0 0 0 0 0 138.6507119 0 102.9907584 0 0 0 198.9738785 0 0 115.2081114 0 0 0 0 0 0 0 0 0 0 0 0 0 0 0 0 0 0 0 0 0 0 295.2835607 0 0 0 0 0 0 0 0 0 110.5103207 132.1902877 0 151.3971951 97.54957765 0 0 0 0 0 
0 0 0 0 0 0 0 0 0 0 0 65.43042286 0 0 0 0 0 73.31595256 0 0 0 0 0 0 266.5744186 0 0 0 0 0 0 0 0 0 0 0 0 0 47.4615175 0 0 0 75.37425936 126.8780491 0 0 0 0 0 0 0 0 0 0 0 0 0 0 0 0 0 0 0 0 0 0 0 0 0 0 0 0 0 0 53.57929825 0 0 65.75804864 0 0 0 0 0 0 0 0 0 0 102.6455671 0 
0 0 0 0 58.88290973 0 71.99133717 0 0 0 0 0 0 0 0 0 0 0 47.72398437 107.0393844 0 81.08968623 0 104.1005579 0 0 0 0 0 66.4893924 0 0 0 0 0 0 0 0 0 173.8966429 0 0 189.2728882 0 101.162396 0 0 0 0 0 0 0 0 56.68897573 0 199.5641018 54.51263135 69.30342682 0 98.34952845 0 0 0 0 125.4451538 0 0 66.18825421 0 0 0 0 97.13902153 11.15510247 0 49.82319765 0 0 0 0 0 0 0 0 0 205.2561608 0 0 0 0 
0 0 0 121.8029138 0 0 0 24.75015324 74.70266759 0 0 115.9500795 0 39.42047427 0 0 0 0 0 0 0 215.4946329 0 0 0 0 0 0 0 0 0 0 0 0 0 0 0 0 0 136.374334 0 0 0 0 0 0 0 0 0 0 0 0 162.2294767 88.63702488 0 0 0 108.8949622 0 0 0 0 0 0 0 0 0 0 0 0 0 0 0 30.59363296 56.17362195 0 0 0 0 0 0 114.1309452 0 0 0 0 0 0 0 0 
88.8576833 0 18.79794241 0 0 78.01749032 0 0 0 154.2702727 0 0 0 0 0 0 0 0 0 124.0670273 0 0 0 0 0 0 0 0 83.0545905 0 0 0 67.07699904 0 0 0 0 0 63.750766 0 0 0 0 0 0 0 0 0 0 0 91.29325717 37.14282373 0 0 0 87.45750468 0 0 0 0 0 0 0 99.84417555 152.4710073 0 0 0 150.6006423 0 0 84.4169668 0 0 57.12725335 0 0 0 0 0 0 0 0 0 211.1473769 0 0 0 0 0 
0 90.47489115 0 0 0 0 0 0 0 89.11320951 0 0 0 0 0 35.72916454 0 249.43935 15.53349576 0 0 0 0 0 101.2659926 76.80925411 0 0 0 0 0 0 25.72494726 139.7436832 157.0487397 0 0 0 0 0 0 0 0 0 0 0 0 0 115.1066178 0 0 0 0 0 87.0395369 75.64352776 0 0 0 0 0 0 0 0 0 0 0 40.46154241 0 44.55730905 0 0 0 0 0 106.9293417 0 0 0 0 0 0 224.438624 0 0 0 0 0 0 0 
0 0 67.52040434 0 0 0 0 0 0 0 0 0 0 0 0 0 0 0 0 94.72633244 0 0 0 0 203.6159842 0 0 0 0 0 0 0 0 0 126.7226713 0 0 0 135.1059234 0 0 230.6339179 0 186.8902908 0 111.5174206 0 0 0 0 0 0 0 0 0 0 0 129.0389735 0 0 0 0 0 0 179.7486816 0 105.9201133 0 0 0 0 0 0 0 0 0 106.7668093 0 0 0 134.9239644 102.6404589 0 0 0 0 0 139.0343222 0 0 
0 0 0 67.63628417 0 112.1933675 0 69.41707021 0 0 0 0 0 0 0 0 72.86672672 0 0 216.4552497 0 0 95.30938445 0 0 43.40802588 0 0 0 0 0 0 0 0 0 0 0 0 0 0 48.07677843 0 34.84998837 0 0 140.3817858 0 0 0 0 0 0 0 89.00890813 0 0 0 0 0 0 0 197.11864 0 0 304.6197134 0 0 0 82.18884535 0 0 0 0 0 0 0 0 0 0 0 0 0 0 0 0 0 0 0 0 0 
0 110.6659128 0 0 0 0 0 0 0 51.20438795 0 0 0 0 0 0 0 0 0 0 0 0 0 0 0 0 119.9267852 0 0 0 117.8935002 0 0 0 0 0 0 0 0 0 0 0 0 0 0 46.37148481 82.33712826 79.05940622 0 0 0 27.01989303 0 0 0 0 0 0 0 0 122.3591734 0 0 0 0 0 0 0 0 0 136.6099435 95.33880175 0 0 0 0 0 0 115.9774593 0 270.8214193 0 0 202.6479397 0 0 0 0 131.2616126 145.4886087 
0 0 0 0 0 0 0 0 0 0 78.67845112 0 0 0 0 75.16820322 0 0 0 0 0 0 0 0 0 0 0 0 0 98.10278764 0 0 0 0 0 0 0 0 0 0 0 0 0 0 0 0 50.5152244 0 0 0 0 0 0 0 0 0 0 0 0 76.95212042 97.98891638 358.7841653 0 0 0 0 0 0 13.72497882 20.64099295 0 0 0 87.90022404 0 0 0 0 0 0 0 0 0 0 0 0 0 0 0 0 
74.3983071 0 0 0 0 0 0 0 0 0 0 141.0673307 0 0 0 0 0 0 0 0 84.94907928 116.327712 0 0 0 0 0 0 0 81.09084848 0 0 0 0 0 0 0 0 100.7980732 132.089358 0 0 0 0 82.38713084 0 0 125.3898693 0 80.46265803 0 0 0 0 0 0 0 0 0 0 0 0 0 0 0 0 0 0 0 0 0 0 102.5222242 0 0 0 0 114.200602 0 0 0 0 0 0 0 0 0 0 0 0 
0 0 0 0 0 85.0938476 0 0 0 0 105.4965553 0 55.34421043 125.5496754 61.31450178 0 0 0 0 0 0 0 0 0 0 0 94.55205184 0 0 101.5449097 32.4604183 0 0 0 0 0 0 0 0 0 0 0 0 0 0 0 48.31141515 0 0 0 0 0 0 0 0 0 0 91.39465079 0 0 0 0 0 198.3174753 0 0 0 0 0 0 0 0 0 0 42.14240632 0 107.6808886 0 0 0 0 0 0 0 0 0 0 0 0 83.07151563 
0 79.31416165 0 0 0 0 0 89.52863489 0 24.91193948 0 0 90.82494831 0 0 0 0 0 0 0 0 156.4765379 0 0 0 0 0 108.359289 59.55624221 0 67.83625918 0 0 0 0 76.13365612 0 0 0 0 51.67496545 0 0 0 0 0 0 0 0 0 0 0 0 201.3885004 0 23.96361009 0 0 0 0 0 0 0 0 0 0 0 0 0 0 0 221.8701361 0 0 0 0 0 0 0 0 0 0 0 0 0 0 0 0 0 0 
# Errors [psd_monitor7/analyser7_psd.dat] I_err:
44.90967494 0 103.5442586 0 0 76.89089381 0 0 0 0 0 0 73.02502748 0 0 0 0 0 58.528718 0 70.16386113 73.78977402 0 60.68504497 0 0 0 17.24855551 0 0 0 78.28005075 60.84442581 66.48306873 0 0 0 44.55703028 54.59202153 0 90.90520556 0 0 0 0 91.19508584 0 114.8893949 67.38933114 0 0 31.54014808 28.64749357 0 66.08570014 50.55959631 89.0953222 113.3062528 69.23768668 0 0 32.06528264 0 56.38543676 0 130.0733101 68.75933478 0 0 0 0 45.39915709 0 104.5627269 0 38.05222088 0 72.23206262 0 56.56001358 0 0 0 61.92898302 84.73578916 0 97.69606906 86.90314487 88.26562972 0 
0 13.30682996 0 0 0 0 0 71.34654345 0 0 0 0 0 0 41.89158479 0 7.677971803 67.45208375 91.84129015 58.59942803 59.93556817 37.12454008 0 93.85388672 98.60609482 74.76898327 115.8293908 0 96.35507466 0 67.23083349 60.70322513 0 0 0 0 126.6261104 61.94749651 0 69.25745173 0 33.7936742 0 0 0 75.96535856 112.2203783 67.19480289 0 0 54.02931347 0 0 64.38032761 41.38156204 0 36.71291608 0 0 52.95648566 70.9070424 95.19449745 42.95248508 55.96219795 71.55815077 0 0 84.88698977 58.13829094 41.55771928 114.2014297 117.5785056 61.51445956 65.87325153 0 0 0 52.16996841 78.08896326 0 99.6092418 0 0 0 62.95381809 0 61.35504822 48.76486419 0 0 
71.46086539 43.64954579 85.58305441 0 54.48358798 0 77.6092087 0 78.68675178 0 63.19910867 25.0381872 0 0 68.19691926 66.00779628 43.10060692 0 0 67.5426366 87.94109864 0 0 0 47.5534101 0 75.26805217 0 57.00460206 61.07743654 91.43745972 0 0 32.97360846 0 48.69703686 59.44044377 46.8793437 147.348842 0 57.52717819 71.69745735 38.36988044 73.81308202 98.02715107 0 0 0 59.8206856 0 83.34133667 114.1698739 55.20984132 72.77765588 77.50623715 0 72.02052566 0 0 90.71301616 0 54.24974746 0 0 80.08802749 68.15465584 34.71184044 0 0 0 0 0 12.91795551 0 83.74381949 0 0 0 0 0 0 66.46202613 0 0 0 65.04142749 64.48993743 55.20851561 0 75.78144591 
0 75.34849023 60.19303165 0 24.63943008 68.74760296 52.49243286 0 61.63282053 81.6864761 0 83.92573056 0 0 96.43273744 0 61.45841009 0 54.14283915 0 0 45.43550875 0 0 0 95.72599717 0 76.51624774 0 57.37209862 59.69391007 96.52894909 0 72.70309447 0 0 0 71.24048387 0 0 0 0 0 0 0 0 0 76.18963589 83.80040842 0 58.61538119 81.15119283 0 0 47.24927158 0 61.24906402 132.3503125 87.2545205 0 0 0 87.52144302 20.78106866 0 0 0 71.3562354 0 81.35967334 0 0 42.80782734 63.0394839 60.63833061 70.13581286 76.98960369 47.19803582 0 60.81796841 0 38.97907951 101.0841139 0 49.54725185 71.99807845 0 0 86.71630188 74.37966792 
59.76006629 45.81817478 0 79.06446043 73.89225006 60.00876582 0 68.29823918 65.19319629 0 0 0 15.59690085 0 76.62358611 0 0 41.69116587 81.40067009 24.73698709 80.30754488 54.59938616 78.29102848 118.2118009 69.28633979 0 38.27062584 0 66.30090658 73.25953554 0 14.25074371 0 60.70140759 0 0 68.4511431 0 0 0 22.68517348 74.2610888 0 40.36346289 51.15180903 88.00745781 0 73.714451 0 0 0 0 70.44134412 0 0 42.54353575 0 0 66.74880587 144.8030917 56.52412065 0 82.49621776 56.08993304 0 0 0 62.55867868 38.37805543 63.19153158 68.83017916 63.82097779 57.30456329 0 0 77.08869078 0 0 50.34021118 0 0 0 42.75705734 0 0 0 81.70086483 0 0 0 
0 68.63161935 0 0 0 67.66303206 0 0 44.50451941 88.72525707 65.38134233 63.75641254 52.86664265 56.37524816 0 0 0 0 0 0 74.60241576 84.87725589 76.04681303 0 55.45076775 0 22.16645516 21.49373862 48.00955151 35.46674792 0 63.20561753 0 73.27965016 43.2487263 0 0 28.46684568 0 0 57.50860504 0 0 49.06465401 0 0 0 0 0 93.57757979 0 78.83159623 48.81252244 0 70.36406456 0 0 73.02455172 60.19913079 0 0 0 0 90.06553771 0 0 0 72.78919754 107.5041769 72.63058872 65.80027718 64.02031983 107.7974521 47.80620217 0 0 0 0 62.61343676 0 68.4024254 71.10349477 0 0 0 0 104.5599889 0 0 0 
0 0 0 85.87890885 67.36908551 0 0 0 0 85.8279453 72.52339999 0 56.94467203 0 61.63144612 0 0 45.54144344 0 61.03355237 0 0 0 89.44691769 0 0 0 98.6541964 111.0876545 0 82.70922654 70.14283319 29.21572156 74.2461481 0 0 0 0 40.88977564 0 0 0 0 0 49.4688414 20.31626781 0 0 79.97931569 68.48731122 93.28856122 0 0 73.1085374 90.98198043 58.55628212 0 65.27384653 0 39.98045195 70.96815093 70.59514068 0 59.27104439 0 40.91026774 0 0 0 39.91995208 68.60747165 78.44674866 65.16566025 62.41818064 41.97838117 99.39259787 109.5332476 100.6761893 0 0 76.90026895 0 70.18965717 0 35.16481816 64.74981949 0 34.71980781 0 0 
0 63.40445748 0 0 0 0 105.4533951 49.8036132 0 70.28449884 0 71.69031444 0 0 78.11883688 0 77.48736902 68.77975234 0 73.42285785 0 110.6444559 0 75.5263665 0 0 71.13456508 0 0 0 0 21.7054019 78.39950275 0 0 0 0 46.9489518 0 0 0 70.32202554 0 0 0 0 83.7261926 0 53.5222184 0 62.76528802 0 0 77.3494548 0 0 66.74435556 100.9128071 0 0 135.4089958 0 0 0 67.92354761 58.99937005 0 74.97865737 94.77251058 105.8684594 0 0 51.61221031 55.97431229 0 0 82.41651415 0 68.2252271 0 0 0 51.9251765 0 0 0 0 0 69.73366152 0 
0 0 0 0 65.0511865 70.42312523 64.5248417 0 0 0 0 0 0 0 0 57.47851637 0 0 0 0 100.8075092 122.0634883 74.5927355 0 0 93.49220933 0 79.61141647 0 0 73.60801231 63.18615599 0 76.36750902 62.71762508 114.1925526 61.54138789 0 0 0 0 0 0 91.99926034 27.60226258 65.47692664 0 74.31252461 0 88.93196386 0 66.51982596 72.56749685 37.44798463 0 0 24.95815335 0 68.73815199 62.73862753 97.80988964 0 0 0 0 97.23597643 76.67906902 63.14986293 64.69283926 0 0 66.49088745 86.57500666 0 0 104.0009872 0 0 0 0 0 75.29019331 51.0714418 36.73166717 0 0 64.22691219 0 120.5320668 96.47141594 
0 0 67.11156675 0 77.49012499 0 58.92984547 0 80.59224036 0 0 0 0 32.23760566 0 107.7631059 0 0 44.43166521 52.80848395 0 21.0465448 0 81.90913659 0 0 0 0 0 0 0 75.34369083 58.3680517 41.39824793 0 0 0 42.19575647 0 32.45387601 73.57692357 0 0 0 73.95778978 82.5611299 0 88.42733886 0 0 0 0 48.07455006 0 0 0 66.81321324 0 76.34622341 0 75.95351153 0 0 33.33754311 0 37.89155704 16.66863316 0 0 79.80168039 60.19193173 58.8796367 0 0 0 119.0111261 58.64239969 47.75562916 21.91127165 0 122.2148454 108.002458 0 98.95584775 56.77376247 0 0 0 0 0 
72.38043923 0 77.98560886 0 66.41014335 0 62.4065746 0 0 0 0 42.77360909 0 0 100.5169029 0 0 133.1402058 88.70619496 48.23310645 0 0 55.42589228 72.93094234 0 0 0 0 0 46.33712517 0 0 47.45233835 0 51.65363357 48.9196654 59.38612236 0 0 0 88.08156671 78.35479988 0 0 53.17256175 0 79.5787363 80.76838716 0 60.74150606 0 0 85.90599373 0 0 0 0 0 0 71.70348984 69.44046275 89.86756406 77.76761668 64.5097835 0 41.74966927 73.28875483 107.6646579 71.9871943 81.29914953 25.49644739 65.04780246 0 0 0 0 0 43.24454028 0 22.05449287 84.40456441 86.79979732 87.19393907 62.59098855 79.62525483 0 0 0 63.30819208 79.99222115 
72.45765028 68.69801472 0 19.88141597 0 0 66.65808447 0 46.13864243 0 0 0 0 0 48.1575194 0 0 0 95.35540417 0 103.9659322 0 74.00780129 0 0 0 129.0348683 0 0 71.77395225 0 0 0 0 90.86424812 112.8988956 0 0 66.2798161 85.75989628 0 0 0 0 0 48.99592582 86.58769802 41.04813485 0 56.69505697 0 100.0091037 0 111.9583744 92.48076645 0 0 0 0 57.50752683 92.10745219 59.57166274 0 0 0 0 0 89.03293082 72.23939199 116.4139366 112.883553 0 0 0 72.81401849 0 84.55065165 95.23258071 102.5899979 0 34.29294138 64.04917113 74.37040927 38.71092709 0 0 49.71549777 0 97.91262357 25.85807043 
0 0 0 74.4461699 0 0 0 0 0 0 0 0 68.12264836 50.21674532 0 0 48.81620227 0 54.22851454 0 0 121.7525895 0 30.20790201 0 0 74.60574925 0 0 69.77448343 0 54.03211536 72.27261135 73.56644393 0 0 0 52.62104053 108.1470247 77.63751656 0 0 39.71466495 115.5199523 0 0 65.30490352 45.37997701 0 119.0626778 0 67.84359324 66.30134367 142.5950918 84.82999614 0 56.37735993 0 111.2765686 0 76.06861484 0 76.85965441 0 35.82669667 0 0 0 0 0 0 72.31886635 0 0 79.09750264 53.5998784 106.2905986 0 0 0 83.26923509 86.96939064 0 0 0 80.43109731 0 38.99449951 0 0 
0 70.23255756 0 67.63601158 0 0 0 0 33.56243332 0 106.7700663 0 63.1248854 0 0 0 0 82.2038963 26.02076557 21.30261101 109.3115102 0 95.1934204 73.64205136 0 110.3475447 0 72.44814281 0 76.86332971 50.35167747 0 0 68.14964282 0 0 0 0 0 0 105.0221117 0 0 117.3847102 38.13708334 0 0 0 0 56.19143622 0 89.52489426 80.43001454 54.07237037 0 0 0 64.31828792 0 0 0 78.79564454 0 76.86292874 70.71205085 0 0 84.11518431 69.75623824 0 104.6315806 0 47.93722457 0 0 0 0 0 0 111.0694606 0 63.1139463 89.99366755 0 0 54.77663575 0 57.2778539 0 79.0690175 
0 76.89702421 0 0 0 0 0 73.97735144 0 0 0 0 73.04463269 0 96.66621984 53.03743089 0 0 0 0 0 0 73.83102183 0 21.6690205 0 0 0 0 0 95.02592769 127.2697453 83.6580174 0 0 0 75.43024116 71.40444852 0 0 85.49043316 0 0 108.5280536 0 0 0 102.9781179 0 81.59804702 80.00109301 0 0 0 0 109.2082434 0 73.15122483 52.96929008 81.73791118 0 80.65288915 0 0 34.47347119 0 0 0 0 0 86.25451225 0 0 82.98360228 0 0 0 0 53.97571991 62.17004182 38.86019602 77.92395973 0 64.7106644 0 0 0 87.15116998 30.31817526 0 
0 0 0 0 0 0 80.22347378 0 52.54558835 0 61.61184427 0 0 0 64.29907034 0 0 0 0 0 0 0 73.80954059 0 0 26.78250566 0 0 120.4404863 32.61770358 52.31162063 93.30218435 69.54403477 83.91714428 0 0 0 0 66.85648803 81.65946838 0 0 98.96095209 0 65.38268969 85.91624895 0 72.40434869 0 0 59.47731666 60.3040046 0 60.94416059 0 88.67916726 0 0 100.9365052 75.92866586 61.58500667 0 0 68.65453482 0 0 0 0 0 0 95.94783069 0 0 60.93516876 0 0 137.8246905 75.14708001 25.09668461 35.95842142 0 0 37.20809221 76.18515887 85.28930428 0 0 0 95.85564316 0 
0 0 0 0 71.06944202 77.99695606 0 0 0 0 0 0 0 87.47107703 71.35857809 0 0 45.06750354 0 0 0 24.40416726 0 61.77395312 0 0 48.26553933 71.11243006 0 0 0 0 0 98.41409358 19.17515332 126.8305045 67.44317345 0 76.30646337 77.6155523 0 136.6489244 60.89148495 74.68452611 0 0 0 0 0 0 0 139.8336301 75.21176409 0 0 32.43928499 0 0 0 99.37931721 0 35.40370984 0 71.83994813 0 35.76645583 0 0 122.2701445 0 0 0 0 50.97958729 93.89792499 0 0 39.04603792 59.35892272 38.9287761 0 83.9955481 0 0 0 0 68.64957071 57.71045563 84.07605567 0 
0 0 93.03507106 0 16.66901945 0 97.10102947 84.94858275 0 0 0 0 0 41.13253696 0 69.16990911 19.29828247 0 0 77.44226434 70.39975217 0 69.82510114 91.51787278 81.4595301 0 56.47449841 14.6901083 0 56.22402391 0 139.0546872 0 76.93804039 77.33782307 0 35.04867339 0 0 0 0 0 91.85581398 90.28290565 0 0 99.54473893 89.86190031 0 0 0 140.9047221 0 0 0 0 70.56241887 107.0922354 0 86.14288912 0 0 89.87181864 87.92147672 0 104.889981 118.5331357 0 0 0 0 0 0 0 0 70.00556758 85.83628167 52.26244845 80.27703014 105.6212478 108.3640922 74.03108007 67.10857038 0 0 0 76.952456 81.93384844 89.81408416 53.96841651 
0 80.0843242 0 0 0 0 0 0 76.1447707 0 0 0 81.73158397 0 0 62.74839741 0 71.07198056 73.78687142 75.45696712 0 0 88.37727059 0 0 100.2933184 75.0029923 0 0 0 43.8688062 0 0 105.7852053 76.89070539 0 0 0 0 79.27906252 0 73.69381367 86.24915832 32.28120937 88.70819273 65.49517391 0 0 0 0 71.41082528 0 0 0 0 0 45.58660686 41.85402751 0 0 70.77893327 34.84607607 42.90317046 0 0 47.55117562 0 94.09519955 0 0 0 0 29.64854393 0 0 80.78736866 0 0 0 76.09650572 80.96762007 0 0 0 0 0 73.00815997 0 78.01004188 101.1960119 
118.7648158 55.34887625 42.53183736 0 81.06179734 0 0 0 0 46.42559345 0 71.78055668 0 81.66248785 72.32793614 0 86.62297105 0 0 54.16153919 0 0 0 75.98790443 0 35.37055289 0 0 0 0 136.7213578 0 75.53945946 100.5132391 0 0 77.40662625 0 61.04157868 0 0 66.84823055 0 0 78.96731831 55.79902256 104.3428695 0 61.04046791 0 83.71952334 61.68979893 74.8365495 0 0 121.3879158 44.74561243 0 61.01099733 84.03065577 0 106.557957 77.78765327 73.7786487 0 0 0 104.9788933 89.75228738 0 52.15358108 0 0 0 49.9978002 0 0 0 0 0 98.65825147 72.3251105 0 0 90.32966489 56.28062072 0 0 0 54.69109319 
0 0 0 0 0 0 82.77947851 0 0 114.8307268 0 60.34321315 0 0 0 0 0 0 0 0 0 0 39.38006987 30.28202278 78.21933703 26.90259948 0 37.81691664 0 0 0 0 0 84.59782253 0 83.77571838 0 43.88444989 0 0 0 70.85967374 0 0 75.58395973 0 0 0 77.35616086 0 65.50050535 0 53.37695403 67.54186516 78.31725618 78.99673687 85.12610809 0 69.12452945 81.52633989 0 0 80.57491295 65.57396733 0 0 66.77558044 0 92.62399422 0 0 64.97047234 0 81.15089111 47.65148593 88.99571852 0 61.34304965 0 0 68.55629474 24.09445395 0 75.47350189 27.38310164 0 0 87.98756577 0 87.59954607 
0 36.24323334 0 0 85.8707263 0 86.24706226 0 40.56352933 0 0 0 46.27304967 0 41.14648585 0 0 120.1551147 0 77.07857276 73.45761837 88.16850601 0 0 84.16538596 79.96687859 0 0 55.04149451 0 78.7187896 0 0 111.0798732 0 0 100.39518 0 40.03979712 71.49913428 0 0 37.68881251 71.99479593 0 0 71.33806561 0 0 0 0 0 0 0 0 96.00094942 0 0 95.70413895 0 70.35157244 0 0 76.38418713 0 0 0 0 0 0 64.06611034 0 0 0 0 0 73.65068606 62.21209369 0 0 0 0 0 79.84359739 0 56.36166431 0 0 49.36124571 0 
0 71.30328468 84.74072246 82.49650883 0 0 103.959596 87.13737749 0 0 0 33.37059512 45.62129859 0 0 95.6712307 75.69615181 0 0 76.67238421 0 0 81.95416808 0 33.6832118 0 0 0 0 54.53102762 0 0 79.98150267 0 40.71329471 78.88598787 0 0 107.7278249 87.89702659 88.15165904 0 0 56.33632478 68.27771017 50.77846798 0 0 0 87.19885874 0 0 115.4246872 0 0 94.61977904 64.33137503 0 0 0 0 0 83.92452814 62.19507719 0 109.3845811 0 0 0 0 0 0 90.69243056 0 0 0 0 83.38639384 79.69721128 0 88.57554651 84.22899971 48.35321466 0 73.302139 0 0 0 0 0 
0 0 0 0 93.64999037 66.64983144 0 0 0 0 0 74.14710026 0 49.37672254 0 0 76.04194544 0 0 0 0 71.20374224 0 0 50.56335686 0 53.15146876 73.20237943 0 86.60846203 0 79.21513456 0 0 115.947388 0 0 0 0 0 63.09443512 0 0 0 0 75.82709668 0 0 76.4869094 0 0 0 87.41764719 103.5899819 43.17964063 62.80505007 55.16912101 0 11.89159503 0 0 0 0 0 20.22737408 16.19300472 82.76870629 0 0 0 0 0 0 0 0 80.43055455 0 0 0 0 43.02196148 0 0 0 89.76022752 0 0 0 0 84.09773381 
47.0565249 0 0 67.78642853 0 65.2151198 81.75437813 0 0 79.69503734 0 0 0 0 0 81.06817966 0 0 48.98827478 0 0 41.67563956 0 0 0 0 41.70077938 98.5098634 0 0 0 0 0 68.64626901 100.5585647 0 0 93.59703436 0 0 87.85724479 0 0 83.72071236 0 125.3301558 80.08312605 0 0 101.4657694 95.1869801 0 0 81.20234249 0 0 0 0 0 43.99563909 33.28768557 0 50.70016056 0 92.88697264 0 0 0 0 67.46375579 84.34666368 0 43.34799821 0 74.09880443 0 0 0 124.087658 79.45001429 0 0 0 0 0 0 0 0 52.91812925 0 
0 0 75.82188198 0 0 0 61.58495055 0 0 0 78.82006669 0 0 0 0 72.89925431 76.42825969 0 0 0 0 0 0 0 0 0 0 77.92250817 0 0 0 0 0 0 0 0 0 95.41946623 67.31567792 23.37502906 0 98.02287243 0 71.2264099 0 0 63.34536111 21.21994673 0 0 0 119.6211438 0 0 0 91.49734111 0 0 80.95810794 0 0 112.1806899 0 49.18825034 0 66.24715726 97.46134274 82.94606 0 112.5674849 99.48297995 75.7267561 0 0 67.27422043 0 90.24982299 113.8857494 18.54628228 0 76.50124315 0 0 82.67263912 0 118.5087906 78.37180868 0 0 0 
0 0 0 0 0 0 80.90572966 0 87.25751325 0 0 72.89361022 0 69.00450896 102.9751333 0 0 55.95827254 82.32016755 0 0 85.1240282 82.29331942 0 85.91399247 0 75.54540748 0 0 0 0 0 0 0 0 0 78.86187295 71.19482183 36.29009668 0 0 76.04450727 66.41398323 0 0 87.7917406 0 0 97.58126108 0 0 83.91284154 0 81.88175047 0 0 0 56.22355692 0 0 71.25228262 82.99953995 0 0 0 0 80.32445993 0 71.84284118 0 0 0 0 53.04764856 0 102.8576373 33.79039133 0 0 0 0 81.80310036 0 0 80.56776878 0 0 92.93553474 46.84508414 0 
20.54380395 0 79.0461938 0 0 0 110.1716057 0 0 0 0 78.77510966 0 0 0 0 89.94885395 58.37033201 0 0 54.64792678 103.5120502 0 0 0 0 88.39526522 0 0 0 0 91.76711006 0 0 0 0 122.4906191 0 0 51.87395202 0 71.10310214 0 95.07546507 80.67567499 0 0 0 0 68.91017352 0 0 71.93444707 0 0 0 0 0 0 0 0 0 64.65488329 76.85327485 53.06091809 0 0 0 0 0 0 0 0 43.58287429 0 0 72.44485826 90.66830814 0 103.6900829 108.6232181 0 0 0 29.99615441 53.3524861 0 119.833155 82.09360393 0 
0 76.39602329 0 0 0 0 0 0 0 0 0 0 0 74.84620514 0 0 107.7587592 57.91062929 31.30260778 76.24245342 0 72.18776984 24.30893329 0 0 0 0 0 0 0 0 0 0 0 70.29848073 71.3886196 83.4749459 45.26919307 0 0 0 115.2823066 64.42880551 87.14841689 29.05157037 78.57411302 30.74046043 0 0 90.98216856 0 0 28.97008824 48.63991319 0 0 82.13202588 0 78.39756057 87.40477323 0 24.50513094 79.32225223 67.59627793 0 58.70670157 152.6096449 0 0 0 0 83.25074661 0 71.06045347 0 0 96.54464176 0 0 94.71275487 0 0 0 0 0 0 78.19145901 0 0 65.03909765 
0 0 0 0 0 69.79911449 0 0 0 0 79.73945163 71.54990751 0 61.10036908 85.86300944 0 44.82502085 124.2989505 71.91585511 0 0 0 50.98004551 79.13045962 0 0 66.57519466 0 92.41197618 86.59726956 0 122.7658972 0 164.0254001 42.01241348 0 81.28962877 130.7751086 110.5978123 82.59582994 51.39151836 0 46.04960929 0 0 103.5320867 0 69.44235163 19.21791809 93.35598689 40.42733494 0 0 47.2330539 0 0 0 80.8619311 0 0 85.12805435 81.71299481 0 0 137.3230951 67.16118223 114.666326 0 0 11.99096403 0 0 0 59.53145027 0 0 0 0 79.74363874 0 16.36855086 0 0 92.75278556 0 85.89025217 0 102.2914674 0 0 
0 0 0 104.739141 0 0 0 0 0 0 0 0 0 86.21683024 0 0 0 0 0 0 0 80.543382 0 35.19221903 0 0 0 0 0 0 0 38.65795033 0 81.78313785 0 0 0 60.73351884 0 0 0 0 82.13675545 0 0 0 0 100.4664626 0 52.18938133 36.61176241 0 0 0 0 0 0 80.77734931 0 37.01580239 101.134711 0 0 109.5143527 0 0 0 0 105.640853 0 0 72.53989044 57.5329644 0 87.26219284 0 91.72848803 0 0 0 0 82.53143852 75.93418177 0 0 0 0 0 0 0 
0 0 103.7208038 0 0 76.13858437 77.15282708 0 92.85349454 0 0 0 76.32707549 0 0 0 0 0 0 0 66.97726079 80.34369056 0 0 0 0 67.77681642 0 69.32013354 0 0 0 0 74.43438001 0 75.57557799 0 95.67817158 96.8678582 0 0 0 0 41.69959343 114.2422745 64.48133249 79.91828722 69.75662755 86.16864355 0 82.53648316 0 0 0 0 87.17735864 0 0 78.4618627 83.69527541 0 0 0 77.74029849 88.54782467 0 105.4669216 0 104.3111857 0 0 0 58.64992187 0 0 0 86.2274283 0 0 0 101.9104337 88.11399228 0 0 0 0 0 77.36708855 13.24951591 0 
0 0 0 0 83.95785424 0 68.78015902 90.13522881 0 0 0 0 0 49.63701235 0 86.76045608 0 81.8653755 94.21548906 0 0 82.20511295 0 103.0310722 29.73297664 0 0 0 0 0 0 0 112.4382832 0 90.55286737 83.72189504 0 0 0 0 50.94544839 87.75681533 90.04652179 97.59283286 136.449486 0 0 0 155.8876187 85.91574632 99.54598609 0 64.27112279 0 0 91.96389911 0 125.622542 0 89.26486615 83.12215876 101.8547067 0 106.0633412 0 92.59310441 0 0 0 95.05956471 0 72.58537475 86.12441887 0 108.2771841 0 0 0 0 0 0 0 0 0 46.90449271 0 0 0 0 60.74217751 
0 40.2140382 0 0 0 0 0 72.37090654 0 0 0 86.20429527 0 0 106.2742783 61.739811 0 68.11841978 0 0 43.48011488 63.69525439 73.7739897 93.67104165 0 74.69315833 0 89.26545116 0 0 0 0 84.30316557 0 79.5438189 0 77.56606004 0 134.8387192 0 0 0 0 99.95906121 0 0 0 0 0 78.55905563 0 0 0 0 0 116.2805691 0 0 0 43.83536989 0 0 0 91.01215162 66.15944023 0 0 0 0 0 0 0 0 99.55196253 88.3805188 0 0 0 90.88294512 0 94.79619495 0 126.1075813 136.545119 33.74948513 0 0 0 0 78.01717598 
0 0 60.4933738 79.53097126 0 115.5179807 0 0 0 0 0 0 0 0 0 0 0 0 0 0 0 38.95422943 51.07405786 105.3868884 0 99.93415501 107.522392 0 0 0 70.72701442 0 48.30804859 69.75895929 0 0 55.56232935 0 92.29047743 0 0 0 0 0 0 0 0 92.08365247 0 95.87055753 0 0 0 0 87.18045587 0 0 65.31966286 86.72926916 79.42184827 0 0 54.54938301 101.3383808 45.56294795 0 0 0 0 0 47.6388305 95.17827642 100.8777968 0 0 0 0 0 0 0 87.35836866 0 85.21465647 0 0 0 0 0 65.43811176 0 
0 0 61.02863235 0 0 0 0 0 68.9018391 0 0 112.1040984 0 87.94044504 0 31.47265207 68.90957052 0 0 0 0 0 0 126.5498218 0 77.56340619 0 77.84980129 0 0 64.12884807 77.01333762 81.64491093 50.97845845 8.702219172 0 0 0 0 0 0 0 0 55.57865952 36.96416011 0 76.77829416 97.14925229 0 0 72.36661944 0 0 0 0 102.6246618 0 36.6234605 0 66.49492347 76.71251041 0 116.8010685 79.4882394 0 5.042557532 0 76.81732617 87.32873521 0 0 0 42.30546375 0 0 0 0 83.8296816 89.22185029 0 60.91288268 126.9673888 49.30152155 0 0 0 91.13131254 0 0 83.33577087 
30.8802355 90.56218196 0 0 0 0 0 69.2650654 0 0 0 0 51.79205381 0 54.34766699 0 0 0 0 75.64076798 0 0 0 0 0 113.1399437 0 0 0 0 0 0 74.34106545 0 75.82164457 0 0 67.98897938 0 89.79319528 0 0 0 48.82508249 0 95.47541607 116.3477065 0 0 76.71997014 116.0533237 0 0 0 81.19899871 0 0 0 97.98391169 89.05125074 0 97.08213752 0 3.41975913 0 121.3951935 0 0 1.865539981 86.82581109 45.39248343 0 0 0 0 74.05213365 87.42286588 0 0 0 0 0 0 0 101.112172 90.33958556 0 0 0 0 
0 0 0 0 0 0 0 0 92.46318468 0 0 0 0 0 0 86.87521631 97.89018992 0 0 0 0 0 0 74.54515773 50.35229667 0 0 0 0 0 0 0 97.07938537 0 0 0 0 0 99.28651558 0 15.29442125 93.94619331 91.03990316 85.01591138 0 103.1340988 93.13791388 0 0 29.24347278 97.65455769 0 0 91.79444774 0 0 88.3156738 87.00413245 80.0621788 0 0 0 0 94.9965685 65.51620012 0 84.29110091 96.09762929 0 95.89878348 82.11487092 0 0 0 0 21.9596136 0 73.36427016 0 0 0 91.13794875 0 134.6418777 0 0 0 0 0 0 
0 0 85.47369869 85.1057591 0 0 78.15536378 0 0 72.04584106 0 0 88.9037067 72.53262777 47.33446143 0 0 0 74.63132568 83.91414542 85.62902358 0 0 79.8899482 0 63.10596547 124.9461683 0 0 71.45672792 0 0 0 0 0 0 0 0 31.87403355 0 0 80.99391227 0 88.99055763 0 0 0 0 0 65.24318431 0 0 0 0 0 0 45.87853732 0 0 92.71524607 0 0 118.1947594 0 80.37939495 0 0 111.2797598 61.12388337 0 0 81.54595508 0 0 0 0 0 0 0 0 0 93.48960648 0 61.80127048 0 122.7882958 0 0 0 105.2941617 
123.9216538 0 0 89.59484158 0 0 0 51.33951512 75.12910059 0 0 0 0 69.78240869 0 0 0 0 102.2196284 82.61313876 38.71261188 20.56951597 49.43283817 0 92.23687501 0 53.56449732 0 0 0 0 0 51.70686643 0 0 119.0630411 0 0 0 87.47471922 100.3998802 74.18889242 57.45318188 0 80.75079449 0 0 86.50385128 0 0 0 59.94887104 0 0 0 76.84973486 38.01240107 58.41577365 0 0 0 0 0 120.2341999 0 0 0 0 91.32568998 36.83817327 0 91.8277679 68.71488894 0 100.0115781 135.9282889 0 112.5567221 0 79.18234947 55.43903657 0 0 0 0 0 0 0 0 0 
0 0 0 0 0 0 0 0 0 0 0 0 94.4087634 0 0 0 0 0 86.53564842 0 0 115.2379628 0 0 89.34944915 45.97384449 68.33715958 91.10360999 0 0 0 0 72.83196127 0 0 0 0 0 27.39700174 80.05720765 0 0 0 0 98.69759924 0 0 0 0 0 0 0 0 0 0 0 0 0 0 0 0 0 0 0 113.0810707 104.0277431 0 0 0 0 0 61.01708238 0 0 0 0 0 0 0 0 0 0 100.1801214 0 0 37.11207 89.22486448 31.29599764 87.55169332 0 
0 0 0 0 0 0 107.1172855 0 59.86923793 0 0 0 0 0 75.97878933 0 0 0 79.8835094 0 88.09371864 0 0 0 0 0 0 0 0 0 0 68.72658465 0 0 0 0 0 0 13.9056102 0 0 0 0 0 0 0 84.43762503 0 0 100.6020577 0 0 87.38693754 0 0 81.64814166 0 0 0 25.80181355 0 0 142.035571 0 0 74.52296162 0 0 118.0869952 0 32.23314085 0 0 0 90.02538404 0 0 0 0 0 0 0 105.2127896 102.0048468 79.39636014 101.8970279 0 0 46.2406528 0 
0 0 98.42416006 0 0 0 106.3061549 0 0 0 0 0 0 38.1213312 0 106.2142033 0 57.52452972 0 0 0 0 85.67338692 0 40.93379504 70.32527219 0 0 0 114.7000942 84.80842061 0 0 0 0 84.68101931 0 0 42.68264882 143.5356205 0 42.17193935 0 0 0 0 0 96.64167414 0 0 0 90.75507341 70.60503044 0 0 0 85.65262526 109.5515038 0 0 0 0 0 0 0 0 63.96725004 0 0 0 82.07750221 79.37190687 0 0 0 0 0 0 0 0 0 0 0 101.2313072 0 0 0 0 0 0 
0 0 0 0 0 0 0 0 0 0 0 0 75.65422036 97.41940979 0 0 0 0 0 0 0 0 75.98054945 0 0 0 108.2929476 0 0 0 88.7869546 0 95.22320971 65.7910055 0 0 0 78.44449457 0 0 66.10837901 0 72.4662269 0 0 114.177142 0 0 0 109.5826473 0 29.86056158 84.69130337 0 106.1872523 0 139.1350488 0 0 0 0 0 71.80041505 137.1955176 42.51234851 66.92530036 0 0 28.43875809 0 0 0 0 76.09358296 0 56.30455092 0 0 103.5350473 0 0 0 0 0 0 0 99.12653613 111.905282 124.9707827 0 
0 0 78.98582793 0 0 81.56046225 0 101.309913 0 0 0 0 0 0 0 0 0 114.0524424 0 45.27282503 0 0 68.61958072 82.6454757 0 0 0 0 0 0 0 0 47.25781227 0 0 0 174.7929014 0 53.46403484 0 0 0 0 92.79176675 0 0 73.52872377 0 0 0 0 0 95.8384236 0 0 0 80.65646869 0 0 0 0 0 0 0 97.73779769 0 61.13241933 83.25270552 0 88.24207817 0 0 0 0 0 0 0 53.78072961 0 0 91.70609186 88.09729728 0 0 0 0 0 0 0 134.2939384 
0 92.53529175 0 0 92.70569922 0 0 0 0 0 0 0 0 0 0 74.55957199 0 0 0 0 0 0 0 0 0 0 83.36568749 59.57286088 105.3667851 0 0 0 116.3496571 0 0 79.13082905 0 0 0 71.21864118 0 0 0 133.0941952 0 0 0 88.01400428 61.81585816 85.70975972 0 0 113.8713209 72.85564599 0 0 0 0 0 0 0 104.3976952 0 0 80.13512298 0 0 0 0 0 99.35632365 0 0 54.12535283 0 0 103.2297022 0 0 0 0 0 0 0 0 117.0743477 0 54.43280768 98.22671426 0 
88.51854292 0 0 62.16433886 78.12301848 0 0 0 0 0 0 0 0 28.30956417 0 89.52670573 0 78.07261706 0 0 85.82617353 56.06257138 0 0 0 0 70.69386626 0 0 0 0 0 59.45922863 0 0 0 0 0 0 0 91.62634658 0 75.9427329 0 82.3133364 0 0 37.39219163 0 0 0 0 57.23320832 93.21591285 68.92110314 0 0 0 0 0 0 0 156.4217775 0 151.0962383 0 0 0 0 0 0 50.77208428 0 0 0 0 85.36243699 0 0 0 32.24666385 58.67231619 83.20324242 0 0 0 91.35521446 77.56835808 0 0 
0 0 78.06473614 0 0 0 0 135.0400319 0 0 0 0 0 0 0 0 87.13394198 120.4842918 69.74051006 83.76507853 0 0 0 0 41.7630744 0 0 0 27.31648095 0 0 0 90.45441632 0 0 125.6795618 0 121.1115534 101.2599703 0 94.07514833 0 0 40.85602022 0 0 70.29327023 63.07368228 0 0 0 88.78299391 0 0 0 0 83.44847855 0 0 128.5550862 0 78.46439165 0 0 81.92802006 0 0 72.82777881 0 98.77676099 125.1369115 0 0 0 0 102.780085 0 0 0 121.60675 0 0 0 0 0 66.96391378 0 0 122.8256649 85.38088556 
84.01679048 0 0 0 126.2200826 0 0 0 0 0 0 0 107.999551 0 0 0 0 0 0 119.816544 28.89896944 0 108.4080784 0 0 89.13491366 0 0 103.5658862 0 0 0 120.0365096 30.00075821 0 0 0 0 0 0 0 0 0 0 0 0 0 0 0 103.9799409 0 0 0 91.95282392 127.9112215 0 0 0 109.7419474 0 0 0 0 0 0 0 90.78062981 0 0 0 0 0 0 80.86339441 0 0 0 0 44.37756967 0 0 118.355445 0 0 44.40391951 0 0 0 92.34645256 0 
0 58.23048072 91.49608495 0 0 0 0 0 0 0 42.3424103 72.02485305 0 0 94.41781787 71.72127159 77.06708229 53.44049153 0 0 0 0 0 0 0 90.87500184 83.57959901 0 0 0 0 0 0 57.3015979 112.4580401 38.08785967 0 114.7799955 0 0 0 0 107.7033812 0 0 0 153.5005573 0 98.60785453 79.8220993 0 0 0 0 0 0 0 0 0 0 0 0 0 0 0 0 0 0 0 55.15882361 0 0 0 0 0 0 0 0 0 0 102.8296592 0 0 0 88.20248319 0 0 0 0 84.21173336 
0 0 48.3872261 0 0 0 0 42.61288316 0 0 0 0 0 0 0 0 73.4801007 0 0 0 0 0 0 81.92006258 91.89785131 0 0 93.98760249 0 104.3827515 0 82.40877531 0 0 0 0 0 0 66.11625721 86.45772889 0 0 111.2366726 0 0 0 0 0 0 102.6290395 0 0 100.9167517 81.06309179 92.16055533 58.91006241 0 0 0 0 0 0 0 155.7288508 0 90.52758452 0 0 0 33.67169124 0 0 0 0 0 0 91.37948568 0 0 0 0 0 0 0 126.0973018 0 0 0 96.93979815 0 
0 0 0 77.42335396 0 0 0 0 0 0 79.6543226 65.92268384 0 0 0 0 57.63908447 0 17.88592349 27.17270941 0 0 0 0 71.29107997 45.01473159 0 0 0 0 0 0 0 0 0 99.32556476 0 0 0 0 0 0 0 106.6617615 86.28308031 0 43.77463646 0 0 0 0 0 0 0 0 0 89.88031404 0 108.8100006 72.80433384 0 74.52274815 0 69.66796604 0 0 0 93.59653608 93.69738963 0 0 0 0 28.56782697 0 0 116.8730784 0 0 131.561257 0 108.8891648 0 0 120.5585621 0 0 0 54.55120753 0 
0 0 0 0 0 97.97599198 79.9784225 0 0 0 51.76300943 0 73.11195882 75.4191325 0 0 0 0 0 0 0 0 97.61089085 0 90.89357858 0 0 46.2611544 0 0 0 0 0 0 0 0 0 0 42.85059957 0 0 0 0 0 0 0 0 0 0 0 0 0 0 123.8616081 0 85.98422956 81.23739189 0 0 0 71.41732847 13.22185537 0 125.7715471 0 0 0 0 76.12530782 0 0 0 131.3053988 181.8889933 90.87922681 0 0 0 0 0 0 0 77.7034355 0 0 0 0 0 0 0 
0 0 0 0 0 60.15260414 118.3600307 0 0 0 0 63.46019639 0 0 0 0 0 0 0 0 0 0 0 0 0 0 84.90149397 0 0 86.14633213 71.38994 0 0 0 0 0 0 0 0 0 0 28.70671487 161.5945063 0 0 0 0 0 0 0 46.82195087 0 0 0 137.8985274 0 0 0 70.23097545 0 0 0 0 82.39386955 0 117.9897709 0 0 0 82.7741995 0 0 92.00753147 0 0 0 0 0 123.6707235 0 0 0 0 0 0 0 0 0 0 0 
52.15918286 0 0 0 0 0 0 0 0 93.27584819 0 0 0 0 0 73.85077348 0 0 0 0 0 0 0 0 0 0 0 0 0 0 0 0 71.4642513 0 0 44.48371195 0 0 0 0 111.3963119 0 139.8606921 182.712712 0 80.47736967 0 77.54548023 37.50537936 0 0 0 0 0 0 0 0 0 136.0333603 0 0 0 0 83.3438461 0 15.06102086 0 0 0 0 0 142.0826939 0 0 0 24.17117887 0 0 0 0 117.1637124 0 0 0 0 0 0 0 0 0 
0 0 73.6841889 0 0 0 0 0 50.83416581 0 0 34.83580389 0 0 0 102.1876791 0 0 0 0 109.2339331 28.31426665 0 0 141.635622 108.9685486 0 0 0 0 0 89.28925995 0 0 100.851273 0 0 0 0 27.47310641 0 114.5419693 0 0 0 0 0 0 0 0 0 0 36.36645215 0 0 0 0 0 0 98.38873044 0 0 0 0 0 0 107.9665749 0 0 0 0 0 119.0129688 56.0956182 95.08799215 0 0 0 0 0 0 0 153.8860416 0 0 0 0 74.81371137 0 0 
100.0289743 0 0 0 44.69706193 0 78.7169128 0 0 86.65377321 0 0 99.88707085 0 128.7765831 0 78.58592818 0 0 110.3317361 63.37718827 0 0 0 0 96.30958597 0 67.96472786 99.95102336 0 0 0 0 0 68.9225154 0 0 0 98.49532122 0 0 0 0 0 0 0 0 0 0 0 0 0 119.2521668 15.5284311 0 0 0 0 0 0 0 0 0 0 0 0 40.93660749 0 0 0 0 58.47423018 0 146.979343 46.72280961 0 0 106.0371984 0 146.0706829 164.0441573 0 0 0 0 91.49656006 0 0 89.19491454 0 
77.82040843 0 0 0 0 0 0 0 0 0 78.88665825 78.56715277 0 0 0 0 0 0 0 0 0 0 0 0 0 72.84501634 0 0 104.8170069 39.80045114 0 0 0 114.9699502 90.68015123 93.58357283 0 0 0 0 0 0 0 113.2886017 136.0438143 0 0 0 30.44153352 115.9224143 0 0 0 0 0 0 0 0 0 0 64.26221179 0 0 76.52392391 158.8234728 0 0 0 0 0 98.5788957 0 0 0 125.902816 153.429946 0 0 0 0 0 0 0 103.2216292 0 0 0 0 52.45433264 0 
0 76.32833662 0 0 0 23.18357003 0 0 0 0 0 0 111.0761673 0 0 0 95.26999525 67.44755491 66.56552427 0 0 0 0 0 48.73758313 0 95.65670242 0 0 0 0 0 0 0 0 93.90288841 68.98453649 71.68114436 148.8830753 0 0 0 42.81344537 72.777849 0 112.149712 0 39.55690755 118.3310682 0 0 105.9255716 154.292996 45.85512789 110.4956275 0 0 125.5661177 0 0 11.7275293 66.35647991 0 0 143.1629497 0 69.17633009 0 0 0 0 112.3310603 0 44.60910244 107.5730855 0 0 0 88.20595892 0 0 0 0 0 0 0 125.5798966 0 0 0 
0 70.46040658 0 0 0 0 0 0 0 0 0 0 92.08534252 55.1948343 0 44.21233819 0 0 0 0 58.45209847 62.23247707 0 0 0 0 52.69942838 0 76.7338093 0 0 103.1425918 0 0 0 0 0 0 0 0 0 0 98.14679013 55.00782161 26.36854115 0 0 0 0 0 0 0 0 0 0 0 122.2492096 0 0 0 0 0 87.94021139 85.24361806 0 0 0 0 90.54851531 0 0 110.4537098 0 119.4731993 0 0 100.0386598 0 0 18.99441603 112.8180043 0 104.6356796 121.3929801 0 62.42279344 0 0 0 0 
0 0 67.82419445 77.27639483 0 0 0 86.15099545 0 0 100.5631111 28.13932856 0 72.82826672 0 0 0 0 0 21.78424778 0 0 0 0 0 0 0 0 0 64.79387477 0 0 77.95062284 0 87.28454076 0 133.3363004 0 66.34860235 0 28.05906968 0 0 0 104.1605436 0 0 0 0 0 0 71.0730969 0 0 0 0 0 0 0 31.59583203 0 0 0 0 0 103.9880716 0 134.6015055 168.6772234 0 0 0 0 0 0 0 112.9431877 0 0 0 0 0 0 0 0 111.1403579 0 0 150.9840826 0 
0 0 0 0 0 0 105.0978576 89.27022355 0 0 0 0 59.08912271 0 0 0 83.6029597 0 0 79.98598465 0 0 0 0 0 0 0 0 48.0219955 125.4567306 0 0 0 121.8536242 0 0 59.18217249 17.43735359 126.7680391 25.04918708 0 0 0 0 0 0 0 0 0 126.0005738 0 0 89.43172404 0 0 0 0 0 0 0 73.31409033 0 0 0 0 0 0 0 0 0 0 113.6917046 110.421468 0 0 0 0 150.2061242 0 0 101.208078 0 0 87.52164615 0 0 0 0 114.0310262 0 
54.0939289 0 0 73.71792041 0 0 0 0 0 0 0 74.43065002 48.51775202 0 131.3457876 63.61504851 102.8006941 0 0 0 0 0 0 0 92.68868497 0 0 0 0 0 59.49255162 93.26583368 0 0 0 0 0 0 0 0 108.4780583 0 0 0 0 0 0 40.20741618 0 0 0 0 0 0 0 0 0 0 0 0 111.7089821 0 0 0 0 0 141.128109 45.09230841 0 0 0 0 135.6949031 0 70.28250466 0 0 100.2227651 0 0 0 0 71.82794874 110.3826016 0 169.8150148 0 0 126.7632063 0 
0 0 0 0 0 0 47.79115032 0 0 0 103.0393838 0 0 0 88.68813825 0 0 75.75786796 0 0 0 0 0 20.31024671 0 0 0 49.5819781 0 0 82.71534819 0 0 0 0 91.64074924 0 78.92929776 0 0 0 115.2682161 66.43785745 0 0 0 0 0 0 0 0 0 0 76.28519347 0 0 0 91.20166067 46.11587055 82.9358153 116.5474425 0 89.8662846 0 0 0 65.15939508 0 0 95.16389214 152.1970957 0 0 117.4063161 0 0 0 137.1936757 0 0 96.1853714 122.3025688 0 0 0 80.42816399 0 0 0 0 
0 0 91.66924536 0 0 0 0 0 41.13327187 0 0 0 0 123.0773662 0 0 0 0 0 125.5531964 0 0 79.62526229 0 0 0 0 0 0 0 30.46360424 0 0 0 0 0 0 0 0 0 0 0 0 0 87.25617729 0 0 0 128.8099172 0 0 101.9943306 0 0 0 0 0 74.94904199 107.6895902 0 0 0 90.93890854 0 0 62.89121167 0 0 0 0 0 79.133117 0 0 0 0 0 0 0 0 0 0 0 122.1464781 0 0 87.08015512 0 0 95.48944318 
0 0 0 0 85.88821954 0 87.6809185 0 0 0 0 58.77043076 0 0 0 83.95366994 0 0 0 85.56103067 0 110.6210327 0 0 23.3701637 0 77.76299726 48.3116822 0 91.45437303 86.08209967 0 77.47881277 0 0 0 0 0 0 0 0 0 0 0 0 0 0 0 0 0 0 0 109.8925487 0 0 0 80.96413958 62.42882629 0 0 0 0 0 0 147.7024093 0 0 0 0 0 0 0 0 0 0 0 101.7993632 0 0 0 0 0 0 0 0 107.8149809 0 0 0 0 
40.11873358 0 0 0 7.200600636 0 0 85.7880981 108.6851559 0 0 0 108.1844047 0 0 0 0 0 0 0 0 0 0 45.31603966 0 0 0 96.80505239 0 0 0 0 0 84.92615994 0 73.24481906 0 0 0 0 0 0 93.27274141 0 0 0 0 0 94.93971995 0 0 0 0 0 0 0 0 0 0 102.9125601 0 0 0 0 119.7441557 89.58606896 124.1080848 101.3961956 0 99.90487366 0 0 77.91297098 0 0 0 99.036761 0 84.92355804 0 0 0 0 0 0 0 0 0 0 0 
86.88490022 0 99.71084407 0 70.22417761 0 0 91.39686186 56.65232172 0 99.4118535 0 75.72131925 0 0 0 0 62.9326633 0 0 0 100.0207065 138.6390273 109.6686693 0 75.66828069 0 0 21.23850283 0 58.2105787 0 0 0 0 93.1294354 80.46221607 0 49.92728179 0 0 98.58073889 0 0 0 0 0 0 105.525605 0 0 45.53540794 0 97.24506607 176.4351614 35.61289398 0 0 0 86.3997353 88.59803982 0 0 0 0 93.28345761 0 0 0 0 0 0 0 80.70036451 131.6063179 0 0 0 0 0 0 0 0 0 0 0 0 0 0 0 
0 43.81291679 83.1634299 0 0 0 0 95.81954471 0 0 0 0 0 0 0 74.38155411 0 82.61707165 0 94.71827569 0 0 100.1189088 117.578876 0 0 0 0 0 0 108.8169907 0 112.2162111 0 0 0 0 0 83.04582349 109.2732529 0 0 152.702356 0 0 0 0 0 0 79.09100787 73.39456306 0 0 0 0 89.3686821 0 0 0 0 0 82.96223852 0 0 108.4578901 0 0 71.05759898 0 109.1594205 0 0 0 0 81.74904599 0 0 134.9612385 0 0 0 0 0 0 0 0 0 0 120.3912334 0 
0 0 94.32627771 0 0 0 0 0 120.6326896 120.7533064 0 0 0 0 0 0 91.55013293 0 0 0 42.93366161 0 92.5721531 0 0 0 0 0 0 0 0 79.10733297 0 0 0 0 0 0 0 0 0 0 0 0 107.8409849 82.77448699 0 0 0 0 0 0 64.67257846 0 0 121.4747999 0 71.54316711 0 0 0 0 0 89.80903254 0 0 0 0 141.1154502 0 0 26.026525 154.1474025 0 0 0 116.4595071 0 0 0 0 0 0 0 99.17420841 0 0 122.371578 0 0 
0 0 63.61118015 83.04350878 134.3730649 0 0 90.68109934 0 92.67922928 0 0 0 0 0 0 90.55961473 0 0 0 0 88.84490491 69.55602295 0 0 0 0 0 0 105.9675658 104.4958658 0 0 102.3304443 0 0 0 0 0 105.0563579 0 71.71106399 0 0 0 0 0 0 0 0 0 0 0 0 0 0 0 0 26.68267898 0 0 0 0 0 0 0 0 0 0 0 0 0 0 0 0 19.09503325 315.0216814 0 0 0 0 0 85.96048523 0 0 0 0 0 0 0 
0 0 0 125.7553641 0 0 91.25028487 69.7256625 0 0 82.06089011 0 0 0 0 73.7743871 0 0 0 0 0 0 0 0 0 0 0 118.130732 0 0 17.14670583 95.87468184 83.29711923 0 0 0 0 92.85894568 0 0 0 0 0 0 0 0 0 0 0 0 0 0 0 0 0 0 0 0 0 0 0 87.6109745 0 0 0 0 0 0 0 0 102.3062791 0 0 0 0 0 0 0 0 97.24129174 0 0 0 126.709657 0 0 0 0 0 0 
0 0 0 0 133.4092386 77.98303649 70.99455226 0 0 0 0 0 92.60308307 0 0 0 0 0 0 0 0 108.9088919 0 0 0 0 85.18045873 0 0 0 0 169.9679425 0 0 0 0 0 0 96.62949801 86.47015972 0 0 0 0 0 0 0 0 164.618214 0 0 0 0 0 0 0 0 0 185.2691844 159.2740058 0 0 0 0 0 90.08494425 0 0 0 0 118.0456656 0 0 56.96919833 0 0 0 0 0 0 0 0 0 0 0 0 0 0 0 0 
0 0 0 70.65614506 0 0 45.85641192 0 0 0 0 0 0 0 0 0 0 0 0 0 0 0 0 0 0 106.0964335 0 0 0 0 0 0 0 0 0 0 0 0 34.32516423 0 0 0 87.39003701 0 45.88065153 0 0 0 0 0 104.1495584 48.53257718 0 205.5055807 0 0 0 0 0 154.8067558 224.1162715 0 0 0 121.7284965 0 0 0 0 0 0 0 0 0 0 0 0 0 0 0 208.7363545 0 0 0 0 0 99.66336212 0 121.208936 0 
0 0 0 0 0 0 0 0 0 0 0 0 0 0 0 0 0 0 0 0 0 0 0 40.27984945 0 0 0 74.86021424 0 0 0 0 0 0 0 0 0 89.54599939 0 0 0 0 0 0 99.19934025 0 0 0 0 0 0 0 0 0 0 0 0 0 86.49431146 0 0 0 0 84.87531872 90.39649633 0 0 0 80.45612438 0 0 0 0 0 0 0 0 75.60460976 0 106.7234732 143.0796611 0 92.38020376 0 0 0 100.6400403 0 0 0 
39.28970294 67.83994511 0 0 31.91207454 0 0 0 111.2544867 42.46491352 122.1581167 0 0 0 0 165.2070558 0 0 0 0 0 0 100.9398503 100.3154725 0 99.4586054 0 0 0 0 0 0 0 79.88256778 0 0 0 0 0 0 0 0 81.08278743 35.29057105 0 0 130.2781635 0 0 0 0 151.8685101 0 0 37.77271233 0 0 0 0 0 76.09289096 0 0 0 66.81070162 0 0 0 0 88.72601729 0 0 0 0 0 0 0 0 0 0 0 0 0 0 0 0 0 0 0 0 
0 0 0 0 0 167.1901764 0 0 0 0 0 0 0 0 0 0 0 0 0 66.25202879 0 85.2528225 0 0 0 0 0 0 0 83.89279461 26.12242371 90.12879556 0 0 0 0 0 0 0 0 0 0 0 0 0 0 0 60.69817449 0 0 0 0 0 0 0 65.72830866 0 115.8372384 0 0 0 116.6200803 0 0 0 0 258.0998023 83.3945167 0 0 0 0 0 0 0 0 0 0 204.7432783 0 137.5467039 115.2486852 0 107.035792 0 0 0 0 0 0 
0 0 100.877718 0 0 0 0 0 0 93.42788974 0 62.35300686 0 0 0 0 0 81.98302302 106.362955 0 0 0 0 36.8433513 0 0 85.9277893 0 0 91.9612917 179.0547733 47.88001797 0 0 0 0 0 0 104.3206613 0 102.9907584 0 0 0 194.9748558 0 0 115.2081114 0 0 0 0 0 0 0 0 0 0 0 0 0 0 0 0 0 0 0 0 0 0 177.5809672 0 0 0 0 0 0 0 0 0 110.5103207 132.1902877 0 151.3971951 97.54957765 0 0 0 0 0 
0 0 0 0 0 0 0 0 0 0 0 65.43042286 0 0 0 0 0 73.31595256 0 0 0 0 0 0 155.195059 0 0 0 0 0 0 0 0 0 0 0 0 0 47.4615175 0 0 0 75.37425936 126.8780491 0 0 0 0 0 0 0 0 0 0 0 0 0 0 0 0 0 0 0 0 0 0 0 0 0 0 0 0 0 0 53.57929825 0 0 65.75804864 0 0 0 0 0 0 0 0 0 0 102.6455671 0 
0 0 0 0 58.88290973 0 71.99133717 0 0 0 0 0 0 0 0 0 0 0 47.72398437 107.0393844 0 81.08968623 0 104.1005579 0 0 0 0 0 66.4893924 0 0 0 0 0 0 0 0 0 173.8966429 0 0 189.2728882 0 101.162396 0 0 0 0 0 0 0 0 56.68897573 0 141.9207239 54.51263135 69.30342682 0 98.34952845 0 0 0 0 125.4451538 0 0 66.18825421 0 0 0 0 97.13902153 11.15510247 0 49.82319765 0 0 0 0 0 0 0 0 0 205.2561608 0 0 0 0 
0 0 0 121.8029138 0 0 0 24.75015324 74.70266759 0 0 115.9500795 0 39.42047427 0 0 0 0 0 0 0 152.4183905 0 0 0 0 0 0 0 0 0 0 0 0 0 0 0 0 0 136.374334 0 0 0 0 0 0 0 0 0 0 0 0 162.2294767 88.63702488 0 0 0 108.8949622 0 0 0 0 0 0 0 0 0 0 0 0 0 0 0 30.59363296 56.17362195 0 0 0 0 0 0 117.0962135 0 0 0 0 0 0 0 0 
88.8576833 0 18.79794241 0 0 78.01749032 0 0 0 158.2490953 0 0 0 0 0 0 0 0 0 124.0670273 0 0 0 0 0 0 0 0 83.0545905 0 0 0 67.07699904 0 0 0 0 0 63.750766 0 0 0 0 0 0 0 0 0 0 0 91.29325717 37.14282373 0 0 0 87.45750468 0 0 0 0 0 0 0 99.84417555 152.4710073 0 0 0 150.6006423 0 0 84.4169668 0 0 57.12725335 0 0 0 0 0 0 0 0 0 211.1473769 0 0 0 0 0 
0 90.47489115 0 0 0 0 0 0 0 89.11320951 0 0 0 0 0 35.72916454 0 144.4834549 15.53349576 0 0 0 0 0 101.2659926 76.80925411 0 0 0 0 0 0 25.72494726 139.7436832 157.0487397 0 0 0 0 0 0 0 0 0 0 0 0 0 115.1066178 0 0 0 0 0 87.0395369 75.64352776 0 0 0 0 0 0 0 0 0 0 0 40.46154241 0 44.55730905 0 0 0 0 0 106.9293417 0 0 0 0 0 0 175.9134243 0 0 0 0 0 0 0 
0 0 67.52040434 0 0 0 0 0 0 0 0 0 0 0 0 0 0 0 0 94.72633244 0 0 0 0 203.6159842 0 0 0 0 0 0 0 0 0 97.82877486 0 0 0 135.1059234 0 0 166.4661313 0 132.1944673 0 111.5174206 0 0 0 0 0 0 0 0 0 0 0 129.0389735 0 0 0 0 0 0 179.7486816 0 105.9201133 0 0 0 0 0 0 0 0 0 106.7668093 0 0 0 134.9239644 102.6404589 0 0 0 0 0 139.0343222 0 0 
0 0 0 67.63628417 0 112.1933675 0 69.41707021 0 0 0 0 0 0 0 0 72.86672672 0 0 168.8973176 0 0 95.30938445 0 0 43.40802588 0 0 0 0 0 0 0 0 0 0 0 0 0 0 48.07677843 0 34.84998837 0 0 140.3817858 0 0 0 0 0 0 0 89.00890813 0 0 0 0 0 0 0 197.11864 0 0 303.2584091 0 0 0 82.18884535 0 0 0 0 0 0 0 0 0 0 0 0 0 0 0 0 0 0 0 0 0 
0 110.6659128 0 0 0 0 0 0 0 51.20438795 0 0 0 0 0 0 0 0 0 0 0 0 0 0 0 0 119.9267852 0 0 0 117.8935002 0 0 0 0 0 0 0 0 0 0 0 0 0 0 46.37148481 82.33712826 79.05940622 0 0 0 27.01989303 0 0 0 0 0 0 0 0 122.3591734 0 0 0 0 0 0 0 0 0 136.6099435 95.33880175 0 0 0 0 0 0 115.9774593 0 191.5457279 0 0 202.6479397 0 0 0 0 131.2616126 145.4886087 
0 0 0 0 0 0 0 0 0 0 78.67845112 0 0 0 0 75.16820322 0 0 0 0 0 0 0 0 0 0 0 0 0 98.10278764 0 0 0 0 0 0 0 0 0 0 0 0 0 0 0 0 50.5152244 0 0 0 0 0 0 0 0 0 0 0 0 76.95212042 97.98891638 358.7841653 0 0 0 0 0 0 13.72497882 20.64099295 0 0 0 87.90022404 0 0 0 0 0 0 0 0 0 0 0 0 0 0 0 0 
74.3983071 0 0 0 0 0 0 0 0 0 0 141.0673307 0 0 0 0 0 0 0 0 84.94907928 116.327712 0 0 0 0 0 0 0 81.09084848 0 0 0 0 0 0 0 0 100.7980732 132.089358 0 0 0 0 82.38713084 0 0 125.3898693 0 80.46265803 0 0 0 0 0 0 0 0 0 0 0 0 0 0 0 0 0 0 0 0 0 0 102.5222242 0 0 0 0 114.200602 0 0 0 0 0 0 0 0 0 0 0 0 
0 0 0 0 0 85.0938476 0 0 0 0 105.4965553 0 55.34421043 125.5496754 61.31450178 0 0 0 0 0 0 0 0 0 0 0 94.55205184 0 0 101.5449097 32.4604183 0 0 0 0 0 0 0 0 0 0 0 0 0 0 0 48.31141515 0 0 0 0 0 0 0 0 0 0 91.39465079 0 0 0 0 0 198.3174753 0 0 0 0 0 0 0 0 0 0 42.14240632 0 107.6808886 0 0 0 0 0 0 0 0 0 0 0 0 83.07151563 
0 79.31416165 0 0 0 0 0 89.52863489 0 24.91193948 0 0 90.82494831 0 0 0 0 0 0 0 0 119.0948008 0 0 0 0 0 87.53645077 59.55624221 0 67.83625918 0 0 0 0 76.13365612 0 0 0 0 51.67496545 0 0 0 0 0 0 0 0 0 0 0 0 201.3885004 0 23.96361009 0 0 0 0 0 0 0 0 0 0 0 0 0 0 0 221.8701361 0 0 0 0 0 0 0 0 0 0 0 0 0 0 0 0 0 0 
# Events [psd_monitor7/analyser7_psd.dat] N:
1 0 2 0 0 2 0 0 0 0 0 0 1 0 0 0 0 0 1 0 1 1 0 1 0 0 0 1 0 0 0 1 1 2 0 0 0 1 1 0 2 0 0 0 0 2 0 4 1 0 0 1 1 0 1 1 2 5 2 0 0 2 0 1 0 3 2 0 0 0 0 1 0 2 0 1 0 1 0 1 0 0 0 1 1 0 2 2 2 0 
0 1 0 0 0 0 0 1 0 0 0 0 0 0 1 0 1 1 2 1 1 1 0 2 2 1 3 0 2 0 1 1 0 0 0 0 3 1 0 1 0 1 0 0 0 1 3 1 0 0 1 0 0 1 1 0 1 0 0 1 1 2 1 1 1 0 0 3 1 1 3 3 1 2 0 0 0 1 1 0 2 0 0 0 1 0 1 1 0 0 
1 1 2 0 1 0 1 0 1 0 1 1 0 0 2 1 1 0 0 1 2 0 0 0 1 0 1 0 1 2 2 0 0 1 0 1 1 2 4 0 3 1 1 1 3 0 0 0 1 0 1 3 1 1 1 0 1 0 0 2 0 2 0 0 1 1 1 0 0 0 0 0 1 0 2 0 0 0 0 0 0 1 0 0 0 1 1 1 0 1 
0 1 1 0 1 1 1 0 1 1 0 1 0 0 3 0 1 0 1 0 0 1 0 0 0 2 0 2 0 1 1 2 0 1 0 0 0 2 0 0 0 0 0 0 0 0 0 1 1 0 1 1 0 0 1 0 2 3 1 0 0 0 1 1 0 0 0 1 0 1 0 0 1 1 1 1 1 1 0 1 0 1 2 0 1 1 0 0 1 1 
1 1 0 1 1 1 0 1 2 0 0 0 1 0 1 0 0 1 1 1 1 1 1 3 1 0 1 0 1 1 0 1 0 1 0 0 1 0 0 0 1 2 0 1 1 2 0 1 0 0 0 0 1 0 0 1 0 0 1 4 1 0 2 1 0 0 0 1 1 1 1 1 1 0 0 1 0 0 1 0 0 0 1 0 0 0 1 0 0 0 
0 1 0 0 0 1 0 0 1 2 1 1 1 1 0 0 0 0 0 0 1 1 1 0 2 0 1 1 1 1 0 1 0 1 1 0 0 1 0 0 1 0 0 1 0 0 0 0 0 2 0 1 1 0 1 0 0 2 1 0 0 0 0 2 0 0 0 1 3 1 1 1 2 1 0 0 0 0 2 0 1 2 0 0 0 0 3 0 0 0 
0 0 0 1 1 0 0 0 0 2 1 0 1 0 1 0 0 1 0 1 0 0 0 2 0 0 0 3 2 0 1 1 1 1 0 0 0 0 1 0 0 0 0 0 1 1 0 0 2 1 2 0 0 1 3 1 0 1 0 1 1 1 0 1 0 1 0 0 0 1 1 1 2 1 1 2 2 2 0 0 1 0 1 0 1 1 0 1 0 0 
0 1 0 0 0 0 4 1 0 1 0 1 0 0 1 0 1 1 0 1 0 2 0 2 0 0 1 0 0 0 0 1 1 0 0 0 0 1 0 0 0 1 0 0 0 0 2 0 1 0 1 0 0 1 0 0 2 2 0 0 3 0 0 0 1 1 0 1 2 2 0 0 1 1 0 0 1 0 1 0 0 0 1 0 0 0 0 0 2 0 
0 0 0 0 1 1 1 0 0 0 0 0 0 0 0 1 0 0 0 0 2 3 1 0 0 2 0 1 0 0 1 1 0 1 1 2 1 0 0 0 0 0 0 2 1 1 0 1 0 2 0 1 2 1 0 0 1 0 2 1 2 0 0 0 0 2 2 1 1 0 0 1 1 0 0 2 0 0 0 0 0 1 1 1 0 0 1 0 3 2 
0 0 1 0 1 0 1 0 2 0 0 0 0 1 0 2 0 0 1 1 0 1 0 1 0 0 0 0 0 0 0 1 1 1 0 0 0 1 0 1 1 0 0 0 1 2 0 2 0 0 0 0 1 0 0 0 1 0 1 0 2 0 0 1 0 1 1 0 0 1 1 1 0 0 0 2 1 1 1 0 3 2 0 2 2 0 0 0 0 0 
1 0 2 0 1 0 1 0 0 0 0 1 0 0 2 0 0 3 1 1 0 0 1 1 0 0 0 0 0 1 0 0 2 0 1 1 1 0 0 0 2 1 0 0 1 0 2 1 0 1 0 0 2 0 0 0 0 0 0 1 1 1 1 1 0 1 1 2 1 1 1 1 0 0 0 0 0 1 0 1 1 2 1 1 1 0 0 0 1 2 
1 2 0 1 0 0 1 0 1 0 0 0 0 0 1 0 0 0 1 0 3 0 1 0 0 0 3 0 0 1 0 0 0 0 2 2 0 0 1 1 0 0 0 0 0 1 1 1 0 1 0 2 0 2 1 0 0 0 0 1 2 2 0 0 0 0 0 2 1 3 2 0 0 0 1 0 2 2 3 0 1 1 1 1 0 0 1 0 2 1 
0 0 0 1 0 0 0 0 0 0 0 0 1 1 0 0 1 0 1 0 0 3 0 1 0 0 1 0 0 1 0 1 1 1 0 0 0 1 3 1 0 0 1 3 0 0 1 1 0 2 0 1 1 4 1 0 1 0 2 0 1 0 1 0 1 0 0 0 0 0 0 1 0 0 1 1 3 0 0 0 1 1 0 0 0 1 0 1 0 0 
0 1 0 1 0 0 0 0 1 0 2 0 1 0 0 0 0 1 1 1 2 0 1 1 0 2 0 1 0 1 1 0 0 1 0 0 0 0 0 0 2 0 0 2 1 0 0 0 0 1 0 1 1 1 0 0 0 1 0 0 0 1 0 1 1 0 0 2 1 0 2 0 1 0 0 0 0 0 0 3 0 1 1 0 0 1 0 1 0 2 
0 1 0 0 0 0 0 1 0 0 0 0 1 0 2 1 0 0 0 0 0 0 1 0 1 0 0 0 0 0 2 4 1 0 0 0 1 1 0 0 1 0 0 2 0 0 0 2 0 2 1 0 0 0 0 2 0 1 1 1 0 1 0 0 1 0 0 0 0 0 1 0 0 1 0 0 0 0 1 1 1 1 0 1 0 0 0 1 1 0 
0 0 0 0 0 0 1 0 1 0 1 0 0 0 1 0 0 0 0 0 0 0 1 0 0 1 0 0 3 1 1 2 1 1 0 0 0 0 1 1 0 0 2 0 1 1 0 1 0 0 1 1 0 1 0 1 0 0 2 1 1 0 0 1 0 0 0 0 0 0 2 0 0 1 0 0 4 1 1 1 0 0 1 1 1 0 0 0 1 0 
0 0 0 0 1 1 0 0 0 0 0 0 0 1 1 0 0 1 0 0 0 1 0 1 0 0 1 1 0 0 0 0 0 2 1 3 1 0 1 1 0 3 1 1 0 0 0 0 0 0 0 4 1 0 0 1 0 0 0 2 0 1 0 1 0 1 0 0 3 0 0 0 0 1 2 0 0 1 1 1 0 1 0 0 0 0 1 1 1 0 
0 0 2 0 1 0 2 1 0 0 0 0 0 1 0 1 1 0 0 1 1 0 1 2 1 0 1 1 0 1 0 3 0 1 1 0 1 0 0 0 0 0 1 1 0 0 2 1 0 0 0 3 0 0 0 0 1 2 0 1 0 0 2 1 0 2 2 0 0 0 0 0 0 0 0 1 1 1 1 2 3 1 1 0 0 0 1 1 1 1 
0 1 0 0 0 0 0 0 1 0 0 0 1 0 0 1 0 1 1 1 0 0 1 0 0 2 1 0 0 0 1 0 0 2 1 0 0 0 0 2 0 1 2 1 1 1 0 0 0 0 1 0 0 0 0 0 1 1 0 0 1 2 1 0 0 2 0 2 0 0 0 0 1 0 0 1 0 0 0 1 1 0 0 0 0 0 1 0 1 1 
2 1 1 0 1 0 0 0 0 1 0 1 0 1 1 0 1 0 0 1 0 0 0 1 0 1 0 0 0 0 3 0 1 2 0 0 1 0 1 0 0 1 0 0 1 1 2 0 1 0 1 1 2 0 0 3 1 0 1 2 0 2 1 1 0 0 0 1 1 0 1 0 0 0 1 0 0 0 0 0 1 1 0 0 2 1 0 0 0 1 
0 0 0 0 0 0 2 0 0 2 0 1 0 0 0 0 0 0 0 0 0 0 1 1 1 1 0 1 0 0 0 0 0 1 0 1 0 1 0 0 0 1 0 0 1 0 0 0 1 0 1 0 1 1 1 2 2 0 1 1 0 0 3 1 0 0 1 0 1 0 0 1 0 2 1 1 0 1 0 0 1 1 0 1 1 0 0 1 0 1 
0 1 0 0 1 0 1 0 1 0 0 0 1 0 1 0 0 2 0 1 1 1 0 0 1 1 0 0 1 0 1 0 0 2 0 0 2 0 1 1 0 0 1 1 0 0 1 0 0 0 0 0 0 0 0 1 0 0 1 0 1 0 0 1 0 0 0 0 0 0 1 0 0 0 0 0 1 1 0 0 0 0 0 1 0 1 0 0 1 0 
0 1 1 1 0 0 2 1 0 0 0 1 1 0 0 2 1 0 0 1 0 0 1 0 1 0 0 0 0 2 0 0 1 0 1 1 0 0 2 1 1 0 0 1 1 1 0 0 0 1 0 0 2 0 0 1 1 0 0 0 0 0 3 1 0 2 0 0 0 0 0 0 1 0 0 0 0 1 1 0 2 1 1 0 1 0 0 0 0 0 
0 0 0 0 2 1 0 0 0 0 0 1 0 1 0 0 1 0 0 0 0 2 0 0 1 0 1 1 0 1 0 1 0 0 2 0 0 0 0 0 1 0 0 0 0 1 0 0 1 0 0 0 1 2 1 1 1 0 1 0 0 0 0 0 1 1 1 0 0 0 0 0 0 0 0 1 0 0 0 0 1 0 0 0 1 0 0 0 0 1 
1 0 0 1 0 1 1 0 0 1 0 0 0 0 0 1 0 0 1 0 0 1 0 0 0 0 1 2 0 0 0 0 0 1 1 0 0 2 0 0 2 0 0 1 0 2 1 0 0 2 1 0 0 1 0 0 0 0 0 1 1 0 1 0 2 0 0 0 0 1 1 0 1 0 1 0 0 0 2 1 0 0 0 0 0 0 0 0 1 0 
0 0 1 0 0 0 1 0 0 0 1 0 0 0 0 1 1 0 0 0 0 0 0 0 0 0 0 1 0 0 0 0 0 0 0 0 0 2 1 1 0 1 0 1 0 0 1 1 0 0 0 2 0 0 0 2 0 0 1 0 0 2 0 1 0 1 2 1 0 2 1 1 0 0 1 0 1 2 1 0 1 0 0 1 0 2 1 0 0 0 
0 0 0 0 0 0 1 0 1 0 0 1 0 1 2 0 0 1 2 0 0 1 2 0 1 0 1 0 0 0 0 0 0 0 0 0 1 1 1 0 0 1 1 0 0 1 0 0 1 0 0 1 0 1 0 0 0 1 0 0 1 1 0 0 0 0 1 0 2 0 0 0 0 1 0 2 1 0 0 0 0 1 0 0 1 0 0 1 1 0 
1 0 1 0 0 0 3 0 0 0 0 1 0 0 0 0 1 1 0 0 1 1 0 0 0 0 1 0 0 0 0 1 0 0 0 0 2 0 0 1 0 1 0 2 1 0 0 0 0 1 0 0 1 0 0 0 0 0 0 0 0 0 1 1 1 0 0 0 0 0 0 0 0 1 0 0 1 1 0 1 2 0 0 0 1 1 0 2 1 0 
0 1 0 0 0 0 0 0 0 0 0 0 0 1 0 0 2 1 1 1 0 1 1 0 0 0 0 0 0 0 0 0 0 0 1 1 1 1 0 0 0 2 1 1 1 1 1 0 0 1 0 0 1 1 0 0 1 0 1 1 0 1 1 1 0 1 4 0 0 0 0 1 0 1 0 0 1 0 0 1 0 0 0 0 0 0 1 0 0 1 
0 0 0 0 0 1 0 0 0 0 1 1 0 1 2 0 1 2 1 0 0 0 1 2 0 0 1 0 1 1 0 3 0 3 1 0 2 3 2 1 1 0 1 0 0 2 0 1 1 2 1 0 0 1 0 0 0 1 0 0 1 1 0 0 2 1 2 0 0 1 0 0 0 1 0 0 0 0 2 0 1 0 0 1 0 1 0 1 0 0 
0 0 0 2 0 0 0 0 0 0 0 0 0 1 0 0 0 0 0 0 0 1 0 1 0 0 0 0 0 0 0 1 0 1 0 0 0 1 0 0 0 0 1 0 0 0 0 1 0 1 1 0 0 0 0 0 0 1 0 1 2 0 0 2 0 0 0 0 3 0 0 1 1 0 1 0 1 0 0 0 0 1 1 0 0 0 0 0 0 0 
0 0 3 0 0 1 1 0 2 0 0 0 1 0 0 0 0 0 0 0 1 1 0 0 0 0 1 0 2 0 0 0 0 1 0 1 0 1 1 0 0 0 0 1 2 1 1 1 1 0 1 0 0 0 0 1 0 0 1 1 0 0 0 1 1 0 2 0 1 0 0 0 1 0 0 0 1 0 0 0 1 1 0 0 0 0 0 1 1 0 
0 0 0 0 1 0 1 1 0 0 0 0 0 1 0 1 0 1 1 0 0 1 0 1 1 0 0 0 0 0 0 0 2 0 1 1 0 0 0 0 1 1 1 1 2 0 0 0 4 1 1 0 1 0 0 1 0 3 0 1 1 3 0 2 0 1 0 0 0 1 0 1 1 0 2 0 0 0 0 0 0 0 0 0 1 0 0 0 0 1 
0 1 0 0 0 0 0 1 0 0 0 1 0 0 2 2 0 1 0 0 1 1 1 1 0 1 0 1 0 0 0 0 1 0 1 0 1 0 2 0 0 0 0 1 0 0 0 0 0 1 0 0 0 0 0 2 0 0 0 1 0 0 0 1 1 0 0 0 0 0 0 0 0 1 1 0 0 0 1 0 1 0 2 2 1 0 0 0 0 1 
0 0 1 1 0 2 0 0 0 0 0 0 0 0 0 0 0 0 0 0 0 1 1 2 0 1 2 0 0 0 1 0 1 1 0 0 1 0 1 0 0 0 0 0 0 0 0 1 0 1 0 0 0 0 2 0 0 1 1 1 0 0 1 1 1 0 0 0 0 0 1 1 1 0 0 0 0 0 0 0 1 0 1 0 0 0 0 0 1 0 
0 0 1 0 0 0 0 0 1 0 0 2 0 1 0 1 1 0 0 0 0 0 0 2 0 1 0 1 0 0 1 1 1 1 1 0 0 0 0 0 0 0 0 1 1 0 1 1 0 0 1 0 0 0 0 1 0 1 0 1 1 0 2 1 0 1 0 1 1 0 0 0 1 0 0 0 0 1 1 0 1 3 1 0 0 0 1 0 0 1 
1 1 0 0 0 0 0 1 0 0 0 0 1 0 1 0 0 0 0 1 0 0 0 0 0 2 0 0 0 0 0 0 1 0 1 0 0 1 0 1 0 0 0 1 0 1 1 0 0 1 2 0 0 0 1 0 0 0 1 1 0 1 0 1 0 2 0 0 1 1 1 0 0 0 0 1 1 0 0 0 0 0 0 0 2 1 0 0 0 0 
0 0 0 0 0 0 0 0 2 0 0 0 0 0 0 1 1 0 0 0 0 0 0 1 1 0 0 0 0 0 0 0 1 0 0 0 0 0 1 0 1 1 2 1 0 1 1 0 0 1 1 0 0 1 0 0 1 1 2 0 0 0 0 1 1 0 1 1 0 1 1 0 0 0 0 1 0 1 0 0 0 1 0 2 0 0 0 0 0 0 
0 0 1 1 0 0 1 0 0 1 0 0 1 1 1 0 0 0 1 1 1 0 0 1 0 1 2 0 0 1 0 0 0 0 0 0 0 0 1 0 0 1 0 2 0 0 0 0 0 1 0 0 0 0 0 0 1 0 0 1 0 0 2 0 1 0 0 2 1 0 0 1 0 0 0 0 0 0 0 0 0 1 0 1 0 2 0 0 0 1 
2 0 0 1 0 0 0 1 1 0 0 0 0 1 0 0 0 0 1 1 1 1 1 0 1 0 1 0 0 0 0 0 1 0 0 2 0 0 0 1 2 1 1 0 1 0 0 1 0 0 0 1 0 0 0 1 1 1 0 0 0 0 0 1 0 0 0 0 1 1 0 1 1 0 1 2 0 2 0 1 1 0 0 0 0 0 0 0 0 0 
0 0 0 0 0 0 0 0 0 0 0 0 1 0 0 0 0 0 1 0 0 2 0 0 1 1 2 1 0 0 0 0 1 0 0 0 0 0 1 1 0 0 0 0 1 0 0 0 0 0 0 0 0 0 0 0 0 0 0 0 0 0 0 0 1 1 0 0 0 0 0 1 0 0 0 0 0 0 0 0 0 0 1 0 0 1 2 1 1 0 
0 0 0 0 0 0 1 0 1 0 0 0 0 0 1 0 0 0 1 0 1 0 0 0 0 0 0 0 0 0 0 1 0 0 0 0 0 0 1 0 0 0 0 0 0 0 1 0 0 1 0 0 1 0 0 1 0 0 0 1 0 0 2 0 0 1 0 0 2 0 1 0 0 0 1 0 0 0 0 0 0 0 1 1 1 1 0 0 1 0 
0 0 1 0 0 0 2 0 0 0 0 0 0 1 0 2 0 1 0 0 0 0 1 0 1 1 0 0 0 2 1 0 0 0 0 1 0 0 1 3 0 1 0 0 0 0 0 2 0 0 0 1 1 0 0 0 1 2 0 0 0 0 0 0 0 0 1 0 0 0 1 1 0 0 0 0 0 0 0 0 0 0 0 1 0 0 0 0 0 0 
0 0 0 0 0 0 0 0 0 0 0 0 1 2 0 0 0 0 0 0 0 0 2 0 0 0 2 0 0 0 2 0 1 1 0 0 0 1 0 0 1 0 1 0 0 2 0 0 0 1 0 1 1 0 1 0 2 0 0 0 0 0 1 3 1 2 0 0 1 0 0 0 0 1 0 1 0 0 1 0 0 0 0 0 0 0 1 1 2 0 
0 0 2 0 0 1 0 1 0 0 0 0 0 0 0 0 0 2 0 1 0 0 1 1 0 0 0 0 0 0 0 0 1 0 0 0 4 0 1 0 0 0 0 1 0 0 1 0 0 0 0 0 1 0 0 0 1 0 0 0 0 0 0 0 1 0 1 1 0 1 0 0 0 0 0 0 0 1 0 0 1 1 0 0 0 0 0 0 0 2 
0 1 0 0 1 0 0 0 0 0 0 0 0 0 0 1 0 0 0 0 0 0 0 0 0 0 1 1 2 0 0 0 2 0 0 1 0 0 0 1 0 0 0 2 0 0 0 1 1 1 0 0 2 1 0 0 0 0 0 0 0 1 0 0 1 0 0 0 0 0 1 0 0 1 0 0 1 0 0 0 0 0 0 0 0 3 0 1 1 0 
1 0 0 1 1 0 0 0 0 0 0 0 0 1 0 1 0 1 0 0 1 1 0 0 0 0 1 0 0 0 0 0 1 0 0 0 0 0 0 0 1 0 1 0 1 0 0 1 0 0 0 0 1 1 1 0 0 0 0 0 0 0 3 0 3 0 0 0 0 0 0 1 0 0 0 0 1 0 0 0 1 1 1 0 0 0 1 1 0 0 
0 0 1 0 0 0 0 2 0 0 0 0 0 0 0 0 1 2 1 1 0 0 0 0 1 0 0 0 1 0 0 0 1 0 0 2 0 1 1 0 1 0 0 1 0 0 1 1 0 0 0 2 0 0 0 0 1 0 0 2 0 1 0 0 2 0 0 1 0 1 1 0 0 0 0 2 0 0 0 1 0 0 0 0 0 1 0 0 1 1 
1 0 0 0 2 0 0 0 0 0 0 0 3 0 0 0 0 0 0 2 1 0 1 0 0 1 0 0 1 0 0 0 1 1 0 0 0 0 0 0 0 0 0 0 0 0 0 0 0 1 0 0 0 1 2 0 0 0 1 0 0 0 0 0 0 0 1 0 0 0 0 0 0 1 0 0 0 0 1 0 0 1 0 0 1 0 0 0 1 0 
0 1 1 0 0 0 0 0 0 0 1 1 0 0 1 1 1 1 0 0 0 0 0 0 0 1 1 0 0 0 0 0 0 1 1 1 0 1 0 0 0 0 1 0 0 0 3 0 1 1 0 0 0 0 0 0 0 0 0 0 0 0 0 0 0 0 0 0 0 1 0 0 0 0 0 0 0 0 0 0 2 0 0 0 1 0 0 0 0 1 
0 0 1 0 0 0 0 1 0 0 0 0 0 0 0 0 1 0 0 0 0 0 0 1 1 0 0 1 0 1 0 1 0 0 0 0 0 0 1 1 0 0 2 0 0 0 0 0 0 1 0 0 1 1 1 1 0 0 0 0 0 0 0 2 0 1 0 0 0 1 0 0 0 0 0 0 1 0 0 0 0 0 0 0 2 0 0 0 1 0 
0 0 0 2 0 0 0 0 0 0 1 1 0 0 0 0 1 0 1 1 0 0 0 0 1 1 0 0 0 0 0 0 0 0 0 1 0 0 0 0 0 0 0 1 1 0 1 0 0 0 0 0 0 0 0 0 1 0 1 1 0 1 0 1 0 0 0 1 1 0 0 0 0 1 0 0 1 0 0 1 0 2 0 0 1 0 0 0 1 0 
0 0 0 0 0 1 1 0 0 0 1 0 1 1 0 0 0 0 0 0 0 0 1 0 1 0 0 1 0 0 0 0 0 0 0 0 0 0 1 0 0 0 0 0 0 0 0 0 0 0 0 0 0 1 0 1 1 0 0 0 1 1 0 1 0 0 0 0 1 0 0 0 1 2 1 0 0 0 0 0 0 0 1 0 0 0 0 0 0 0 
0 0 0 0 0 1 2 0 0 0 0 1 0 0 0 0 0 0 0 0 0 0 0 0 0 0 1 0 0 1 1 0 0 0 0 0 0 0 0 0 0 1 3 0 0 0 0 0 0 0 1 0 0 0 1 0 0 0 1 0 0 0 0 1 0 1 0 0 0 1 0 0 1 0 0 0 0 0 1 0 0 0 0 0 0 0 0 0 0 0 
1 0 0 0 0 0 0 0 0 1 0 0 0 0 0 1 0 0 0 0 0 0 0 0 0 0 0 0 0 0 0 0 1 0 0 1 0 0 0 0 1 0 1 3 0 1 0 1 1 0 0 0 0 0 0 0 0 0 2 0 0 0 0 1 0 1 0 0 0 0 0 2 0 0 0 1 0 0 0 0 1 0 0 0 0 0 0 0 0 0 
0 0 1 0 0 0 0 0 1 0 0 1 0 0 0 1 0 0 0 0 1 1 0 0 1 1 0 0 0 0 0 1 0 0 1 0 0 0 0 1 0 2 0 0 0 0 0 0 0 0 0 0 1 0 0 0 0 0 0 1 0 0 0 0 0 0 2 0 0 0 0 0 1 1 1 0 0 0 0 0 0 0 3 0 0 0 0 2 0 0 
1 0 0 0 1 0 1 0 0 1 0 0 1 0 2 0 1 0 0 1 1 0 0 0 0 1 0 1 1 0 0 0 0 0 1 0 0 0 1 0 0 0 0 0 0 0 0 0 0 0 0 0 2 1 0 0 0 0 0 0 0 0 0 0 0 0 1 0 0 0 0 1 0 2 1 0 0 1 0 1 2 0 0 0 0 1 0 0 1 0 
1 0 0 0 0 0 0 0 0 0 1 1 0 0 0 0 0 0 0 0 0 0 0 0 0 1 0 0 1 1 0 0 0 1 1 1 0 0 0 0 0 0 0 1 2 0 0 0 1 1 0 0 0 0 0 0 0 0 0 0 1 0 0 1 2 0 0 0 0 0 1 0 0 0 1 2 0 0 0 0 0 0 0 1 0 0 0 0 1 0 
0 1 0 0 0 1 0 0 0 0 0 0 2 0 0 0 1 1 1 0 0 0 0 0 1 0 1 0 0 0 0 0 0 0 0 1 1 1 1 0 0 0 1 1 0 1 0 1 1 0 0 1 2 1 1 0 0 1 0 0 1 1 0 0 2 0 1 0 0 0 0 1 0 1 1 0 0 0 1 0 0 0 0 0 0 0 1 0 0 0 
0 1 0 0 0 0 0 0 0 0 0 0 1 1 0 1 0 0 0 0 1 1 0 0 0 0 1 0 1 0 0 1 0 0 0 0 0 0 0 0 0 0 2 1 1 0 0 0 0 0 0 0 0 0 0 0 2 0 0 0 0 0 1 1 0 0 0 0 1 0 0 1 0 1 0 0 1 0 0 1 1 0 1 1 0 1 0 0 0 0 
0 0 1 1 0 0 0 1 0 0 1 1 0 2 0 0 0 0 0 1 0 0 0 0 0 0 0 0 0 1 0 0 1 0 1 0 3 0 1 0 1 0 0 0 1 0 0 0 0 0 0 1 0 0 0 0 0 0 0 1 0 0 0 0 0 1 0 1 2 0 0 0 0 0 0 0 2 0 0 0 0 0 0 0 0 1 0 0 1 0 
0 0 0 0 0 0 1 1 0 0 0 0 1 0 0 0 1 0 0 1 0 0 0 0 0 0 0 0 1 2 0 0 0 1 0 0 2 1 2 1 0 0 0 0 0 0 0 0 0 1 0 0 1 0 0 0 0 0 0 0 1 0 0 0 0 0 0 0 0 0 0 1 1 0 0 0 0 1 0 0 1 0 0 1 0 0 0 0 1 0 
1 0 0 1 0 0 0 0 0 0 0 1 1 0 1 1 1 0 0 0 0 0 0 0 1 0 0 0 0 0 1 1 0 0 0 0 0 0 0 0 1 0 0 0 0 0 0 1 0 0 0 0 0 0 0 0 0 0 0 0 1 0 0 0 0 0 2 1 0 0 0 0 2 0 1 0 0 1 0 0 0 0 1 1 0 2 0 0 1 0 
0 0 0 0 0 0 1 0 0 0 2 0 0 0 1 0 0 1 0 0 0 0 0 1 0 0 0 1 0 0 1 0 0 0 0 2 0 1 0 0 0 1 1 0 0 0 0 0 0 0 0 0 0 1 0 0 0 1 1 1 1 0 1 0 0 0 1 0 0 1 2 0 0 1 0 0 0 2 0 0 1 1 0 0 0 1 0 0 0 0 
0 0 1 0 0 0 0 0 1 0 0 0 0 1 0 0 0 0 0 1 0 0 1 0 0 0 0 0 0 0 1 0 0 0 0 0 0 0 0 0 0 0 0 0 1 0 0 0 2 0 0 1 0 0 0 0 0 1 1 0 0 0 1 0 0 1 0 0 0 0 0 1 0 0 0 0 0 0 0 0 0 0 0 1 0 0 1 0 0 1 
0 0 0 0 1 0 1 0 0 0 0 1 0 0 0 1 0 0 0 1 0 2 0 0 1 0 1 1 0 1 1 0 1 0 0 0 0 0 0 0 0 0 0 0 0 0 0 0 0 0 0 0 1 0 0 0 1 1 0 0 0 0 0 0 2 0 0 0 0 0 0 0 0 0 0 0 1 0 0 0 0 0 0 0 0 1 0 0 0 0 
1 0 0 0 1 0 0 1 2 0 0 0 2 0 0 0 0 0 0 0 0 0 0 1 0 0 0 1 0 0 0 0 0 1 0 1 0 0 0 0 0 0 1 0 0 0 0 0 1 0 0 0 0 0 0 0 0 0 0 1 0 0 0 0 2 1 1 1 0 1 0 0 1 0 0 0 1 0 1 0 0 0 0 0 0 0 0 0 0 0 
1 0 1 0 1 0 0 1 1 0 1 0 1 0 0 0 0 1 0 0 0 1 2 1 0 1 0 0 1 0 1 0 0 0 0 1 1 0 1 0 0 1 0 0 0 0 0 0 1 0 0 1 0 1 2 1 0 0 0 1 1 0 0 0 0 1 0 0 0 0 0 0 0 1 1 0 0 0 0 0 0 0 0 0 0 0 0 0 0 0 
0 1 1 0 0 0 0 1 0 0 0 0 0 0 0 1 0 1 0 1 0 0 1 1 0 0 0 0 0 0 2 0 1 0 0 0 0 0 1 1 0 0 1 0 0 0 0 0 0 1 1 0 0 0 0 1 0 0 0 0 0 1 0 0 1 0 0 1 0 1 0 0 0 0 1 0 0 2 0 0 0 0 0 0 0 0 0 0 1 0 
0 0 1 0 0 0 0 0 2 1 0 0 0 0 0 0 1 0 0 0 1 0 1 0 0 0 0 0 0 0 0 1 0 0 0 0 0 0 0 0 0 0 0 0 1 1 0 0 0 0 0 0 1 0 0 1 0 1 0 0 0 0 0 1 0 0 0 0 2 0 0 1 1 0 0 0 1 0 0 0 0 0 0 0 1 0 0 1 0 0 
0 0 1 1 1 0 0 1 0 1 0 0 0 0 0 0 1 0 0 0 0 1 1 0 0 0 0 0 0 1 1 0 0 1 0 0 0 0 0 1 0 1 0 0 0 0 0 0 0 0 0 0 0 0 0 0 0 0 1 0 0 0 0 0 0 0 0 0 0 0 0 0 0 0 0 1 2 0 0 0 0 0 1 0 0 0 0 0 0 0 
0 0 0 2 0 0 1 1 0 0 1 0 0 0 0 1 0 0 0 0 0 0 0 0 0 0 0 1 0 0 1 1 1 0 0 0 0 1 0 0 0 0 0 0 0 0 0 0 0 0 0 0 0 0 0 0 0 0 0 0 0 1 0 0 0 0 0 0 0 0 1 0 0 0 0 0 0 0 0 1 0 0 0 1 0 0 0 0 0 0 
0 0 0 0 1 1 1 0 0 0 0 0 1 0 0 0 0 0 0 0 0 1 0 0 0 0 1 0 0 0 0 1 0 0 0 0 0 0 1 1 0 0 0 0 0 0 0 0 1 0 0 0 0 0 0 0 0 0 1 3 0 0 0 0 0 1 0 0 0 0 1 0 0 1 0 0 0 0 0 0 0 0 0 0 0 0 0 0 0 0 
0 0 0 1 0 0 1 0 0 0 0 0 0 0 0 0 0 0 0 0 0 0 0 0 0 3 0 0 0 0 0 0 0 0 0 0 0 0 1 0 0 0 1 0 1 0 0 0 0 0 1 1 0 2 0 0 0 0 0 2 2 0 0 0 2 0 0 0 0 0 0 0 0 0 0 0 0 0 0 0 1 0 0 0 0 0 1 0 1 0 
0 0 0 0 0 0 0 0 0 0 0 0 0 0 0 0 0 0 0 0 0 0 0 1 0 0 0 2 0 0 0 0 0 0 0 0 0 1 0 0 0 0 0 0 1 0 0 0 0 0 0 0 0 0 0 0 0 0 1 0 0 0 0 1 1 0 0 0 1 0 0 0 0 0 0 0 0 1 0 1 1 0 1 0 0 0 1 0 0 0 
1 1 0 0 1 0 0 0 1 1 1 0 0 0 0 1 0 0 0 0 0 0 2 1 0 2 0 0 0 0 0 0 0 1 0 0 0 0 0 0 0 0 1 1 0 0 1 0 0 0 0 2 0 0 1 0 0 0 0 0 1 0 0 0 1 0 0 0 0 1 0 0 0 0 0 0 0 0 0 0 0 0 0 0 0 0 0 0 0 0 
0 0 0 0 0 1 0 0 0 0 0 0 0 0 0 0 0 0 0 1 0 1 0 0 0 0 0 0 0 1 1 1 0 0 0 0 0 0 0 0 0 0 0 0 0 0 0 1 0 0 0 0 0 0 0 1 0 3 0 0 0 1 0 0 0 0 2 1 0 0 0 0 0 0 0 0 0 0 3 0 1 1 0 1 0 0 0 0 0 0 
0 0 2 0 0 0 0 0 0 1 0 1 0 0 0 0 0 1 1 0 0 0 0 1 0 0 1 0 0 1 1 1 0 0 0 0 0 0 2 0 1 0 0 0 2 0 0 1 0 0 0 0 0 0 0 0 0 0 0 0 0 0 0 0 0 0 0 0 0 0 3 0 0 0 0 0 0 0 0 0 1 1 0 1 1 0 0 0 0 0 
0 0 0 0 0 0 0 0 0 0 0 1 0 0 0 0 0 1 0 0 0 0 0 0 3 0 0 0 0 0 0 0 0 0 0 0 0 0 1 0 0 0 1 1 0 0 0 0 0 0 0 0 0 0 0 0 0 0 0 0 0 0 0 0 0 0 0 0 0 0 0 0 0 0 1 0 0 1 0 0 0 0 0 0 0 0 0 0 1 0 
0 0 0 0 1 0 1 0 0 0 0 0 0 0 0 0 0 0 1 1 0 1 0 1 0 0 0 0 0 1 0 0 0 0 0 0 0 0 0 1 0 0 1 0 1 0 0 0 0 0 0 0 0 1 0 2 1 1 0 1 0 0 0 0 1 0 0 1 0 0 0 0 1 1 0 1 0 0 0 0 0 0 0 0 0 1 0 0 0 0 
0 0 0 1 0 0 0 1 1 0 0 1 0 1 0 0 0 0 0 0 0 2 0 0 0 0 0 0 0 0 0 0 0 0 0 0 0 0 0 1 0 0 0 0 0 0 0 0 0 0 0 0 1 1 0 0 0 1 0 0 0 0 0 0 0 0 0 0 0 0 0 0 0 1 1 0 0 0 0 0 0 2 0 0 0 0 0 0 0 0 
1 0 1 0 0 1 0 0 0 2 0 0 0 0 0 0 0 0 0 1 0 0 0 0 0 0 0 0 1 0 0 0 1 0 0 0 0 0 1 0 0 0 0 0 0 0 0 0 0 0 1 1 0 0 0 1 0 0 0 0 0 0 0 1 1 0 0 0 1 0 0 1 0 0 1 0 0 0 0 0 0 0 0 0 1 0 0 0 0 0 
0 1 0 0 0 0 0 0 0 1 0 0 0 0 0 1 0 3 1 0 0 0 0 0 1 1 0 0 0 0 0 0 1 1 1 0 0 0 0 0 0 0 0 0 0 0 0 0 1 0 0 0 0 0 1 1 0 0 0 0 0 0 0 0 0 0 0 1 0 1 0 0 0 0 0 1 0 0 0 0 0 0 2 0 0 0 0 0 0 0 
0 0 1 0 0 0 0 0 0 0 0 0 0 0 0 0 0 0 0 1 0 0 0 0 1 0 0 0 0 0 0 0 0 0 2 0 0 0 1 0 0 2 0 2 0 1 0 0 0 0 0 0 0 0 0 0 0 1 0 0 0 0 0 0 1 0 1 0 0 0 0 0 0 0 0 0 1 0 0 0 1 1 0 0 0 0 0 1 0 0 
0 0 0 1 0 1 0 1 0 0 0 0 0 0 0 0 1 0 0 2 0 0 1 0 0 1 0 0 0 0 0 0 0 0 0 0 0 0 0 0 1 0 1 0 0 1 0 0 0 0 0 0 0 1 0 0 0 0 0 0 0 1 0 0 2 0 0 0 1 0 0 0 0 0 0 0 0 0 0 0 0 0 0 0 0 0 0 0 0 0 
0 1 0 0 0 0 0 0 0 1 0 0 0 0 0 0 0 0 0 0 0 0 0 0 0 0 1 0 0 0 1 0 0 0 0 0 0 0 0 0 0 0 0 0 0 1 1 1 0 0 0 1 0 0 0 0 0 0 0 0 1 0 0 0 0 0 0 0 0 0 1 1 0 0 0 0 0 0 1 0 2 0 0 1 0 0 0 0 1 1 
0 0 0 0 0 0 0 0 0 0 1 0 0 0 0 1 0 0 0 0 0 0 0 0 0 0 0 0 0 1 0 0 0 0 0 0 0 0 0 0 0 0 0 0 0 0 1 0 0 0 0 0 0 0 0 0 0 0 0 1 1 1 0 0 0 0 0 0 1 1 0 0 0 1 0 0 0 0 0 0 0 0 0 0 0 0 0 0 0 0 
1 0 0 0 0 0 0 0 0 0 0 1 0 0 0 0 0 0 0 0 1 1 0 0 0 0 0 0 0 1 0 0 0 0 0 0 0 0 1 1 0 0 0 0 1 0 0 1 0 1 0 0 0 0 0 0 0 0 0 0 0 0 0 0 0 0 0 0 0 0 0 0 1 0 0 0 0 1 0 0 0 0 0 0 0 0 0 0 0 0 
0 0 0 0 0 1 0 0 0 0 1 0 1 1 1 0 0 0 0 0 0 0 0 0 0 0 1 0 0 1 1 0 0 0 0 0 0 0 0 0 0 0 0 0 0 0 1 0 0 0 0 0 0 0 0 0 0 1 0 0 0 0 0 1 0 0 0 0 0 0 0 0 0 0 1 0 1 0 0 0 0 0 0 0 0 0 0 0 0 1 
0 1 0 0 0 0 0 1 0 1 0 0 1 0 0 0 0 0 0 0 0 2 0 0 0 0 0 2 1 0 1 0 0 0 0 1 0 0 0 0 1 0 0 0 0 0 0 0 0 0 0 0 0 1 0 1 0 0 0 0 0 0 0 0 0 0 0 0 0 0 0 1 0 0 0 0 0 0 0 0 0 0 0 0 0 0 0 0 0 0 
