# Format: McCode with text headers
# URL: http://www.mccode.org
# Creator: McStas 2.5beta01 - Nov. 03, 2018
# Instrument: Full_simple_noSqq.instr
# Ncount: 6250000
# Trace: no
# Gravitation: no
# Seed: 1544414390
# Directory: Magnon_rerun_events_B_noEfocus_noSqq/12
# Nodes: 16
# Param: WaveMin=2.75
# Param: WaveMax=4.4
# Param: E_0=4
# Param: L_0=0
# Param: chopPulseOpening=0.004
# Param: DivSlit0_width=0.1
# Param: DivSlit1_width=0.1
# Param: DivSlit2_width=0.1
# Param: DivSlit3_width=0.1
# Param: Npulse=1
# Param: print=0
# Param: makeVirtualSource=0
# Param: printMValues=0
# Param: power=2
# Param: BWopen=161
# Param: OMA=37.072
# Param: TTA=74.1432
# Param: OMA2=30.628
# Param: TTA2=61.256
# Param: phi=37
# Param: dphi=0.332
# Param: MCPLfile=BIFROST_mcpl.gz
# Param: ax=0
# Param: ay=2.14
# Param: az=-1.24
# Param: bx=0
# Param: by=0
# Param: bz=2.47
# Param: cx=6.71
# Param: cy=0
# Param: cz=0
# Param: Omega=12
# Param: TwoTheta=20
# Param: lambda=10
# Param: dlambda=9.9
# Param: Rotation=0
# Param: inelastic=1
# Param: aa=6.28319
# Param: sample_J1=1.5
# Param: sample_J2=0
# Param: TT=300
# Param: FerroMagnet=0
# Param: Verbose=0
# Param: imultiplier=1
# Param: INCOH=0
# Param: INCOHspread=0
# Param: sample_focusW=2.1
# Param: sample_focusH=0.15
# Param: focus_EF=0
# Param: TOFmin=0.1172
# Param: TOFmax=0.186
# Param: TOFbins=256
# Date: Sun Dec  9 04:29:24 2018 (1544326164)
# type: array_2d(90, 90)
# Source: EGCESE (Full_simple_noSqq.instr)
# component: psd_monitor1
# position: 0.679751 -1.56124 1.8676
# title: PSD monitor
# Ncount: 100000000
# filename: analyser1_psd.dat
# statistics: X0=-0.829778; dX=0.856745; Y0=12.9479; dY=1.69756;
# signal: Min=0; Max=66.6657; Mean=1.6649;
# values: 13485.7 222.134 4034
# xvar: X 
# yvar: Y 
# xlabel: X position [cm]
# ylabel: Y position [cm]
# zvar: I
# zlabel: Signal per bin
# xylimits: -2 2 -14.88 14.88
# variables: I I_err N
# Data [psd_monitor1/analyser1_psd.dat] I:
0 0 0 0 0 0 0 0 0 0 0 0 0 0 0 0 0 0 0 0 0 0 0 0 0 0 0 0 0 0 0 0 0 0 0 0 0 0 0 0 0 0 0 0 0 0 0 0 0 0 0 0 0 0 0 0 0 0 0 0 0 0 0 0 0 0 0 3.763686713 0 0 0 0 0 0 0 0 0 0 0 0 0 0 0 0 0 0 0 0 0 0 
0 0 0 0 0 0 0 0 0 0 0 0 0 0 0 0 0 0 0 0 0 0 0 0 0 0 0 0 0 0 0 0 0 0 0 0 0 0 0 0 0 0 0 0 0 0 0 0 0 0 0 0 0 0 0 0 0 0 0 0 0 0 0 0 0 0 0 0 0 0 0 0 0 0 0 0 0 0 0 0 0 0 0 0 0 0 0 0 0 0 
0 0 0 0 0 0 0 0 0 0 0 0 0 0 0 0 0 0 0 0 0 0 0 0 0 0 0 0 0 0 0 0 0 0 0 0 0 0 0 0 0 0 0 0 0 0 0 0 0 0 0 0 0 0 0 0 0 0 0 0 0 0 0 0 0 0 0 0 0 0 0 0 0 0 0 0 0 0 0 0 0 0 0 0 0 0 0 0 0 0 
0 0 0 0 0 0 0 0 0 0 0 0 0 0 0 0 0 0 0 0 0 0 0 0 0 0 0 0 0 0 0 0 0 0 0 0 0 0 0 0 0 0 0 0 0 0 0 0 0 0 0 0 0 0 0 0 0 0 0 0 0 0 0 0 0 0 0 0 0 0 0 0 0 0 0 0 0 0 0 0 0 0 0 0 0 0 0 0 0 0 
0 0 0 0 0 0 0 0 0 0 0 0 0 0 0 0 0 0 0 0 0 0 0 0 0 0 0 0 0 0 0 0 0 0 0 0 0 0 0 0 0 0 0 0 0 0 0 0 0 0 0 0 0 0 0 0 0 0 0 0 0 0 0 0 0 0 0 0 0 0 0 0 0 0 0 0 0 0 0 0 0 0 0 0 0 0 0 0 0 0 
0 0 0 0 0 0 0 0 0 0 0 0 0 0 0 0 0 0 0 0 0 0 0 0 0 0 0 0 0 0 0 0 0 0 0 0 0 0 0 0 0 0 0 0 0 0 0 0 0 0 0 0 0 0 0 0 0 0 0 0 0 0 0 0 0 0 0 0 0 0 0 0 0 0 0 0 0 0 0 0 0 0 0 0 0 0 0 0 0 0 
0 0 0 0 0 0 0 0 0 0 0 0 0 0 0 0 0 0 0 0 0 0 0 0 0 0 0 0 0 0 0 0 0 0 0 0 0 0 0 0 0 0 0 0 0 0 0 0 0 0 0 0 0 0 0 0 0 0 0 0 0 0 0 0 0 0 0 0 0 0 0 0 0 0 0 0 0 0 0 0 0 0 0 0 0 0 0 0 0 0 
0 0 0 0 0 0 0 0 0 0 0 0 0 0 0 0 0 0 0 0 0 0 0 0 0 0 0 0 0 0 0 0 0 0 0 0 0 0 0 0 0 0 0 0 0 0 0 0 0 0 0 0 0 0 0 0 0 0 0 0 0 0 0 0 0 0 0 0 0 0 0 0 0 0 0 0 0 0 0 0 0 0 0 0 0 0 0 0 0 0 
0 0 0 0 0 0 0 0 0 0 0 0 0 0 0 0 0 0 0 0 0 0 0 0 0 0 0 0 0 0 0 0 0 0 0 0 0 0 0 0 0 0 0 0 0 0 0 0 0 0 0 0 0 0 0 0 0 0 0 0 0 0 0 0 0 0 0 0 0 0 0 0 0 0 0 0 0 0 0 0 0 0 0 0 0 0 0 0 0 0 
0 0 0 0 0 0 0 0 0 0 0 0 0 0 0 0 0 0 0 0 0 0 0 0 0 0 0 0 0 0 0 0 0 0 0 0 0 0 0 0 0 0 0 0 0 0 0 0 0 0 0 0 0 0 0 0 0 0 0 0 0 0 0 0 0 0 0 0 0 0 0 0 0 0 0 0 0 0 0 0 0 0 0 0 0 0 0 0 0 0 
0 0 0 0 0 0 0 0 0 0 0 0 0 0 0 0 0 0 0 0 0 0 0 0 0 0 0 0 0 0 0 0 0 0 0 0 0 0 0 0 0 0 0 0 0 0 0 0 0 0 0 0 0 0 0 0 0 0 0 0 0 0 0 0 0 0 0 0 0 0 0 0 0 0 0 0 0 0 0 0 0 0 0 0 0 0 0 0 0 0 
0 0 0 0 0 0 0 0 0 0 0 0 0 0 0 0 0 0 0 0 0 0 0 0 0 0 0 0 0 0 0 0 0 0 0 0 0 0 0 0 0 0 0 0 0 0 0 0 0 0 0 0 0 0 0 0 0 0 0 0 0 0 0 0 0 0 0 0 0 0 0 0 0 0 0 0 0 0 0 0 0 0 0 0 0 0 0 0 0 0 
0 0 0 0 0 0 0 0 0 0 0 0 0 0 0 0 0 0 0 0 0 0 0 0 0 0 0 0 0 0 0 0 0 0 0 0 0 0 0 0 0 0 0 0 0 0 0 0 0 0 0 0 0 0 0 0 0 0 0 0 0 0 0 0 0 0 0 0 0 0 0 0 0 0 0 0 0 0 0 0 0 0 0 0 0 0 0 0 0 0 
0 0 0 0 0 0 0 0 0 0 0 0 0 0 0 0 0 0 0 0 0 0 0 0 0 0 0 0 0 0 0 0 0 0 0 0 0 0 0 0 0 0 0 0 0 0 0 0 0 0 0 0 0 0 0 0 0 0 0 0 0 0 0 0 0 0 0 0 0 0 0 0 0 0 0 0 0 0 0 0 0 0 0 0 0 0 0 0 0 0 
0 0 0 0 0 0 0 0 0 0 0 0 0 0 0 0 0 0 0 0 0 0 0 0 0 0 0 0 0 0 0 0 0 0 0 0 0 0 0 0 0 0 0 0 0 0 0 0 0 0 0 0 0 0 0 0 0 0 0 0 0 0 0 0 0 0 0 0 0 0 0 0 0 0 0 0 0 0 0 0 0 0 0 0 0 0 0 0 0 0 
0 0 0 0 0 0 0 0 0 0 0 0 0 0 0 0 0 0 0 0 0 0 0 0 0 0 0 0 0 0 0 0 0 0 0 0 0 0 0 0 0 0 0 0 0 0 0 0 0 0 0 0 0 0 0 0 0 0 0 0 0 0 0 0 0 0 0 0 0 0 0 0 0 0 0 0 0 0 0 0 0 0 0 0 0 0 0 0 0 0 
0 0 0 0 0 0 0 0 0 0 0 0 0 0 0 0 0 0 0 0 0 0 0 0 0 0 0 0 0 0 0 0 0 0 0 0 0 0 0 0 0 0 0 0 0 0 0 0 0 0 0 0 0 0 0 0 0 0 0 0 0 0 0 0 0 0 0 0 0 0 0 0 0 0 0 0 0 0 0 0 0 0 0 0 0 0 0 0 0 0 
0 0 0 0 0 0 0 0 0 0 0 0 0 0 0 0 0 0 0 0 0 0 0 0 0 0 0 0 0 0 0 0 0 0 0 0 0 0 0 0 0 0 0 0 0 0 0 0 0 0 0 0 0 0 0 0 0 0 0 0 0 0 0 0 0 0 0 0 0 0 0 0 0 0 0 0 0 0 0 0 0 0 0 0 0 0 0 0 0 0 
0 0 0 0 0 0 0 0 0 0 0 0 0 0 0 0 0 0 0 0 0 0 0 0 0 0 0 0 0 0 0 0 0 0 0 0 0 0 0 0 0 0 0 0 0 0 0 0 0 0 0 0 0 0 0 0 0 0 0 0 0 0 0 0 0 0 0 0 0 0 0 0 0 0 0 0 0 0 0 0 0 0 0 0 0 0 0 0 0 0 
0 0 0 0 0 0 0 0 0 0 0 0 0 0 0 0 0 0 0 0 0 0 0 0 0 0 0 0 0 0 0 0 0 0 0 0 0 0 0 0 0 0 0 0 0 0 0 0 0 0 0 0 0 0 0 0 0 0 0 0 0 0 0 0 0 0 0 0 0 0 0 0 0 0 0 0 0 0 0 0 0 0 0 0 0 0 0 0 0 0 
0 0 0 0 0 0 0 0 0 0 0 0 0 0 0 0 0 0 0 0 0 0 0 0 0 0 0 0 0 0 0 0 0 0 0 0 0 0 0 0 0 0 0 0 0 0 0 0 0 0 0 0 0 0 0 0 0 0 0 0 0 0 0 0 0 0 0 0 0 0 0 0 0 0 0 0 0 0 0 0 0 0 0 0 0 0 0 0 0 0 
0 0 0 0 0 0 0 0 0 0 0 0 0 0 0 0 0 0 0 0 0 0 0 0 0 0 0 0 0 0 0 0 0 0 0 0 0 0 0 0 0 0 0 0 0 0 0 0 0 0 0 0 0 0 0 0 0 0 0 0 0 0 0 0 0 0 0 0 0 0 0 0 0 0 0 0 0 0 0 0 0 0 0 0 0 0 0 0 0 0 
0 0 0 0 0 0 0 0 0 0 0 0 0 0 0 0 0 0 0 0 0 0 0 0 0 0 0 0 0 0 0 0 0 0 0 0 0 0 0 0 0 0 0 0 0 0 0 0 0 0 0 0 0 0 0 0 0 0 0 0 0 0 0 0 0 0 0 0 0 0 0 0 0 0 0 0 0 0 0 0 0 0 0 0 0 0 0 0 0 0 
0 0 0 0 0 0 0 0 0 0 0 0 0 0 0 0 0 0 0 0 0 0 0 0 0 0 0 0 0 0 0 0 0 0 0 0 0 0 0 0 0 0 0 0 0 0 0 0 0 0 0 0 0 0 0 0 0 0 0 0 0 0 0 0 0 0 0 0 0 0 0 0 0 0 0 0 0 0 0 0 0 0 0 0 0 0 0 0 0 0 
0 0 0 0 0 0 0 0 0 0 0 0 0 0 0 0 0 0 0 0 0 0 0 0 0 0 0 0 0 0 0 0 0 0 0 0 0 0 0 0 0 0 0 0 0 0 0 0 0 0 0 0 0 0 0 0 0 0 0 0 0 0 0 0 0 0 0 0 0 0 0 0 0 0 0 0 0 0 0 0 0 0 0 0 0 0 0 0 0 0 
0 0 0 0 0 0 0 0 0 0 0 0 0 0 0 0 0 0 0 0 0 0 0 0 0 0 0 0 0 0 0 0 0 0 0 0 0 0 0 0 0 0 0 0 0 0 0 0 0 0 0 0 0 0 0 0 0 0 0 0 0 0 0 0 0 0 0 0 0 0 0 0 0 0 0 0 0 0 0 0 0 0 0 0 0 0 0 0 0 0 
0 0 0 0 0 0 0 0 0 0 0 0 0 0 0 0 0 0 0 0 0 0 0 0 0 0 0 0 0 0 0 0 0 0 0 0 0 0 0 0 0 0 0 0 0 0 0 0 0 0 0 0 0 0 0 0 0 0 0 0 0 0 0 0 0 0 0 0 0 0 0 0 0 0 0 0 0 0 0 0 0 0 0 0 0 0 0 0 0 0 
0 0 0 0 0 0 0 0 0 0 0 0 0 0 0 0 0 0 0 0 0 0 0 0 0 0 0 0 0 0 0 0 0 0 0 0 0 0 0 0 0 0 0 0 0 0 0 0 0 0 0 0 0 0 0 0 0 0 0 0 0 0 0 0 0 0 0 0 0 0 0 0 0 0 0 0 0 0 0 0 0 0 0 0 0 0 0 0 0 0 
0 0 0 0 0 0 0 0 0 0 0 0 0 0 0 0 0 0 0 0 0 0 0 0 0 0 0 0 0 0 0 0 0 0 0 0 0 0 0 0 0 0 0 0 0 0 0 0 0 0 0 0 0 0 0 0 0 0 0 0 0 0 0 0 0 0 0 0 0 0 0 0 0 0 0 0 0 0 0 0 0 0 0 0 0 0 0 0 0 0 
0 0 0 0 0 0 0 0 0 0 0 0 0 0 0 0 0 0 0 0 0 0 0 0 0 0 0 0 0 0 0 0 0 0 0 0 0 0 0 0 0 0 0 0 0 0 0 0 0 0 0 0 0 0 0 0 0 0 0 0 0 0 0 0 0 0 0 0 0 0 0 0 0 0 0 0 0 0 0 0 0 0 0 0 0 0 0 0 0 0 
0 0 0 0 0 0 0 0 0 0 0 0 0 0 0 0 0 0 0 0 0 0 0 0 0 0 0 0 0 0 0 0 0 0 0 0 0 0 0 0 0 0 0 0 0 0 0 0 0 0 0 0 0 0 0 0 0 0 0 0 0 0 0 0 0 0 0 0 0 0 0 0 0 0 0 0 0 0 0 0 0 0 0 0 0 0 0 0 0 0 
0 0 0 0 0 0 0 0 0 0 0 0 0 0 0 0 0 0 0 0 0 0 0 0 0 0 0 0 0 0 0 0 0 0 0 0 0 0 0 0 0 0 0 0 0 0 0 0 0 0 0 0 0 0 0 0 0 0 0 0 0 0 0 0 0 0 0 0 0 0 0 0 0 0 0 0 0 0 0 0 0 0 0 0 0 0 0 0 0 0 
0 0 0 0 0 0 0 0 0 0 0 0 0 0 0 0 0 0 0 0 0 0 0 0 0 0 0 0 0 0 0 0 0 0 0 0 0 0 0 0 0 0 0 0 0 0 0 0 0 0 0 0 0 0 0 0 0 0 0 0 0 0 0 0 0 0 0 0 0 0 0 0 0 0 0 0 0 0 0 0 0 0 0 0 0 0 0 0 0 0 
0 0 0 0 0 0 0 0 0 0 0 0 0 0 0 0 0 0 0 0 0 0 0 0 0 0 0 0 0 0 0 0 0 0 0 0 0 0 0 0 0 0 0 0 0 0 0 0 0 0 0 0 0 0 0 0 0 0 0 0 0 0 0 0 0 0 0 0 0 0 0 0 0 0 0 0 0 0 0 0 0 0 0 0 0 0 0 0 0 0 
0 0 0 0 0 0 0 0 0 0 0 0 0 0 0 0 0 0 0 0 0 0 0 0 0 0 0 0 0 0 0 0 0 0 0 0 0 0 0 0 0 0 0 0 0 0 0 0 0 0 0 0 0 0 0 0 0 0 0 0 0 0 0 0 0 0 0 0 0 0 0 0 0 0 0 0 0 0 0 0 0 0 0 0 0 0 0 0 0 0 
0 0 0 0 0 0 0 0 0 0 0 0 0 0 0 0 0 0 0 0 0 0 0 0 0 0 0 0 0 0 0 0 0 0 0 0 0 0 0 0 0 0 0 0 0 0 0 0 0 0 0 0 0 0 0 0 0 0 0 0 0 0 0 0 0 0 0 0 0 0 0 0 0 0 0 0 0 0 0 0 0 0 0 0 0 0 0 0 0 0 
0 0 0 0 0 0 0 0 0 0 0 0 0 0 0 0 0 0 0 0 0 0 0 0 0 0 0 0 0 0 0 0 0 0 0 0 0 0 0 0 0 0 0 0 0 0 0 0 0 0 0 0 0 0 0 0 0 0 0 0 0 0 0 0 0 0 0 0 0 0 0 0 0 0 0 0 0 0 0 0 0 0 0 0 0 0 0 0 0 0 
0 0 0 0 0 0 0 0 0 0 0 0 0 0 0 0 0 0 0 0 0 0 0 0 0 0 0 0 0 0 0 0 0 0 0 0 0 0 0 0 0 0 0 0 0 0 0 0 0 0 0 0 0 0 0 0 0 0 0 0 0 0 0 0 0 0 0 0 0 0 0 0 0 0 0 0 0 0 0 0 0 0 0 0 0 0 0 0 0 0 
0 0 0 0 0 0 0 0 0 0 0 0 0 0 0 0 0 0 0 0 0 0 0 0 0 0 0 0 0 0 0 0 0 0 0 0 0 0 0 0 0 0 0 0 0 0 0 0 0 0 0 0 0 0 0 0 0 0 0 0 0 0 0 0 0 0 0 0 0 0 0 0 0 0 0 0 0 0 0 0 0 0 0 0 0 0 0 0 0 0 
0 0 0 0 0 0 0 0 0 0 0 0 0 0 0 0 0 0 0 0 0 0 0 0 0 0 0 0 0 0 0 0 0 0 0 0 0 0 0 0 0 0 0 0 0 0 0 0 0 0 0 0 0 0 0 0 0 0 0 0 0 0 0 0 0 0 0 0 0 0 0 0 0 0 0 0 0 0 0 0 0 0 0 0 0 0 0 0 0 0 
0 0 0 0 0 0 0 0 0 0 0 0 0 0 0 0 0 0 0 0 0 0 0 0 0 0 0 0 0 0 0 0 0 0 0 0 0 0 0 0 0 0 0 0 0 0 0 0 0 0 0 0 0 0 0 0 0 0 0 0 0 0 0 0 0 0 0 0 0 0 0 0 0 0 0 0 0 0 0 0 0 0 0 0 0 0 0 0 0 0 
0 0 0 0 0 0 0 0 0 0 0 0 0 0 0 0 0 0 0 0 0 0 0 0 0 0 0 0 0 0 0 0 0 0 0 0 0 0 0 0 0 0 0 0 0 0 0 0 0 0 0 0 0 0 0 0 0 0 0 0 0 0 0 0 0 0 0 0 0 0 0 0 0 0 0 0 0 0 0 0 0 0 0 0 0 0 0 0 0 0 
0 0 0 0 0 0 0 0 0 0 0 0 0 0 0 0 0 0 0 0 0 0 0 0 0 0 0 0 0 0 0 0 0 0 0 0 0 0 0 0 0 0 0 0 0 0 0 0 0 0 0 0 0 0 0 0 0 0 0 0 0 0 0 0 0 0 0 0 0 0 0 0 0 0 0 0 0 0 0 0 0 0 0 0 0 0 0 0 0 0 
0 0 0 0 0 0 0 0 0 0 0 0 0 0 0 0 0 0 0 0 0 0 0 0 0 0 0 0 0 0 0 0 0 0 0 0 0 0 0 0 0 0 0 0 0 0 0 0 0 0 0 0 0 0 0 0 0 0 0 0 0 0 0 0 0 0 0 0 0 0 0 0 0 0 0 0 0 0 0 0 0 0 0 0 0 0 0 0 0 0 
0 0 0 0 0 0 0 0 0 0 0 0 0 0 0 0 0 0 0 0 0 0 0 0 0 0 0 0 0 0 0 0 0 0 0 0 0 0 0 0 0 0 0 0 0 0 0 0 0 0 0 0 0 0 0 0 0 0 0 0 0 0 0 0 0 0 0 0 0 0 0 0 0 0 0 0 0 0 0 0 0 0 0 0 0 0 0 0 0 0 
0 0 0 0 0 0 0 0 0 0 0 0 0 0 0 0 0 0 0 0 0 0 0 0 0 0 0 0 0 0 0 0 0 0 0 0 0 0 0 0 0 0 0 0 0 0 0 0 0 0 0 0 0 0 0 0 0 0 0 0 0 0 0 0 0 0 0 0 0 0 0 0 0 0 0 0 0 0 0 0 0 0 0 0 0 0 0 0 0 0 
0 0 0 0 0 0 0 0 0 0 0 0 0 0 0 0 0 0 0 0 0 0 0 0 0 0 0 0 0 0 0 0 0 0 0 0 0 0 0 0 0 0 0 0 0 0 0 0 0 0 0 0 0 0 0 0 0 0 0 0 0 0 0 0 0 0 0 0 0 0 0 0 0 0 0 0 0 0 0 0 0 0 0 0 0 0 0 0 0 0 
0 0 0 0 0 0 0 0 0 0 0 0 0 0 0 0 0 0 0 0 0 0 0 0 0 0 0 0 0 0 0 0 0 0 0 0 0 0 0 0 0 0 0 0 0 0 0 0 0 0 0 0 0 0 0 0 0 0 0 0 0 0 0 0 0 0 0 0 0 0 0 0 0 0 0 0 0 0 0 0 0 0 0 0 0 0 0 0 0 0 
0 0 0 0 0 0 0 0 0 0 0 0 0 0 0 0 0 0 0 0 0 0 0 0 0 0 0 0 0 0 0 0 0 0 0 0 0 0 0 0 0 0 0 0 0 0 0 0 0 0 0 0 0 0 0 0 0 0 0 0 0 0 0 0 0 0 0 0 0 0 0 0 0 0 0 0 0 0 0 0 0 0 0 0 0 0 0 0 0 0 
0 0 0 0 0 0 0 0 0 0 0 0 0 0 0 0 0 0 0 0 0 0 0 0 0 0 0 0 0 0 0 0 0 0 0 0 0 0 0 0 0 0 0 0 0 0 0 0 0 0 0 0 0 0 0 0 0 0 0 0 0 0 0 0 0 0 0 0 0 0 0 0 0 0 0 0 0 0 0 0 0 0 0 0 0 0 0 0 0 0 
0 0 0 0 0 0 0 0 0 0 0 0 0 0 0 0 0 0 0 0 0 0 0 0 0 0 0 0 0 0 0 0 0 0 0 0 0 0 0 0 0 0 0 0 0 0 0 0 0 0 0 0 0 0 0 0 0 0 0 0 0 0 0 0 0 0 0 0 0 0 0 0 0 0 0 0 0 0 0 0 0 0 0 0 0 0 0 0 0 0 
0 0 0 0 0 0 0 0 0 0 0 0 0 0 0 0 0 0 0 0 0 0 0 0 0 0 0 0 0 0 0 0 0 0 0 0 0 0 0 0 0 0 0 0 0 0 0 0 0 0 0 0 0 0 0 0 0 0 0 0 0 0 0 0 0 0 0 0 0 0 0 0 0 0 0 0 0 0 0 0 0 0 0 0 0 0 0 0 0 0 
0 0 0 0 0 0 0 0 0 0 0 0 0 0 0 0 0 0 0 0 0 0 0 0 0 0 0 0 0 0 0 0 0 0 0 0 0 0 0 0 0 0 0 0 0 0 0 0 0 0 0 0 0 0 0 0 0 0 0 0 0 0 0 0 0 0 0 0 0 0 0 0 0 0 0 0 0 0 0 0 0 0 0 0 0 0 0 0 0 0 
0 0 0 0 0 0 0 0 0 0 0 0 0 0 0 0 0 0 0 0 0 0 0 0 0 0 0 0 0 0 0 0 0 0 0 0 0 0 0 0 0 0 0 0 0 0 0 0 0 0 0 0 0 0 0 0 0 0 0 0 0 0 0 0 0 0 0 0 0 0 0 0 0 0 0 0 0 0 0 0 0 0 0 0 0 0 0 0 0 0 
0 0 0 0 0 0 0 0 0 0 0 0 0 0 0 0 0 0 0 0 0 0 0 0 0 0 0 0 0 0 0 0 0 0 0 0 0 0 0 0 0 0 0 0 0 0 0 0 0 0 0 0 0 0 0 0 0 0 0 0 0 0 0 0 0 0 0 0 0 0 0 0 0 0 0 0 0 0 0 0 0 0 0 0 0 0 0 0 0 0 
0 0 0 0 0 0 0 0 0 0 0 0 0 0 0 0 0 0 0 0 0 0 0 0 0 0 0 0 0 0 0 0 0 0 0 0 0 0 0 0 0 0 0 0 0 0 0 0 0 0 0 0 0 0 0 0 0 0 0 0 0 0 0 0 0 0 0 0 0 0 0 0 0 0 0 0 0 0 0 0 0 0 0 0 0 0 0 0 0 0 
0 0 0 0 0 0 0 0 0 0 0 0 0 0 0 0 0 0 0 0 0 0 0 0 0 0 0 0 0 0 0 0 0 0 0 0 0 0 0 0 0 0 0 0 0 0 0 0 0 0 0 0 0 0 0 0 0 0 0 0 0 0 0 0 0 0 0 0 0 0 0 0 0 0 0 0 0 0 0 0 0 0 0 0 0 0 0 0 0 0 
0 0 2.329594138 0 0 0 0 0 0 0 0 0 0 0 0 0 0 0 0 0 0 0 0 0 0 0 0 0 0 0 0 0 0 0 0 0 0 0 0 0 0 0 0 0 0 0 0 0 0 0 0 0 0 0 0 0 0 0 0 0 0 0 0 0 0 0 0 0 0 0 0 0 0 0 0 0 0 0 0 0 0 0 0 0 0 0 0 0 0 0 
0 0 0 0 0 0 0 0 0 0 0 0 0 0 0 0 0 0 0 0 0 0 0 0 0 0 0 0 0 0 0 0 0 0 0 0 0 0 0 0 0 0 0 0 0 0 0 0 0 0 0 0 0 0 0 0 0 0 0 0 0 0 0 0 0 0 0 0 0 0 0 0 0 0 0 0 0 0 0 0 0 0 0 0 0 0 0 0 0 0 
0 0 0 0 0 0 0 0 0 0 0 0 0 0 0 0 0 0 0 0 0 0 0 0 0 0 0 0 0 0 0 0 0 0 0 0 0 0 0 0 0 0 0 0 0 0 0 0 0 0 0 0 0 0 0 0 0 0 0 0 0 0 0 0 0 0 0 0 0 0 0 0 0 0 0 0 0 0 0 0 0 0 0 0 0 0 0 0 0 0 
0 0 0 0 0 0 0 0 0 0 0 0 0 0 0 0 0 0 0 0 0 0 0 0 0 0 0 0 0 0 0 0 0 0 0 0 0 0 0 0 0 0 0 0 0 0 0 0 0 0 0 0 0 0 0 0 0 0 0 0 0 0 0 0 0 0 0 0 0 0 0 0 0 0 0 0 0 0 0 0 0 0 0 0 0 0 0 0 0 0 
0 0 0 3.286423632 0 0 0 0 0 0 0 0 0 0 0 0 0 2.055441055 0 0 0 0 0 0 0 0 0 0 0 0 0 0 0 0 0 0 0 0 0 0 0 0 0 0 0 0 0 0 0 0 0 0 0 0 0 0 0 0 0 0 0 0 0 0 0 0 0 0 0 0 0 0 0 0 0 0 0 0 0 0 0 0 0 0 0 0 0 0 0 0 
0 0 0 0 0 0 0 0 2.865542501 0 0 0 0 0 0 3.445133984 0 0 0 0 0 0 0 0 0 0 0 0 0 0 0 0 0 0 0 0 0 0 0 0 0 0 0 0 0 0 0 0 0 0 0 0 0 0 0 0 0 0 0 0 0 0 0 0 0 0 0 0 0 0 0 0 0 0 0 0 0 0 0 0 0 0 0 0 0 0 0 0 0 0 
3.107044491 2.583077379 2.256424381 0 0 0 0 3.212009556 0 1.659550884 0 0 0 0 0 0 0 3.413158713 0 0 0 0 0 0 0 0 0 0 0 0 0 0 0 0 0 0 0 0 0 0 0 0 0 0 0 0 0 0 0 0 0 0 0 0 0 0 0 0 0 0 0 0 0 0 0 0 0 0 0 0 0 0 0 0 0 0 0 0 0 0 0 0 0 0 0 0 0 0 0 0 
0.835730843 0 0 0 0 0 3.343589148 0 0 0 0 0 0 0 0 0 2.362329126 2.962435004 0 0 0 0 0 0 0 0 0 0 0 0 3.45269396 0 0 0 0 0 0 0 0 0 0 0 0 0 0 0 0 0 0 0 0 0 0 0 0 0 0 0 0 0 0 0 0 0 0 0 0 0 0 0 0 0 0 0 0 0 0 0 0 0 0 0 0 0 0 0 0 0 0 0 
0 3.42482074 6.522883452 0 0 0 0 0 0 0 0 0 0 0 0 0 0.9215794519 0 2.349265695 0 0 0 0 0 0 0 0 0 0 0 0 0 0 0 0 0 0 0 0 0 0 0 0 0 0 0 0 0 0 0 0 0 0 0 0 0 0 0 0 0 0 0 0 0 0 0 0 0 0 0 0 0 0 0 0 0 0 0 0 0 0 0 0 0 0 0 0 0 0 0 
0 0 0 0 0 5.085165776 7.966021238 0 0 0 0 0 0 0 0 0 0 0 0 0 0 0 0 0 0 0 0 0 0 0 0 0 0 0 0 0 0 0 0 0 0 0 0 0 0 0 0 0 0 0 0 0 0 0 0 0 0 0 0 0 0 0 0 0 0 0 0 0 0 0 0 0 0 0 0 0 0 0 0 0 0 0 0 0 0 0 0 0 0 0 
0 1.52469514 5.866318442 0 0 3.504837468 0 0 3.955742776 0 0 5.557933075 2.565349056 0 3.093884834 3.970138465 0 0 0 0 0 0 0 0 0 0 2.577823988 0 0 0 0 3.466969526 0 0 0 0 1.405765439 0 0 0 0 0 0 0 0 0 0 0 0 0 0 0 0 0 0 0 0 0 0 0 0 0 0 0 0 0 0 0 0 0 0 0 0 0 0 0 0 0 0 0 0 0 0 0 0 0 0 0 0 0 
3.075371834 3.4207913 1.199862628 0 3.467036491 3.752673733 0 6.01445852 0 0 0 0 3.509882286 0 0 0 0 0 3.562179333 0 0 0 0 0 0 1.906299744 0 0 0 0 0 0 0 0 0 0 0 0 0 0 0 0 0 0 0 0 0 0 0 0 0 0 0 0 0 0 0 0 0 0 0 0 0 0 0 0 0 0 0 0 0 0 0 0 0 0 0 0 0 0 0 0 0 0 0 0 0 0 0 0 
0 6.033455252 5.1929865 0.8810648319 5.191998938 6.370121292 3.176007467 3.43881157 0 0 2.328320285 2.818091409 0 3.27397582 0 3.750697895 0 2.550574978 0 0 0 0 0 3.461758882 3.434757573 3.038186918 0 0 0 3.504998367 0 5.712085852 0 0 3.803029843 0 0 0 0 0 0 0 0 0 0 0 0 0 0 0 0 0 0 0 0 0 0 0 0 0 0 0 0 0 0 0 0 0 0 0 0 0 0 0 0 0 0 0 0 0 0 0 0 0 0 0 0 0 0 0 
0 2.499722472 2.382735019 9.059848903 0 3.205832484 4.692309861 6.648742261 0 2.27191947 6.013452391 3.363555181 0 0 1.87303361 0 0 0 0 2.584574197 0 0 0 3.265308996 0 8.317322896 0 2.25196961 0 0 0 0 0 0 1.677219807 0 0 0 0 0 0 2.469186886 0 0 0 0 4.130108454 0 0 0 0 0 0 0 0 0 0 0 0 0 0 0 0 0 0 0 0 0 0 0 0 0 0 0 0 0 0 0 0 0 0 0 0 0 0 0 0 0 0 0 
4.128413838 11.4829086 6.305112106 0 3.370382954 0 0 0 0 3.042703211 1.790422879 10.18383573 4.52564212 4.087804076 3.281338896 6.004385963 6.652987788 3.392837737 3.374641382 1.833188514 9.92981971 0 0 0 0 0 0 0 0 0 0 0 0 3.905313283 0 2.302596235 0 0 3.669264398 0 2.865377222 0 0 0 3.021593003 0 0 0 3.991294783 0 0 0 0 0 0 0 0 0 0 0 0 0 0 0 0 0 0 0 0 0 0 0 0 0 0 0 0 0 0 0 0 0 0 0 0 0 0 0 0 0 
11.11695821 9.371470117 10.3211414 5.731995229 14.94127044 8.74070482 3.163744582 14.76919426 0.465049028 2.138096724 7.345330177 5.531758817 6.625493275 5.28632851 2.952445598 2.521052875 0 2.071653266 4.256934567 1.786547401 4.945792592 3.487664552 0 3.524943818 0 3.169744107 0 0 2.092409186 0 0 2.36797832 0 0 0 0 0 0 0 0 0 0 0 0 0 0 0 0 0 4.044863531 0 0 0 0 0 0 0 0 0 0 0 0 0 0 0 0 0 0 0 0 0 0 0 0 0 0 0 0 0 0 0 0 0 0 0 0 0 0 0 0 
14.10899301 0 0 7.541308384 9.482478376 3.304179154 0 6.066827066 3.666435973 0 2.219433338 3.519505384 4.012861381 3.937452786 0 11.33371984 1.031000001 3.512429554 0 0 5.577231813 1.808990287 3.38840463 5.912275419 0 7.545157191 3.166525557 0 0 3.913603568 0 0 0 0 3.508830441 0 0 0 3.633891816 0 0 2.855669442 4.023209536 0 3.618396576 0 0 0 0 0 0 0 0 0 0 0 0 0 0 2.805890322 0 0 0 0 0 0 0 0 0 0 0 0 0 4.246930298 0 0 0 0 0 0 0 0 0 0 0 0 0 0 0 0 
14.08436723 5.428166521 0 2.224323706 6.879597411 3.503790585 9.161947081 8.999953555 6.540233002 0 8.717867996 4.383961821 7.408804413 2.861986998 17.38546404 10.72650548 10.62076672 0 3.285042232 0 6.951375649 3.496215244 0 4.868859067 2.664612753 3.707910279 0 3.226509647 0 8.814953027 0 0 0 0 0 4.659902822 3.555266922 0 3.8125933 0 3.917842385 0 0 0 0 0 0 0 0 0 0 0 0 0 0 0 0 0 0 0 0 0 0 0 0 0 0 0 0 0 0 0 0 0 0 0 0 0 0 0 0 0 0 0 0 0 0 0 0 0 
7.434802526 5.865993645 3.461497745 8.882084825 5.630554377 9.666728675 11.93554256 17.64304574 0 2.229427313 10.18381401 1.23735885 8.872721358 7.706830997 3.09368092 10.52930999 0 2.90404898 3.208412813 3.31357906 3.566816998 1.194774394 3.544353202 0 0 2.105413063 6.353229218 0 2.506157726 5.668378588 4.319996041 5.761201306 1.521171863 4.116356994 0 0 0 0 0 2.779467201 0 0 0 0 0 3.647410016 0 0 0 0 0 0 0 0 0 0 0 2.039307273 0 0 0 0 0 0 0 0 0 0 0 0 0 0 0 0 0 0 0 0 0 0 0 0 0 0 0 0 0 0 0 0 
7.210503565 12.35184752 9.588283286 7.261129243 2.87476198 12.64598445 9.456771222 12.59246459 13.10147703 6.72742208 13.47643582 17.86954224 9.587380382 6.333039908 9.115139399 23.85828257 10.90903739 2.116859573 3.765462199 3.976099931 0 9.656891902 0 7.715735633 10.68851298 2.083719793 18.83483523 3.128467319 3.727761414 5.855415266 0 2.965376753 6.292355576 10.58243807 0 4.277433246 3.114450254 3.389372111 3.825479991 0 0 3.851249574 0 0 0 0 0 0 0 2.347747348 0 2.322635591 0 0 0 0 0 0 0 0 4.191896857 0 0 0 0 0 0 0 0 0 0 3.949187404 0 0 0 0 0 0 0 0 0 0 0 0 0 0 0 0 0 0 
14.47304579 8.461136316 8.931773004 7.513022842 4.316360901 9.797460465 1.674365307 17.03525913 0 7.850671385 16.09726946 13.35853829 4.292814062 7.873136974 7.699598783 2.934125236 9.649032027 9.281697429 3.36229392 4.220161183 13.5558666 2.243540316 7.377284591 5.368652915 5.236282778 11.13896052 11.0554958 3.504021306 2.144033151 2.307619552 5.683724425 10.06344298 4.989491639 2.619873182 3.558164822 6.848975422 2.090875056 4.297040794 8.134539041 3.545385993 7.51705893 0 3.949193968 2.886528404 0 7.588940727 0 4.036764734 0 0 3.489873578 0 3.829161978 0 0 0 0 0 0 0 0 0 0 0 0.3601636844 0 0 0 3.666838848 0 0 0 0 0 0 0 0 0 0 0 0 0 0 0 0 0 0 0 0 0 
10.0075223 9.5997046 9.526305349 6.980342831 14.46610872 3.229364125 3.817868756 5.980438758 14.19172397 3.456217956 15.51967926 13.32574234 13.82381102 21.87055531 1.419344173 16.45812069 9.354660969 15.10696817 10.497043 14.90762148 23.3328609 3.709525833 9.325475489 3.100954159 6.118849702 9.90864248 6.767938888 6.725022191 8.412965699 0 3.347320208 2.88053381 0 12.10725211 1.237885614 0 2.293967429 8.514646704 6.696800989 17.4527371 3.977128496 2.801537309 7.05665679 7.285961359 0 7.3312706 3.094010932 3.378833072 0 9.628297171 6.43269217 3.621399956 4.218548092 0 0 0 4.18959711 0 0 4.102541654 0 0 0 0 0 0 0 0 0 0 0 4.00621024 0 0 3.436703137 0 0 0 0 0 0 0 0 0 0 0 0 0 0 0 
6.272534719 15.338713 17.6606176 20.07461289 5.921866542 13.15574708 14.43003107 13.62665475 12.85669848 14.96195317 21.22715344 10.56400209 3.620463568 6.177685077 10.81624314 12.61984838 7.544420237 16.59269158 0 10.17926466 8.947152551 13.04638042 7.659817771 3.57587493 3.752175019 15.98192763 7.24866006 6.304321245 11.33231004 8.648277449 4.122719909 4.910938744 4.359539682 3.869408927 3.738202533 10.07331563 9.005648341 5.588835065 2.91463066 0 0 0 0 0 0 16.59571033 0 9.369835732 7.598498167 0 3.742727768 0 4.256430763 2.992708189 0 17.14247293 0 3.306584154 0 3.795731804 0 0 0 0 0 0 0 0.5624732102 0 0 0 0 0 0 0 0 0 3.299390694 4.46522912 0 0 0 0 0 0 0 0 0 0 0 
14.59710846 13.14992636 26.08144364 9.394589539 24.82019514 10.042928 15.42225751 17.42464492 9.322147203 16.26765069 2.274367933 16.47268368 7.815913471 13.99641781 9.609583351 16.13624099 9.165298381 12.51403464 13.22078574 16.73366529 21.90680874 7.898174525 7.340776798 25.27820142 14.99265472 16.00613539 3.44472763 16.47951021 10.53258563 13.26596713 9.458770071 3.814055532 18.77079319 10.55546242 6.522955283 11.36865562 9.227965446 9.185726503 2.521847796 6.591526794 6.851664802 3.427433958 4.593922175 9.340987995 3.289118665 19.11927074 4.263103857 0 0 3.143361322 5.936195348 0 2.663582215 3.528112191 0 14.0401216 8.915359758 0 0 0 0 0 0 0 0 0 3.990707844 0 0 0 0 0 0 0 0 1.040974419 0 0 0 0 0 0 0 0 0 0 0 0 0 0 
10.13298093 17.40325288 13.455116 18.43089974 15.68620395 19.29049851 5.497519534 7.080996516 18.27695944 17.52759906 7.961833664 3.230986307 14.06959528 15.75203524 12.34123709 17.52575233 6.290218293 21.51680552 15.04007992 10.42345906 8.730728222 24.15268292 11.35580803 8.421038894 17.023449 6.432548441 4.22535138 4.670585653 8.917369293 6.615623191 10.80080751 4.22389987 17.05806815 5.923094976 10.03869243 5.819828775 19.26605044 3.696428134 4.185690007 4.306313443 12.15708414 3.627904432 2.280793977 11.20086419 9.983710068 0.7790284525 11.87427378 6.352794046 1.934233932 12.56906584 0 0 0 2.367854574 6.166342788 3.806403733 9.901231123 3.145195032 0 0 0 0 0 4.044500224 4.031104382 0 0 0 4.722063355 0 4.537776555 0 0 0 0 0 0 0 0 0 0 0 0 0 0 0 0 0 0 0 
13.14995509 20.16555304 11.73391258 12.28757167 30.17956439 26.41795194 5.393403429 12.5878936 27.02680908 33.87703373 14.48090236 11.46952834 27.32288593 6.10082941 18.28085296 25.86522466 5.872619185 7.289303224 11.72488073 11.02135206 15.39757557 10.30166594 10.68398119 7.364637176 5.204570842 5.932992888 10.86538732 17.49328852 22.06512849 9.76837747 11.92486862 10.64751309 12.82312163 13.35223904 7.722116604 7.277643602 6.653970856 15.74414592 16.49521569 14.96129398 7.480890139 7.801514608 10.62995224 14.23889643 7.259965923 8.089578219 3.862537162 10.05259504 3.143062768 2.924667792 7.767479327 6.787566176 4.463028013 4.167600264 0 0 3.850314935 4.279755536 0 8.131778335 1.712753996 3.897227066 8.341121302 0 4.062694589 0 0 0 4.078445265 4.840438382 0 4.036168213 0 0 4.424419199 0 0 0 0 0 0 0 3.99105052 0 0 0 4.478779228 0 0 0 
8.549506395 15.77539435 18.6254601 1.259119561 36.14983959 24.00034316 21.14171666 16.72566651 30.68018364 25.60789672 23.19270008 16.96301904 31.76705252 8.576585912 4.914666174 19.47862205 7.960047934 20.98829651 15.94082515 10.37800949 23.68521816 15.05921769 8.306199468 17.24444289 6.448307287 15.78107719 9.477710292 14.41268572 11.86521845 7.3653983 29.7718341 8.474663923 18.61826144 16.63603798 18.83994688 10.8381014 8.103158011 14.35709771 9.912813875 14.97331271 23.96072968 3.209735282 1.995210385 9.981090885 12.72990563 11.10405122 4.59655095 14.51172438 1.129530378 5.005885016 5.744241241 4.356838683 21.32115547 3.928261304 0 0 0 2.666107807 5.551196208 3.800221479 7.356612082 8.17409604 8.608579985 0 0 7.440754953 4.626138428 8.347944708 0 2.386775569 0 2.615449314 3.816815764 1.204366082 0 3.635017633 0 0 0 0 0 0 0 3.831398529 0 0 0 0 0 0 
32.03180419 13.52210782 7.25874327 25.65942648 10.963464 19.80188545 24.40987976 28.3793598 28.24198008 22.23177245 20.80353729 20.91460981 9.458517333 10.44579842 7.149796068 18.45047356 27.1313397 22.32598172 13.68082031 6.98968676 37.71638467 16.58725703 16.52951975 20.52921828 29.01981334 10.96592649 36.25803656 18.42407149 8.498060818 19.17909545 22.2470633 23.35824444 15.09015437 10.98112418 6.215248986 11.47336491 7.558688624 15.82872213 8.274979785 16.35564198 16.32836141 24.09618453 5.515754695 0 0 7.885121121 4.808624785 5.926338924 2.571054079 11.74001744 6.82936114 0 4.074459806 10.91376388 15.64448874 3.893255266 12.07313591 3.355269138 4.620331807 16.41085922 8.374698215 2.093109199 4.136244553 0 8.383506638 8.237757849 0 0 3.878293594 0 0 0 0 0 0 0 1.03148227 3.532268419 3.900603378 0 0 0 0 0 0 0 0 0 0 0 
21.01280185 17.7299451 23.26813752 21.96945666 29.63707468 32.23770702 22.34215277 24.19770377 10.37683146 35.98370422 30.82991086 38.85383537 30.33902764 20.84741462 25.65185791 21.18230898 8.527886294 15.18566309 9.520626177 47.04898715 32.11986259 19.75954978 15.52409408 26.28625336 24.69583682 19.65993032 11.49904106 31.90783488 13.4971306 19.38547879 45.00124052 18.13072287 9.310175911 25.53144397 13.03148869 17.80110449 14.8450684 27.63699567 6.328012535 4.445699744 15.72495056 11.37496592 4.552734715 8.146260621 10.62605003 7.273628734 16.76269485 14.14399606 4.990907947 14.83708541 16.6540406 4.281395403 9.168819427 0 9.928043617 6.880108748 6.867996401 1.788267024 4.313210105 10.62805574 0 0 3.599551095 7.985573572 0 0 4.521522852 0 0 3.994787208 13.06692435 0 0 3.997008421 0 4.062838023 0 0 0 0 0 1.824369128 4.39812493 0 0 0 3.15118171 0 3.34840525 4.296792716 
50.20665509 21.25590649 29.15370836 22.10483024 34.43226376 26.82073619 25.40311971 38.54180524 22.69744939 21.68039963 23.15019714 33.43204669 26.51952819 21.82571952 20.68741902 17.18492504 39.44015444 14.30966298 18.55039054 15.99196769 31.85186707 18.38686507 23.75244498 33.37177478 29.49986177 9.831329156 20.07513893 19.75475734 14.51180202 18.94673213 12.01541555 16.43653926 11.65834976 13.00479664 20.31086173 13.2004495 14.13500846 17.7918585 17.92167238 28.72385798 29.46866234 12.43866328 15.17789283 17.99959148 16.59419273 26.89589871 19.26111854 16.66411657 8.99759772 7.51289415 9.147283627 17.4121565 6.69358556 4.09678312 1.236951117 21.12400863 5.284247075 11.99034033 7.748020695 14.54726689 6.875008823 2.620076124 8.821517584 7.315324363 8.939345867 5.912126368 11.48988612 8.513344534 4.43086219 8.439784908 2.410075644 0 0 4.347493082 0 2.907664919 0 0 4.467057397 0 0 4.857392012 0 4.082557576 3.353468959 0 0 4.679151582 3.830805313 0 
29.45280317 65.09525632 17.246163 25.26833927 33.92388206 14.14942246 28.99838103 50.3074243 23.08264338 18.60865927 29.94034404 24.47142127 1.450289085 35.93175396 16.96261109 25.04345182 29.20555745 22.24729576 24.77545431 26.42785246 56.55614319 21.356669 39.17214885 44.52735689 15.30225987 24.47383453 30.40990161 25.96440358 36.84565926 22.37961104 40.18045188 6.292999727 16.32230826 23.18591778 17.16486842 15.00354927 19.5906952 27.4637781 26.3161707 25.58962906 23.75673519 15.71651143 13.0714538 19.99341865 26.92870805 24.80654473 30.83160375 12.34011278 17.82682242 12.48278812 23.71872388 16.50756002 16.65968022 3.941086001 25.69784227 18.04007194 14.27534901 9.780570261 4.467267385 7.570973666 11.52857566 0 4.866052984 18.88318044 9.351014381 3.712315926 3.202837988 9.244756511 9.718237203 0 2.907676766 5.999412783 3.693072106 15.87689163 9.184016762 4.170549804 0 5.607030075 4.156980567 1.87943979 0 0 2.744507442 2.475304091 5.345743286 0 0 4.7004965 4.294397574 3.222282593 
20.88594765 39.57692678 40.10453738 25.90652919 25.34175556 25.68124259 55.96557112 14.70525296 44.79700059 66.66567827 34.52186993 35.98774417 21.33788768 29.15479643 48.59629286 58.7198608 23.64480027 10.62425442 28.66309447 29.87202129 24.22113624 20.84363705 47.26803239 28.98505139 14.48910219 29.61261251 24.4481685 26.84878209 13.56063717 29.4897476 38.3546761 14.33406176 21.91726691 19.5708664 29.71345494 42.31331045 4.927767392 36.33644314 16.74895958 22.17768121 29.81966135 19.80490598 15.57369413 18.36584796 13.12184039 7.557148167 12.27001585 15.55667188 13.37388291 27.54423499 1.221607533 15.2778168 16.59854217 16.05329068 8.602785256 15.27478684 23.8784232 2.684031968 12.14655203 3.813737641 6.179281705 13.76037865 23.56000605 3.770472546 9.028820029 14.36184454 14.92719699 24.02048747 9.20748679 5.112253145 8.04165167 3.600128711 7.098282536 7.794297042 3.743398751 0 0 0 0 0 0 0 13.51480406 9.450778185 0 0 4.515861982 0 0 0 
23.6410706 37.5329042 39.95083692 38.66329552 22.77653111 21.83512115 10.54738891 45.57137744 30.0130073 34.90479847 51.61694135 38.18435367 20.67133901 32.41846855 55.2530911 59.43476501 13.22771974 12.29744368 22.86278239 26.59611615 19.89502975 18.65120112 39.70576633 46.47197817 19.17466408 29.43491685 19.98998403 11.72238529 29.00269032 45.20017586 29.3395512 44.4047152 32.49075321 14.33697047 22.51632243 23.03464365 27.13859827 34.31643307 18.6698266 21.47230784 29.95426303 16.8539778 21.44617774 25.95081321 27.41285494 11.03943382 27.38558425 17.79232362 18.30578311 17.966881 0 3.663792303 15.84366007 18.65639076 31.59518581 15.33705032 18.14492763 10.17377874 26.59971744 9.448456522 21.68580817 19.01811345 20.47849818 4.565339149 10.43743991 7.384945335 8.581351861 0 14.49312419 0 6.128715855 5.097866335 0.949687143 0 6.394227248 5.753622899 11.69803438 0 14.12080257 0 2.027120926 8.924974489 6.046669677 0 0 3.731336938 4.011663597 0 4.568793789 0 
# Errors [psd_monitor1/analyser1_psd.dat] I_err:
0 0 0 0 0 0 0 0 0 0 0 0 0 0 0 0 0 0 0 0 0 0 0 0 0 0 0 0 0 0 0 0 0 0 0 0 0 0 0 0 0 0 0 0 0 0 0 0 0 0 0 0 0 0 0 0 0 0 0 0 0 0 0 0 0 0 0 3.763686713 0 0 0 0 0 0 0 0 0 0 0 0 0 0 0 0 0 0 0 0 0 0 
0 0 0 0 0 0 0 0 0 0 0 0 0 0 0 0 0 0 0 0 0 0 0 0 0 0 0 0 0 0 0 0 0 0 0 0 0 0 0 0 0 0 0 0 0 0 0 0 0 0 0 0 0 0 0 0 0 0 0 0 0 0 0 0 0 0 0 0 0 0 0 0 0 0 0 0 0 0 0 0 0 0 0 0 0 0 0 0 0 0 
0 0 0 0 0 0 0 0 0 0 0 0 0 0 0 0 0 0 0 0 0 0 0 0 0 0 0 0 0 0 0 0 0 0 0 0 0 0 0 0 0 0 0 0 0 0 0 0 0 0 0 0 0 0 0 0 0 0 0 0 0 0 0 0 0 0 0 0 0 0 0 0 0 0 0 0 0 0 0 0 0 0 0 0 0 0 0 0 0 0 
0 0 0 0 0 0 0 0 0 0 0 0 0 0 0 0 0 0 0 0 0 0 0 0 0 0 0 0 0 0 0 0 0 0 0 0 0 0 0 0 0 0 0 0 0 0 0 0 0 0 0 0 0 0 0 0 0 0 0 0 0 0 0 0 0 0 0 0 0 0 0 0 0 0 0 0 0 0 0 0 0 0 0 0 0 0 0 0 0 0 
0 0 0 0 0 0 0 0 0 0 0 0 0 0 0 0 0 0 0 0 0 0 0 0 0 0 0 0 0 0 0 0 0 0 0 0 0 0 0 0 0 0 0 0 0 0 0 0 0 0 0 0 0 0 0 0 0 0 0 0 0 0 0 0 0 0 0 0 0 0 0 0 0 0 0 0 0 0 0 0 0 0 0 0 0 0 0 0 0 0 
0 0 0 0 0 0 0 0 0 0 0 0 0 0 0 0 0 0 0 0 0 0 0 0 0 0 0 0 0 0 0 0 0 0 0 0 0 0 0 0 0 0 0 0 0 0 0 0 0 0 0 0 0 0 0 0 0 0 0 0 0 0 0 0 0 0 0 0 0 0 0 0 0 0 0 0 0 0 0 0 0 0 0 0 0 0 0 0 0 0 
0 0 0 0 0 0 0 0 0 0 0 0 0 0 0 0 0 0 0 0 0 0 0 0 0 0 0 0 0 0 0 0 0 0 0 0 0 0 0 0 0 0 0 0 0 0 0 0 0 0 0 0 0 0 0 0 0 0 0 0 0 0 0 0 0 0 0 0 0 0 0 0 0 0 0 0 0 0 0 0 0 0 0 0 0 0 0 0 0 0 
0 0 0 0 0 0 0 0 0 0 0 0 0 0 0 0 0 0 0 0 0 0 0 0 0 0 0 0 0 0 0 0 0 0 0 0 0 0 0 0 0 0 0 0 0 0 0 0 0 0 0 0 0 0 0 0 0 0 0 0 0 0 0 0 0 0 0 0 0 0 0 0 0 0 0 0 0 0 0 0 0 0 0 0 0 0 0 0 0 0 
0 0 0 0 0 0 0 0 0 0 0 0 0 0 0 0 0 0 0 0 0 0 0 0 0 0 0 0 0 0 0 0 0 0 0 0 0 0 0 0 0 0 0 0 0 0 0 0 0 0 0 0 0 0 0 0 0 0 0 0 0 0 0 0 0 0 0 0 0 0 0 0 0 0 0 0 0 0 0 0 0 0 0 0 0 0 0 0 0 0 
0 0 0 0 0 0 0 0 0 0 0 0 0 0 0 0 0 0 0 0 0 0 0 0 0 0 0 0 0 0 0 0 0 0 0 0 0 0 0 0 0 0 0 0 0 0 0 0 0 0 0 0 0 0 0 0 0 0 0 0 0 0 0 0 0 0 0 0 0 0 0 0 0 0 0 0 0 0 0 0 0 0 0 0 0 0 0 0 0 0 
0 0 0 0 0 0 0 0 0 0 0 0 0 0 0 0 0 0 0 0 0 0 0 0 0 0 0 0 0 0 0 0 0 0 0 0 0 0 0 0 0 0 0 0 0 0 0 0 0 0 0 0 0 0 0 0 0 0 0 0 0 0 0 0 0 0 0 0 0 0 0 0 0 0 0 0 0 0 0 0 0 0 0 0 0 0 0 0 0 0 
0 0 0 0 0 0 0 0 0 0 0 0 0 0 0 0 0 0 0 0 0 0 0 0 0 0 0 0 0 0 0 0 0 0 0 0 0 0 0 0 0 0 0 0 0 0 0 0 0 0 0 0 0 0 0 0 0 0 0 0 0 0 0 0 0 0 0 0 0 0 0 0 0 0 0 0 0 0 0 0 0 0 0 0 0 0 0 0 0 0 
0 0 0 0 0 0 0 0 0 0 0 0 0 0 0 0 0 0 0 0 0 0 0 0 0 0 0 0 0 0 0 0 0 0 0 0 0 0 0 0 0 0 0 0 0 0 0 0 0 0 0 0 0 0 0 0 0 0 0 0 0 0 0 0 0 0 0 0 0 0 0 0 0 0 0 0 0 0 0 0 0 0 0 0 0 0 0 0 0 0 
0 0 0 0 0 0 0 0 0 0 0 0 0 0 0 0 0 0 0 0 0 0 0 0 0 0 0 0 0 0 0 0 0 0 0 0 0 0 0 0 0 0 0 0 0 0 0 0 0 0 0 0 0 0 0 0 0 0 0 0 0 0 0 0 0 0 0 0 0 0 0 0 0 0 0 0 0 0 0 0 0 0 0 0 0 0 0 0 0 0 
0 0 0 0 0 0 0 0 0 0 0 0 0 0 0 0 0 0 0 0 0 0 0 0 0 0 0 0 0 0 0 0 0 0 0 0 0 0 0 0 0 0 0 0 0 0 0 0 0 0 0 0 0 0 0 0 0 0 0 0 0 0 0 0 0 0 0 0 0 0 0 0 0 0 0 0 0 0 0 0 0 0 0 0 0 0 0 0 0 0 
0 0 0 0 0 0 0 0 0 0 0 0 0 0 0 0 0 0 0 0 0 0 0 0 0 0 0 0 0 0 0 0 0 0 0 0 0 0 0 0 0 0 0 0 0 0 0 0 0 0 0 0 0 0 0 0 0 0 0 0 0 0 0 0 0 0 0 0 0 0 0 0 0 0 0 0 0 0 0 0 0 0 0 0 0 0 0 0 0 0 
0 0 0 0 0 0 0 0 0 0 0 0 0 0 0 0 0 0 0 0 0 0 0 0 0 0 0 0 0 0 0 0 0 0 0 0 0 0 0 0 0 0 0 0 0 0 0 0 0 0 0 0 0 0 0 0 0 0 0 0 0 0 0 0 0 0 0 0 0 0 0 0 0 0 0 0 0 0 0 0 0 0 0 0 0 0 0 0 0 0 
0 0 0 0 0 0 0 0 0 0 0 0 0 0 0 0 0 0 0 0 0 0 0 0 0 0 0 0 0 0 0 0 0 0 0 0 0 0 0 0 0 0 0 0 0 0 0 0 0 0 0 0 0 0 0 0 0 0 0 0 0 0 0 0 0 0 0 0 0 0 0 0 0 0 0 0 0 0 0 0 0 0 0 0 0 0 0 0 0 0 
0 0 0 0 0 0 0 0 0 0 0 0 0 0 0 0 0 0 0 0 0 0 0 0 0 0 0 0 0 0 0 0 0 0 0 0 0 0 0 0 0 0 0 0 0 0 0 0 0 0 0 0 0 0 0 0 0 0 0 0 0 0 0 0 0 0 0 0 0 0 0 0 0 0 0 0 0 0 0 0 0 0 0 0 0 0 0 0 0 0 
0 0 0 0 0 0 0 0 0 0 0 0 0 0 0 0 0 0 0 0 0 0 0 0 0 0 0 0 0 0 0 0 0 0 0 0 0 0 0 0 0 0 0 0 0 0 0 0 0 0 0 0 0 0 0 0 0 0 0 0 0 0 0 0 0 0 0 0 0 0 0 0 0 0 0 0 0 0 0 0 0 0 0 0 0 0 0 0 0 0 
0 0 0 0 0 0 0 0 0 0 0 0 0 0 0 0 0 0 0 0 0 0 0 0 0 0 0 0 0 0 0 0 0 0 0 0 0 0 0 0 0 0 0 0 0 0 0 0 0 0 0 0 0 0 0 0 0 0 0 0 0 0 0 0 0 0 0 0 0 0 0 0 0 0 0 0 0 0 0 0 0 0 0 0 0 0 0 0 0 0 
0 0 0 0 0 0 0 0 0 0 0 0 0 0 0 0 0 0 0 0 0 0 0 0 0 0 0 0 0 0 0 0 0 0 0 0 0 0 0 0 0 0 0 0 0 0 0 0 0 0 0 0 0 0 0 0 0 0 0 0 0 0 0 0 0 0 0 0 0 0 0 0 0 0 0 0 0 0 0 0 0 0 0 0 0 0 0 0 0 0 
0 0 0 0 0 0 0 0 0 0 0 0 0 0 0 0 0 0 0 0 0 0 0 0 0 0 0 0 0 0 0 0 0 0 0 0 0 0 0 0 0 0 0 0 0 0 0 0 0 0 0 0 0 0 0 0 0 0 0 0 0 0 0 0 0 0 0 0 0 0 0 0 0 0 0 0 0 0 0 0 0 0 0 0 0 0 0 0 0 0 
0 0 0 0 0 0 0 0 0 0 0 0 0 0 0 0 0 0 0 0 0 0 0 0 0 0 0 0 0 0 0 0 0 0 0 0 0 0 0 0 0 0 0 0 0 0 0 0 0 0 0 0 0 0 0 0 0 0 0 0 0 0 0 0 0 0 0 0 0 0 0 0 0 0 0 0 0 0 0 0 0 0 0 0 0 0 0 0 0 0 
0 0 0 0 0 0 0 0 0 0 0 0 0 0 0 0 0 0 0 0 0 0 0 0 0 0 0 0 0 0 0 0 0 0 0 0 0 0 0 0 0 0 0 0 0 0 0 0 0 0 0 0 0 0 0 0 0 0 0 0 0 0 0 0 0 0 0 0 0 0 0 0 0 0 0 0 0 0 0 0 0 0 0 0 0 0 0 0 0 0 
0 0 0 0 0 0 0 0 0 0 0 0 0 0 0 0 0 0 0 0 0 0 0 0 0 0 0 0 0 0 0 0 0 0 0 0 0 0 0 0 0 0 0 0 0 0 0 0 0 0 0 0 0 0 0 0 0 0 0 0 0 0 0 0 0 0 0 0 0 0 0 0 0 0 0 0 0 0 0 0 0 0 0 0 0 0 0 0 0 0 
0 0 0 0 0 0 0 0 0 0 0 0 0 0 0 0 0 0 0 0 0 0 0 0 0 0 0 0 0 0 0 0 0 0 0 0 0 0 0 0 0 0 0 0 0 0 0 0 0 0 0 0 0 0 0 0 0 0 0 0 0 0 0 0 0 0 0 0 0 0 0 0 0 0 0 0 0 0 0 0 0 0 0 0 0 0 0 0 0 0 
0 0 0 0 0 0 0 0 0 0 0 0 0 0 0 0 0 0 0 0 0 0 0 0 0 0 0 0 0 0 0 0 0 0 0 0 0 0 0 0 0 0 0 0 0 0 0 0 0 0 0 0 0 0 0 0 0 0 0 0 0 0 0 0 0 0 0 0 0 0 0 0 0 0 0 0 0 0 0 0 0 0 0 0 0 0 0 0 0 0 
0 0 0 0 0 0 0 0 0 0 0 0 0 0 0 0 0 0 0 0 0 0 0 0 0 0 0 0 0 0 0 0 0 0 0 0 0 0 0 0 0 0 0 0 0 0 0 0 0 0 0 0 0 0 0 0 0 0 0 0 0 0 0 0 0 0 0 0 0 0 0 0 0 0 0 0 0 0 0 0 0 0 0 0 0 0 0 0 0 0 
0 0 0 0 0 0 0 0 0 0 0 0 0 0 0 0 0 0 0 0 0 0 0 0 0 0 0 0 0 0 0 0 0 0 0 0 0 0 0 0 0 0 0 0 0 0 0 0 0 0 0 0 0 0 0 0 0 0 0 0 0 0 0 0 0 0 0 0 0 0 0 0 0 0 0 0 0 0 0 0 0 0 0 0 0 0 0 0 0 0 
0 0 0 0 0 0 0 0 0 0 0 0 0 0 0 0 0 0 0 0 0 0 0 0 0 0 0 0 0 0 0 0 0 0 0 0 0 0 0 0 0 0 0 0 0 0 0 0 0 0 0 0 0 0 0 0 0 0 0 0 0 0 0 0 0 0 0 0 0 0 0 0 0 0 0 0 0 0 0 0 0 0 0 0 0 0 0 0 0 0 
0 0 0 0 0 0 0 0 0 0 0 0 0 0 0 0 0 0 0 0 0 0 0 0 0 0 0 0 0 0 0 0 0 0 0 0 0 0 0 0 0 0 0 0 0 0 0 0 0 0 0 0 0 0 0 0 0 0 0 0 0 0 0 0 0 0 0 0 0 0 0 0 0 0 0 0 0 0 0 0 0 0 0 0 0 0 0 0 0 0 
0 0 0 0 0 0 0 0 0 0 0 0 0 0 0 0 0 0 0 0 0 0 0 0 0 0 0 0 0 0 0 0 0 0 0 0 0 0 0 0 0 0 0 0 0 0 0 0 0 0 0 0 0 0 0 0 0 0 0 0 0 0 0 0 0 0 0 0 0 0 0 0 0 0 0 0 0 0 0 0 0 0 0 0 0 0 0 0 0 0 
0 0 0 0 0 0 0 0 0 0 0 0 0 0 0 0 0 0 0 0 0 0 0 0 0 0 0 0 0 0 0 0 0 0 0 0 0 0 0 0 0 0 0 0 0 0 0 0 0 0 0 0 0 0 0 0 0 0 0 0 0 0 0 0 0 0 0 0 0 0 0 0 0 0 0 0 0 0 0 0 0 0 0 0 0 0 0 0 0 0 
0 0 0 0 0 0 0 0 0 0 0 0 0 0 0 0 0 0 0 0 0 0 0 0 0 0 0 0 0 0 0 0 0 0 0 0 0 0 0 0 0 0 0 0 0 0 0 0 0 0 0 0 0 0 0 0 0 0 0 0 0 0 0 0 0 0 0 0 0 0 0 0 0 0 0 0 0 0 0 0 0 0 0 0 0 0 0 0 0 0 
0 0 0 0 0 0 0 0 0 0 0 0 0 0 0 0 0 0 0 0 0 0 0 0 0 0 0 0 0 0 0 0 0 0 0 0 0 0 0 0 0 0 0 0 0 0 0 0 0 0 0 0 0 0 0 0 0 0 0 0 0 0 0 0 0 0 0 0 0 0 0 0 0 0 0 0 0 0 0 0 0 0 0 0 0 0 0 0 0 0 
0 0 0 0 0 0 0 0 0 0 0 0 0 0 0 0 0 0 0 0 0 0 0 0 0 0 0 0 0 0 0 0 0 0 0 0 0 0 0 0 0 0 0 0 0 0 0 0 0 0 0 0 0 0 0 0 0 0 0 0 0 0 0 0 0 0 0 0 0 0 0 0 0 0 0 0 0 0 0 0 0 0 0 0 0 0 0 0 0 0 
0 0 0 0 0 0 0 0 0 0 0 0 0 0 0 0 0 0 0 0 0 0 0 0 0 0 0 0 0 0 0 0 0 0 0 0 0 0 0 0 0 0 0 0 0 0 0 0 0 0 0 0 0 0 0 0 0 0 0 0 0 0 0 0 0 0 0 0 0 0 0 0 0 0 0 0 0 0 0 0 0 0 0 0 0 0 0 0 0 0 
0 0 0 0 0 0 0 0 0 0 0 0 0 0 0 0 0 0 0 0 0 0 0 0 0 0 0 0 0 0 0 0 0 0 0 0 0 0 0 0 0 0 0 0 0 0 0 0 0 0 0 0 0 0 0 0 0 0 0 0 0 0 0 0 0 0 0 0 0 0 0 0 0 0 0 0 0 0 0 0 0 0 0 0 0 0 0 0 0 0 
0 0 0 0 0 0 0 0 0 0 0 0 0 0 0 0 0 0 0 0 0 0 0 0 0 0 0 0 0 0 0 0 0 0 0 0 0 0 0 0 0 0 0 0 0 0 0 0 0 0 0 0 0 0 0 0 0 0 0 0 0 0 0 0 0 0 0 0 0 0 0 0 0 0 0 0 0 0 0 0 0 0 0 0 0 0 0 0 0 0 
0 0 0 0 0 0 0 0 0 0 0 0 0 0 0 0 0 0 0 0 0 0 0 0 0 0 0 0 0 0 0 0 0 0 0 0 0 0 0 0 0 0 0 0 0 0 0 0 0 0 0 0 0 0 0 0 0 0 0 0 0 0 0 0 0 0 0 0 0 0 0 0 0 0 0 0 0 0 0 0 0 0 0 0 0 0 0 0 0 0 
0 0 0 0 0 0 0 0 0 0 0 0 0 0 0 0 0 0 0 0 0 0 0 0 0 0 0 0 0 0 0 0 0 0 0 0 0 0 0 0 0 0 0 0 0 0 0 0 0 0 0 0 0 0 0 0 0 0 0 0 0 0 0 0 0 0 0 0 0 0 0 0 0 0 0 0 0 0 0 0 0 0 0 0 0 0 0 0 0 0 
0 0 0 0 0 0 0 0 0 0 0 0 0 0 0 0 0 0 0 0 0 0 0 0 0 0 0 0 0 0 0 0 0 0 0 0 0 0 0 0 0 0 0 0 0 0 0 0 0 0 0 0 0 0 0 0 0 0 0 0 0 0 0 0 0 0 0 0 0 0 0 0 0 0 0 0 0 0 0 0 0 0 0 0 0 0 0 0 0 0 
0 0 0 0 0 0 0 0 0 0 0 0 0 0 0 0 0 0 0 0 0 0 0 0 0 0 0 0 0 0 0 0 0 0 0 0 0 0 0 0 0 0 0 0 0 0 0 0 0 0 0 0 0 0 0 0 0 0 0 0 0 0 0 0 0 0 0 0 0 0 0 0 0 0 0 0 0 0 0 0 0 0 0 0 0 0 0 0 0 0 
0 0 0 0 0 0 0 0 0 0 0 0 0 0 0 0 0 0 0 0 0 0 0 0 0 0 0 0 0 0 0 0 0 0 0 0 0 0 0 0 0 0 0 0 0 0 0 0 0 0 0 0 0 0 0 0 0 0 0 0 0 0 0 0 0 0 0 0 0 0 0 0 0 0 0 0 0 0 0 0 0 0 0 0 0 0 0 0 0 0 
0 0 0 0 0 0 0 0 0 0 0 0 0 0 0 0 0 0 0 0 0 0 0 0 0 0 0 0 0 0 0 0 0 0 0 0 0 0 0 0 0 0 0 0 0 0 0 0 0 0 0 0 0 0 0 0 0 0 0 0 0 0 0 0 0 0 0 0 0 0 0 0 0 0 0 0 0 0 0 0 0 0 0 0 0 0 0 0 0 0 
0 0 0 0 0 0 0 0 0 0 0 0 0 0 0 0 0 0 0 0 0 0 0 0 0 0 0 0 0 0 0 0 0 0 0 0 0 0 0 0 0 0 0 0 0 0 0 0 0 0 0 0 0 0 0 0 0 0 0 0 0 0 0 0 0 0 0 0 0 0 0 0 0 0 0 0 0 0 0 0 0 0 0 0 0 0 0 0 0 0 
0 0 0 0 0 0 0 0 0 0 0 0 0 0 0 0 0 0 0 0 0 0 0 0 0 0 0 0 0 0 0 0 0 0 0 0 0 0 0 0 0 0 0 0 0 0 0 0 0 0 0 0 0 0 0 0 0 0 0 0 0 0 0 0 0 0 0 0 0 0 0 0 0 0 0 0 0 0 0 0 0 0 0 0 0 0 0 0 0 0 
0 0 0 0 0 0 0 0 0 0 0 0 0 0 0 0 0 0 0 0 0 0 0 0 0 0 0 0 0 0 0 0 0 0 0 0 0 0 0 0 0 0 0 0 0 0 0 0 0 0 0 0 0 0 0 0 0 0 0 0 0 0 0 0 0 0 0 0 0 0 0 0 0 0 0 0 0 0 0 0 0 0 0 0 0 0 0 0 0 0 
0 0 0 0 0 0 0 0 0 0 0 0 0 0 0 0 0 0 0 0 0 0 0 0 0 0 0 0 0 0 0 0 0 0 0 0 0 0 0 0 0 0 0 0 0 0 0 0 0 0 0 0 0 0 0 0 0 0 0 0 0 0 0 0 0 0 0 0 0 0 0 0 0 0 0 0 0 0 0 0 0 0 0 0 0 0 0 0 0 0 
0 0 0 0 0 0 0 0 0 0 0 0 0 0 0 0 0 0 0 0 0 0 0 0 0 0 0 0 0 0 0 0 0 0 0 0 0 0 0 0 0 0 0 0 0 0 0 0 0 0 0 0 0 0 0 0 0 0 0 0 0 0 0 0 0 0 0 0 0 0 0 0 0 0 0 0 0 0 0 0 0 0 0 0 0 0 0 0 0 0 
0 0 0 0 0 0 0 0 0 0 0 0 0 0 0 0 0 0 0 0 0 0 0 0 0 0 0 0 0 0 0 0 0 0 0 0 0 0 0 0 0 0 0 0 0 0 0 0 0 0 0 0 0 0 0 0 0 0 0 0 0 0 0 0 0 0 0 0 0 0 0 0 0 0 0 0 0 0 0 0 0 0 0 0 0 0 0 0 0 0 
0 0 0 0 0 0 0 0 0 0 0 0 0 0 0 0 0 0 0 0 0 0 0 0 0 0 0 0 0 0 0 0 0 0 0 0 0 0 0 0 0 0 0 0 0 0 0 0 0 0 0 0 0 0 0 0 0 0 0 0 0 0 0 0 0 0 0 0 0 0 0 0 0 0 0 0 0 0 0 0 0 0 0 0 0 0 0 0 0 0 
0 0 0 0 0 0 0 0 0 0 0 0 0 0 0 0 0 0 0 0 0 0 0 0 0 0 0 0 0 0 0 0 0 0 0 0 0 0 0 0 0 0 0 0 0 0 0 0 0 0 0 0 0 0 0 0 0 0 0 0 0 0 0 0 0 0 0 0 0 0 0 0 0 0 0 0 0 0 0 0 0 0 0 0 0 0 0 0 0 0 
0 0 0 0 0 0 0 0 0 0 0 0 0 0 0 0 0 0 0 0 0 0 0 0 0 0 0 0 0 0 0 0 0 0 0 0 0 0 0 0 0 0 0 0 0 0 0 0 0 0 0 0 0 0 0 0 0 0 0 0 0 0 0 0 0 0 0 0 0 0 0 0 0 0 0 0 0 0 0 0 0 0 0 0 0 0 0 0 0 0 
0 0 0 0 0 0 0 0 0 0 0 0 0 0 0 0 0 0 0 0 0 0 0 0 0 0 0 0 0 0 0 0 0 0 0 0 0 0 0 0 0 0 0 0 0 0 0 0 0 0 0 0 0 0 0 0 0 0 0 0 0 0 0 0 0 0 0 0 0 0 0 0 0 0 0 0 0 0 0 0 0 0 0 0 0 0 0 0 0 0 
0 0 0 0 0 0 0 0 0 0 0 0 0 0 0 0 0 0 0 0 0 0 0 0 0 0 0 0 0 0 0 0 0 0 0 0 0 0 0 0 0 0 0 0 0 0 0 0 0 0 0 0 0 0 0 0 0 0 0 0 0 0 0 0 0 0 0 0 0 0 0 0 0 0 0 0 0 0 0 0 0 0 0 0 0 0 0 0 0 0 
0 0 2.329594138 0 0 0 0 0 0 0 0 0 0 0 0 0 0 0 0 0 0 0 0 0 0 0 0 0 0 0 0 0 0 0 0 0 0 0 0 0 0 0 0 0 0 0 0 0 0 0 0 0 0 0 0 0 0 0 0 0 0 0 0 0 0 0 0 0 0 0 0 0 0 0 0 0 0 0 0 0 0 0 0 0 0 0 0 0 0 0 
0 0 0 0 0 0 0 0 0 0 0 0 0 0 0 0 0 0 0 0 0 0 0 0 0 0 0 0 0 0 0 0 0 0 0 0 0 0 0 0 0 0 0 0 0 0 0 0 0 0 0 0 0 0 0 0 0 0 0 0 0 0 0 0 0 0 0 0 0 0 0 0 0 0 0 0 0 0 0 0 0 0 0 0 0 0 0 0 0 0 
0 0 0 0 0 0 0 0 0 0 0 0 0 0 0 0 0 0 0 0 0 0 0 0 0 0 0 0 0 0 0 0 0 0 0 0 0 0 0 0 0 0 0 0 0 0 0 0 0 0 0 0 0 0 0 0 0 0 0 0 0 0 0 0 0 0 0 0 0 0 0 0 0 0 0 0 0 0 0 0 0 0 0 0 0 0 0 0 0 0 
0 0 0 0 0 0 0 0 0 0 0 0 0 0 0 0 0 0 0 0 0 0 0 0 0 0 0 0 0 0 0 0 0 0 0 0 0 0 0 0 0 0 0 0 0 0 0 0 0 0 0 0 0 0 0 0 0 0 0 0 0 0 0 0 0 0 0 0 0 0 0 0 0 0 0 0 0 0 0 0 0 0 0 0 0 0 0 0 0 0 
0 0 0 3.286423632 0 0 0 0 0 0 0 0 0 0 0 0 0 2.055441055 0 0 0 0 0 0 0 0 0 0 0 0 0 0 0 0 0 0 0 0 0 0 0 0 0 0 0 0 0 0 0 0 0 0 0 0 0 0 0 0 0 0 0 0 0 0 0 0 0 0 0 0 0 0 0 0 0 0 0 0 0 0 0 0 0 0 0 0 0 0 0 0 
0 0 0 0 0 0 0 0 2.865542501 0 0 0 0 0 0 3.445133984 0 0 0 0 0 0 0 0 0 0 0 0 0 0 0 0 0 0 0 0 0 0 0 0 0 0 0 0 0 0 0 0 0 0 0 0 0 0 0 0 0 0 0 0 0 0 0 0 0 0 0 0 0 0 0 0 0 0 0 0 0 0 0 0 0 0 0 0 0 0 0 0 0 0 
3.107044491 1.919379524 2.256424381 0 0 0 0 3.212009556 0 1.659550884 0 0 0 0 0 0 0 3.413158713 0 0 0 0 0 0 0 0 0 0 0 0 0 0 0 0 0 0 0 0 0 0 0 0 0 0 0 0 0 0 0 0 0 0 0 0 0 0 0 0 0 0 0 0 0 0 0 0 0 0 0 0 0 0 0 0 0 0 0 0 0 0 0 0 0 0 0 0 0 0 0 0 
0.835730843 0 0 0 0 0 3.343589148 0 0 0 0 0 0 0 0 0 2.362329126 2.962435004 0 0 0 0 0 0 0 0 0 0 0 0 3.45269396 0 0 0 0 0 0 0 0 0 0 0 0 0 0 0 0 0 0 0 0 0 0 0 0 0 0 0 0 0 0 0 0 0 0 0 0 0 0 0 0 0 0 0 0 0 0 0 0 0 0 0 0 0 0 0 0 0 0 0 
0 3.42482074 4.61316458 0 0 0 0 0 0 0 0 0 0 0 0 0 0.9215794519 0 2.349265695 0 0 0 0 0 0 0 0 0 0 0 0 0 0 0 0 0 0 0 0 0 0 0 0 0 0 0 0 0 0 0 0 0 0 0 0 0 0 0 0 0 0 0 0 0 0 0 0 0 0 0 0 0 0 0 0 0 0 0 0 0 0 0 0 0 0 0 0 0 0 0 
0 0 0 0 0 3.727827163 4.881453253 0 0 0 0 0 0 0 0 0 0 0 0 0 0 0 0 0 0 0 0 0 0 0 0 0 0 0 0 0 0 0 0 0 0 0 0 0 0 0 0 0 0 0 0 0 0 0 0 0 0 0 0 0 0 0 0 0 0 0 0 0 0 0 0 0 0 0 0 0 0 0 0 0 0 0 0 0 0 0 0 0 0 0 
0 1.52469514 3.715840161 0 0 3.504837468 0 0 3.955742776 0 0 4.089502428 2.565349056 0 3.093884834 3.077676382 0 0 0 0 0 0 0 0 0 0 2.577823988 0 0 0 0 3.466969526 0 0 0 0 1.405765439 0 0 0 0 0 0 0 0 0 0 0 0 0 0 0 0 0 0 0 0 0 0 0 0 0 0 0 0 0 0 0 0 0 0 0 0 0 0 0 0 0 0 0 0 0 0 0 0 0 0 0 0 0 
3.075371834 3.4207913 1.199862628 0 3.467036491 3.167797163 0 4.274939508 0 0 0 0 3.509882286 0 0 0 0 0 3.562179333 0 0 0 0 0 0 1.906299744 0 0 0 0 0 0 0 0 0 0 0 0 0 0 0 0 0 0 0 0 0 0 0 0 0 0 0 0 0 0 0 0 0 0 0 0 0 0 0 0 0 0 0 0 0 0 0 0 0 0 0 0 0 0 0 0 0 0 0 0 0 0 0 0 
0 4.393849993 3.858657267 0.8810648319 4.402329948 4.511763618 3.176007467 3.43881157 0 0 2.328320285 2.818091409 0 3.27397582 0 3.750697895 0 2.550574978 0 0 0 0 0 3.461758882 3.434757573 3.038186918 0 0 0 3.504998367 0 4.682791718 0 0 3.803029843 0 0 0 0 0 0 0 0 0 0 0 0 0 0 0 0 0 0 0 0 0 0 0 0 0 0 0 0 0 0 0 0 0 0 0 0 0 0 0 0 0 0 0 0 0 0 0 0 0 0 0 0 0 0 0 
0 2.499722472 1.871693482 5.492980072 0 3.205832484 3.386661365 4.702002188 0 2.27191947 4.400664008 3.363555181 0 0 1.87303361 0 0 0 0 2.584574197 0 0 0 3.265308996 0 4.874885225 0 2.25196961 0 0 0 0 0 0 1.677219807 0 0 0 0 0 0 2.469186886 0 0 0 0 4.130108454 0 0 0 0 0 0 0 0 0 0 0 0 0 0 0 0 0 0 0 0 0 0 0 0 0 0 0 0 0 0 0 0 0 0 0 0 0 0 0 0 0 0 0 
3.736494518 5.945510957 4.496755253 0 3.370382954 0 0 0 0 3.042703211 1.790422879 5.453612536 4.149130904 3.871427736 3.281338896 4.456037725 4.715247282 3.392837737 3.374641382 1.833188514 5.770486089 0 0 0 0 0 0 0 0 0 0 0 0 3.905313283 0 2.302596235 0 0 3.669264398 0 2.865377222 0 0 0 3.021593003 0 0 0 3.991294783 0 0 0 0 0 0 0 0 0 0 0 0 0 0 0 0 0 0 0 0 0 0 0 0 0 0 0 0 0 0 0 0 0 0 0 0 0 0 0 0 0 
5.601873525 5.503140551 5.976187616 4.099971897 6.787656843 5.179075818 3.163744582 6.676610937 0.465049028 2.138096724 4.382050721 3.917251578 4.691756391 4.054568829 2.952445598 2.521052875 0 2.071653266 3.014588146 1.786547401 3.569748673 3.487664552 0 3.524943818 0 3.169744107 0 0 2.092409186 0 0 2.36797832 0 0 0 0 0 0 0 0 0 0 0 0 0 0 0 0 0 4.044863531 0 0 0 0 0 0 0 0 0 0 0 0 0 0 0 0 0 0 0 0 0 0 0 0 0 0 0 0 0 0 0 0 0 0 0 0 0 0 0 0 
7.094761946 0 0 4.934828418 5.545433255 3.304179154 0 4.45730278 3.666435973 0 2.219433338 3.519505384 2.862473501 3.937452786 0 5.859582774 1.031000001 3.512429554 0 0 4.137146392 1.808990287 3.38840463 4.345778822 0 5.344854167 3.166525557 0 0 3.913603568 0 0 0 0 3.508830441 0 0 0 3.633891816 0 0 2.855669442 4.023209536 0 3.618396576 0 0 0 0 0 0 0 0 0 0 0 0 0 0 2.805890322 0 0 0 0 0 0 0 0 0 0 0 0 0 4.246930298 0 0 0 0 0 0 0 0 0 0 0 0 0 0 0 0 
6.498306328 4.162664515 0 2.224323706 4.881014837 3.503790585 5.319935883 5.300085729 4.940527532 0 5.118826978 4.184322537 5.273433109 2.861986998 7.803109482 6.193170491 5.472471932 0 3.285042232 0 4.916776064 3.496215244 0 3.685243743 2.664612753 3.707910279 0 2.72034835 0 5.23597878 0 0 0 0 0 4.040725154 3.555266922 0 3.8125933 0 3.917842385 0 0 0 0 0 0 0 0 0 0 0 0 0 0 0 0 0 0 0 0 0 0 0 0 0 0 0 0 0 0 0 0 0 0 0 0 0 0 0 0 0 0 0 0 0 0 0 0 0 
4.519834288 4.249038534 3.461497745 5.308072406 4.065724922 5.589770658 6.068769812 7.967812732 0 2.229427313 5.958313448 1.23735885 5.245012616 5.561696974 3.09368092 6.08763437 0 2.90404898 3.208412813 3.31357906 3.566816998 1.194774394 3.544353202 0 0 2.105413063 4.570706787 0 2.506157726 4.028068632 3.078185193 4.102306423 1.521171863 4.116356994 0 0 0 0 0 2.779467201 0 0 0 0 0 3.647410016 0 0 0 0 0 0 0 0 0 0 0 2.039307273 0 0 0 0 0 0 0 0 0 0 0 0 0 0 0 0 0 0 0 0 0 0 0 0 0 0 0 0 0 0 0 0 
5.129781755 6.233207561 5.574100063 5.209014311 2.128830568 6.355894238 5.591265463 6.642832231 6.161520767 4.75883315 6.432904473 8.022480947 5.631048785 4.575889177 5.408783216 8.528108846 5.972497936 2.116859573 3.765462199 3.976099931 0 5.572911847 0 5.632226509 6.20801466 2.083719793 8.570467236 2.305033611 3.727761414 4.140992292 0 2.965376753 4.486116134 6.234374175 0 3.771098988 3.114450254 3.389372111 3.825479991 0 0 3.851249574 0 0 0 0 0 0 0 2.347747348 0 2.322635591 0 0 0 0 0 0 0 0 4.191896857 0 0 0 0 0 0 0 0 0 0 3.949187404 0 0 0 0 0 0 0 0 0 0 0 0 0 0 0 0 0 0 
7.26418321 4.93821938 5.30147844 5.530189707 4.316360901 5.945510238 1.674365307 7.707106615 0 5.555265146 7.26140648 6.697983601 4.292814062 4.781445808 5.44443876 3.249189791 5.682195012 6.580479344 3.36229392 4.220161183 6.839234435 2.243540316 5.226453977 4.063892682 4.09197482 6.431991532 6.393245689 3.504021306 2.144033151 2.307619552 4.763577331 5.932399237 3.548914614 2.619873182 3.558164822 5.002959931 2.090875056 4.297040794 5.761939711 3.545385993 5.327480168 0 3.949193968 2.886528404 0 5.379419583 0 4.036764734 0 0 3.489873578 0 3.829161978 0 0 0 0 0 0 0 0 0 0 0 0.3601636844 0 0 0 3.666838848 0 0 0 0 0 0 0 0 0 0 0 0 0 0 0 0 0 0 0 0 0 
5.288603406 5.720303301 5.672098713 4.969630526 6.698225142 2.522871625 3.817868756 4.273526613 7.121178861 3.456217956 7.018891744 6.612113763 6.939176104 8.551697039 1.419344173 7.064856247 5.48284781 7.100688139 6.23343429 6.780482587 9.073590109 3.709525833 5.499398474 3.100954159 4.389379792 5.73284811 4.294942027 4.764373458 5.267477443 0 3.347320208 2.88053381 0 6.110937476 1.237885614 0 2.293967429 5.048394292 4.302098025 7.865621053 3.977128496 2.801537309 5.0372476 5.153288718 0 5.188676945 3.094010932 3.378833072 0 5.679409656 5.055842625 3.621399956 4.218548092 0 0 0 4.18959711 0 0 4.102541654 0 0 0 0 0 0 0 0 0 0 0 4.00621024 0 0 3.436703137 0 0 0 0 0 0 0 0 0 0 0 0 0 0 0 
4.453382546 7.298262161 7.513496687 9.189146916 4.256178321 6.731701411 7.279491389 6.829582553 6.593220297 7.243904016 8.332113782 6.258208349 3.320169584 4.050012702 5.727760902 6.838901469 4.897933009 7.489121736 0 5.212333007 4.80868126 6.631699699 5.455231905 3.57587493 3.752175019 8.065094758 4.826533159 4.461573194 6.552972048 6.206194711 4.122719909 4.910938744 3.173265673 3.869408927 3.738202533 6.125666916 6.396515029 4.470412208 2.91463066 0 0 0 0 0 0 7.490604314 0 5.775188657 5.374846115 0 3.742727768 0 4.256430763 2.992708189 0 8.603658063 0 3.306584154 0 3.795731804 0 0 0 0 0 0 0 0.5624732102 0 0 0 0 0 0 0 0 0 3.299390694 4.46522912 0 0 0 0 0 0 0 0 0 0 0 
6.304293086 6.591455437 10.26422709 5.025144637 9.093306013 6.831688595 7.186784133 7.880348695 5.533514423 7.902196929 2.274367933 7.398009153 5.53410123 7.359984492 5.693151334 7.612405329 4.846248734 6.400859457 6.626029225 8.526089737 9.127548324 5.584886411 5.191017271 9.652422407 7.57313179 7.216292083 3.44472763 7.743189868 6.368924778 6.849681506 5.600386613 3.814055532 8.034635806 5.524795372 5.088639393 6.566258089 5.394391771 5.654441307 2.521847796 4.755060385 5.059589024 3.427433958 4.593922175 5.43377912 3.289118665 8.686107634 4.263103857 0 0 3.143361322 4.233369646 0 2.663582215 3.528112191 0 7.203113174 6.358032195 0 0 0 0 0 0 0 0 0 3.990707844 0 0 0 0 0 0 0 0 1.040974419 0 0 0 0 0 0 0 0 0 0 0 0 0 0 
5.872675018 7.189894959 6.778559829 8.244885609 6.524888973 8.179845325 4.06894554 5.663153465 8.242869747 7.933686741 5.004982166 3.230986307 7.093303887 7.104610631 6.231418784 7.533361444 4.448198357 8.974505315 7.056463743 5.304405344 5.432257868 9.22490204 6.789543745 5.624901272 7.675115061 4.889155662 3.597837668 2.92916115 5.550313209 4.760525488 6.007685818 4.22389987 7.563815494 4.331911193 5.937089448 3.923458766 8.789791875 3.696428134 4.185690007 4.306313443 6.502048498 3.627904432 1.94421708 6.48446957 5.841210007 0.7790284525 6.885309839 4.51808439 1.934233932 6.923647434 0 0 0 2.367854574 5.004798071 3.806403733 5.890241995 3.145195032 0 0 0 0 0 4.044500224 4.031104382 0 0 0 4.722063355 0 4.537776555 0 0 0 0 0 0 0 0 0 0 0 0 0 0 0 0 0 0 0 
6.850414369 8.57967316 6.565715862 7.26198723 9.825561501 10.08877216 4.213450117 6.334563747 9.879311641 11.52940547 7.274044433 6.651309519 9.879816059 4.659971952 8.79796879 9.279105316 4.102843925 5.008229118 6.394452133 5.578040724 7.345737391 6.023217212 6.28523967 5.241146325 3.951322673 4.295844828 6.276525316 7.952776941 8.497695511 5.793141812 6.404223433 6.149604888 6.046842876 6.836972135 4.876487673 5.231081955 4.788263651 7.252303357 7.553714828 7.902569748 4.998682989 5.412340428 6.323698977 7.431111643 5.145985257 5.724371822 3.584135679 6.023789608 3.143062768 2.924667792 5.492597513 4.889689242 4.463028013 4.167600264 0 0 3.850314935 4.279755536 0 5.034681109 1.712753996 3.897227066 5.983450674 0 4.062694589 0 0 0 4.078445265 4.840438382 0 4.036168213 0 0 4.424419199 0 0 0 0 0 0 0 3.99105052 0 0 0 4.478779228 0 0 0 
5.201266192 8.064487794 8.365971797 1.259119561 11.12350169 8.924285844 7.849028168 7.636742625 10.53193272 8.797858552 9.550628616 7.710585094 10.76196207 5.202560671 4.914666174 8.20439044 5.002244384 8.101687062 7.503211314 6.281469408 9.420047719 7.272477647 5.211637296 8.199112668 4.586680083 7.320822745 5.741820892 7.310197576 6.482128533 5.211652908 10.28485052 5.181323972 8.043960523 8.102778415 8.040088913 6.553443848 5.764477242 7.447111476 5.413137125 7.669592732 9.071909807 3.209735282 1.995210385 6.28496768 6.569695017 6.425544957 3.126568816 7.381592938 1.129530378 3.541482145 4.669702528 3.883110685 9.073401654 3.928261304 0 0 0 2.666107807 5.163260787 3.800221479 5.327765104 5.967873614 6.107097515 0 0 5.264804966 4.626138428 5.90471062 0 2.386775569 0 2.615449314 3.816815764 1.204366082 0 3.635017633 0 0 0 0 0 0 0 3.831398529 0 0 0 0 0 0 
10.98162819 6.94803856 5.139330505 9.553170223 6.480921281 9.042865892 10.69812514 10.46921436 10.2574328 9.456899467 8.51180345 8.20595331 5.573839144 5.630101445 4.2373532 8.793817768 9.746750647 9.144866888 7.340496044 4.955842105 11.72351461 7.688048465 7.226032201 8.741774497 10.34709047 6.051559385 11.43925323 7.76787365 4.569130173 8.586829902 9.744831447 9.025246369 7.222015096 6.401606597 5.023664639 6.627965591 5.351596553 7.302878827 5.854727595 7.890544148 8.4422226 9.739547661 4.051722093 0 0 5.578468858 3.414514502 5.137804308 2.571054079 6.778994582 4.843447433 0 4.074459806 6.411798506 7.877947951 3.893255266 7.086164511 3.355269138 4.620331807 7.466459874 5.941344896 2.093109199 4.136244553 0 5.928309431 5.560223727 0 0 3.878293594 0 0 0 0 0 0 0 1.03148227 3.532268419 3.900603378 0 0 0 0 0 0 0 0 0 0 0 
9.57128527 8.674194379 8.766583867 9.087704996 10.17700892 10.50757235 9.465718132 9.373391928 6.027838709 11.56215069 10.6311603 11.91711354 10.07748239 9.23388362 9.412003777 8.858377563 5.586140166 7.965203907 5.908411493 13.79400765 10.96753599 9.149032757 7.35354478 9.422768727 9.595080112 8.39405383 6.078910981 10.98958244 6.978381729 8.068480669 12.80053876 7.904646797 5.406766064 9.679590119 6.840681209 7.635125001 7.447712118 10.05035505 4.544642352 3.162261975 9.350195057 6.64039794 4.552734715 5.792047833 6.177005786 5.124145077 7.720691435 7.506193042 3.5293501 7.307014851 8.443387714 4.281395403 5.793930145 0 6.019958913 5.140379942 4.888434195 1.788267024 4.313210105 6.260868138 0 0 3.599551095 5.700843569 0 0 4.521522852 0 0 3.994787208 7.938168575 0 0 3.997008421 0 4.062838023 0 0 0 0 0 1.824369128 4.39812493 0 0 0 3.15118171 0 3.34840525 4.296792716 
14.52569425 9.761242765 10.1699012 8.963704014 12.8049806 9.955733785 9.85951129 11.96754415 9.27386312 9.905747521 10.1829539 11.36439038 10.5393433 9.620867309 8.908820152 8.320647392 13.20677639 6.548486895 8.370247316 8.30190716 10.86781583 8.646624791 9.59066215 11.20806117 10.77507548 5.667098782 8.527983178 8.319664466 7.153371095 7.803091575 6.889813874 7.854112234 6.162688882 6.842418053 9.14753908 6.557839321 7.406592933 8.331057106 8.202297084 10.95253665 10.40748553 7.21836442 7.798146611 8.15983255 8.321513811 9.921712891 8.774296702 8.416554302 5.20856511 4.891333724 6.501427813 8.838727679 5.264753405 4.09678312 1.236951117 8.757565181 3.992573083 6.962019302 5.740601802 6.823453192 5.054087704 2.620076124 6.272703843 5.364220159 6.349101981 4.39198037 6.9304308 6.042077818 4.43086219 5.981329839 2.410075644 0 0 4.347493082 0 2.907664919 0 0 4.467057397 0 0 3.444092387 0 4.082557576 3.353468959 0 0 4.679151582 3.830805313 0 
10.57067052 16.31130344 8.146341314 9.067326709 10.98780161 7.670510837 9.998649905 14.32823529 9.105679586 8.60665809 11.34552281 9.747702698 1.450289085 10.7191019 8.765903099 9.6414309 9.879735653 9.008588889 9.786896319 9.900178832 14.39039395 8.803266098 12.5479083 13.26317095 7.904866822 9.436961648 10.06133637 9.745840673 12.06069319 8.760407261 12.57232767 4.464269427 8.215839919 9.714884663 8.608998034 7.905449714 8.74607685 10.52047102 10.27940793 10.28842815 9.813189025 7.936332997 7.613954828 9.051680071 9.954768716 9.507084319 11.62524788 7.198456207 7.34519103 7.220271515 9.516154372 7.870599633 8.346217167 3.941086001 9.954639678 9.614008002 8.552367074 6.917648485 4.467267385 5.414820142 6.680865508 0 4.866052984 8.505523683 6.190353945 3.712315926 3.202837988 6.537093897 5.819534315 0 2.907676766 4.879160871 3.693072106 7.99426924 6.49943294 4.170549804 0 4.278933653 4.156980567 1.87943979 0 0 2.744507442 2.475304091 5.345743286 0 0 4.7004965 4.294397574 3.222282593 
9.586227005 12.59003774 11.91469596 9.97924822 9.802065784 10.11454838 14.41983728 7.602837689 12.99186326 16.88604779 11.12119423 11.67037838 9.125033193 10.71810112 14.77632609 15.00172992 9.98515847 5.758003246 10.35389139 10.53570152 9.695455822 8.721007369 13.20405618 10.34204354 7.508676447 10.30075506 9.513794196 10.60624832 7.262991914 10.72684727 11.99141478 7.246161828 9.557577414 8.242467274 10.40345191 12.53348839 3.640717267 12.12230512 7.554845371 8.280764317 10.77367415 9.008494549 7.200626309 8.769548779 7.581908128 5.545725506 7.336211827 8.40581221 6.927063177 10.49534385 1.221607533 8.573742529 8.52776481 8.061479037 6.253742135 7.191216038 9.234219375 2.684031968 7.065867054 3.813737641 4.933526471 7.476622959 9.66812628 3.770472546 5.979216737 7.362319509 7.478509712 9.918157641 6.98180546 5.112253145 5.900997099 3.600128711 5.549519337 5.608851116 3.743398751 0 0 0 0 0 0 0 7.810220607 6.683370946 0 0 4.515861982 0 0 0 
11.26727402 12.89208185 12.6195938 12.1063354 8.975252319 9.344917654 6.419103538 13.79740577 12.12301612 11.84283265 14.42996392 11.70087277 10.0105565 10.69755394 14.81849842 16.30280506 6.799627838 6.737433095 9.181377218 10.57190373 8.768772318 8.155919124 12.55348591 13.71472725 8.087164511 10.1129725 8.3483403 6.814744319 10.97930205 13.28677853 10.59941079 13.32834415 11.64993982 7.950701248 9.073992626 9.153689266 9.919574711 11.24594502 7.388932939 8.956966472 11.36892557 8.19338176 9.772869859 10.80466014 10.54087396 6.391388032 10.38431687 8.375607874 8.584692442 9.049453899 0 3.663792303 7.987165811 8.805645628 11.59790815 7.591720712 8.520790181 7.222249836 10.28494848 6.732815383 9.774204509 8.571923169 8.843531286 4.565339149 6.226355889 5.585483766 6.076716747 0 7.454519378 0 4.939030908 3.760554558 0.949687143 0 5.037525801 4.774142246 6.809037653 0 7.428028096 0 2.027120926 6.315042666 4.323246602 0 0 3.731336938 4.011663597 0 4.568793789 0 
# Events [psd_monitor1/analyser1_psd.dat] N:
0 0 0 0 0 0 0 0 0 0 0 0 0 0 0 0 0 0 0 0 0 0 0 0 0 0 0 0 0 0 0 0 0 0 0 0 0 0 0 0 0 0 0 0 0 0 0 0 0 0 0 0 0 0 0 0 0 0 0 0 0 0 0 0 0 0 0 1 0 0 0 0 0 0 0 0 0 0 0 0 0 0 0 0 0 0 0 0 0 0 
0 0 0 0 0 0 0 0 0 0 0 0 0 0 0 0 0 0 0 0 0 0 0 0 0 0 0 0 0 0 0 0 0 0 0 0 0 0 0 0 0 0 0 0 0 0 0 0 0 0 0 0 0 0 0 0 0 0 0 0 0 0 0 0 0 0 0 0 0 0 0 0 0 0 0 0 0 0 0 0 0 0 0 0 0 0 0 0 0 0 
0 0 0 0 0 0 0 0 0 0 0 0 0 0 0 0 0 0 0 0 0 0 0 0 0 0 0 0 0 0 0 0 0 0 0 0 0 0 0 0 0 0 0 0 0 0 0 0 0 0 0 0 0 0 0 0 0 0 0 0 0 0 0 0 0 0 0 0 0 0 0 0 0 0 0 0 0 0 0 0 0 0 0 0 0 0 0 0 0 0 
0 0 0 0 0 0 0 0 0 0 0 0 0 0 0 0 0 0 0 0 0 0 0 0 0 0 0 0 0 0 0 0 0 0 0 0 0 0 0 0 0 0 0 0 0 0 0 0 0 0 0 0 0 0 0 0 0 0 0 0 0 0 0 0 0 0 0 0 0 0 0 0 0 0 0 0 0 0 0 0 0 0 0 0 0 0 0 0 0 0 
0 0 0 0 0 0 0 0 0 0 0 0 0 0 0 0 0 0 0 0 0 0 0 0 0 0 0 0 0 0 0 0 0 0 0 0 0 0 0 0 0 0 0 0 0 0 0 0 0 0 0 0 0 0 0 0 0 0 0 0 0 0 0 0 0 0 0 0 0 0 0 0 0 0 0 0 0 0 0 0 0 0 0 0 0 0 0 0 0 0 
0 0 0 0 0 0 0 0 0 0 0 0 0 0 0 0 0 0 0 0 0 0 0 0 0 0 0 0 0 0 0 0 0 0 0 0 0 0 0 0 0 0 0 0 0 0 0 0 0 0 0 0 0 0 0 0 0 0 0 0 0 0 0 0 0 0 0 0 0 0 0 0 0 0 0 0 0 0 0 0 0 0 0 0 0 0 0 0 0 0 
0 0 0 0 0 0 0 0 0 0 0 0 0 0 0 0 0 0 0 0 0 0 0 0 0 0 0 0 0 0 0 0 0 0 0 0 0 0 0 0 0 0 0 0 0 0 0 0 0 0 0 0 0 0 0 0 0 0 0 0 0 0 0 0 0 0 0 0 0 0 0 0 0 0 0 0 0 0 0 0 0 0 0 0 0 0 0 0 0 0 
0 0 0 0 0 0 0 0 0 0 0 0 0 0 0 0 0 0 0 0 0 0 0 0 0 0 0 0 0 0 0 0 0 0 0 0 0 0 0 0 0 0 0 0 0 0 0 0 0 0 0 0 0 0 0 0 0 0 0 0 0 0 0 0 0 0 0 0 0 0 0 0 0 0 0 0 0 0 0 0 0 0 0 0 0 0 0 0 0 0 
0 0 0 0 0 0 0 0 0 0 0 0 0 0 0 0 0 0 0 0 0 0 0 0 0 0 0 0 0 0 0 0 0 0 0 0 0 0 0 0 0 0 0 0 0 0 0 0 0 0 0 0 0 0 0 0 0 0 0 0 0 0 0 0 0 0 0 0 0 0 0 0 0 0 0 0 0 0 0 0 0 0 0 0 0 0 0 0 0 0 
0 0 0 0 0 0 0 0 0 0 0 0 0 0 0 0 0 0 0 0 0 0 0 0 0 0 0 0 0 0 0 0 0 0 0 0 0 0 0 0 0 0 0 0 0 0 0 0 0 0 0 0 0 0 0 0 0 0 0 0 0 0 0 0 0 0 0 0 0 0 0 0 0 0 0 0 0 0 0 0 0 0 0 0 0 0 0 0 0 0 
0 0 0 0 0 0 0 0 0 0 0 0 0 0 0 0 0 0 0 0 0 0 0 0 0 0 0 0 0 0 0 0 0 0 0 0 0 0 0 0 0 0 0 0 0 0 0 0 0 0 0 0 0 0 0 0 0 0 0 0 0 0 0 0 0 0 0 0 0 0 0 0 0 0 0 0 0 0 0 0 0 0 0 0 0 0 0 0 0 0 
0 0 0 0 0 0 0 0 0 0 0 0 0 0 0 0 0 0 0 0 0 0 0 0 0 0 0 0 0 0 0 0 0 0 0 0 0 0 0 0 0 0 0 0 0 0 0 0 0 0 0 0 0 0 0 0 0 0 0 0 0 0 0 0 0 0 0 0 0 0 0 0 0 0 0 0 0 0 0 0 0 0 0 0 0 0 0 0 0 0 
0 0 0 0 0 0 0 0 0 0 0 0 0 0 0 0 0 0 0 0 0 0 0 0 0 0 0 0 0 0 0 0 0 0 0 0 0 0 0 0 0 0 0 0 0 0 0 0 0 0 0 0 0 0 0 0 0 0 0 0 0 0 0 0 0 0 0 0 0 0 0 0 0 0 0 0 0 0 0 0 0 0 0 0 0 0 0 0 0 0 
0 0 0 0 0 0 0 0 0 0 0 0 0 0 0 0 0 0 0 0 0 0 0 0 0 0 0 0 0 0 0 0 0 0 0 0 0 0 0 0 0 0 0 0 0 0 0 0 0 0 0 0 0 0 0 0 0 0 0 0 0 0 0 0 0 0 0 0 0 0 0 0 0 0 0 0 0 0 0 0 0 0 0 0 0 0 0 0 0 0 
0 0 0 0 0 0 0 0 0 0 0 0 0 0 0 0 0 0 0 0 0 0 0 0 0 0 0 0 0 0 0 0 0 0 0 0 0 0 0 0 0 0 0 0 0 0 0 0 0 0 0 0 0 0 0 0 0 0 0 0 0 0 0 0 0 0 0 0 0 0 0 0 0 0 0 0 0 0 0 0 0 0 0 0 0 0 0 0 0 0 
0 0 0 0 0 0 0 0 0 0 0 0 0 0 0 0 0 0 0 0 0 0 0 0 0 0 0 0 0 0 0 0 0 0 0 0 0 0 0 0 0 0 0 0 0 0 0 0 0 0 0 0 0 0 0 0 0 0 0 0 0 0 0 0 0 0 0 0 0 0 0 0 0 0 0 0 0 0 0 0 0 0 0 0 0 0 0 0 0 0 
0 0 0 0 0 0 0 0 0 0 0 0 0 0 0 0 0 0 0 0 0 0 0 0 0 0 0 0 0 0 0 0 0 0 0 0 0 0 0 0 0 0 0 0 0 0 0 0 0 0 0 0 0 0 0 0 0 0 0 0 0 0 0 0 0 0 0 0 0 0 0 0 0 0 0 0 0 0 0 0 0 0 0 0 0 0 0 0 0 0 
0 0 0 0 0 0 0 0 0 0 0 0 0 0 0 0 0 0 0 0 0 0 0 0 0 0 0 0 0 0 0 0 0 0 0 0 0 0 0 0 0 0 0 0 0 0 0 0 0 0 0 0 0 0 0 0 0 0 0 0 0 0 0 0 0 0 0 0 0 0 0 0 0 0 0 0 0 0 0 0 0 0 0 0 0 0 0 0 0 0 
0 0 0 0 0 0 0 0 0 0 0 0 0 0 0 0 0 0 0 0 0 0 0 0 0 0 0 0 0 0 0 0 0 0 0 0 0 0 0 0 0 0 0 0 0 0 0 0 0 0 0 0 0 0 0 0 0 0 0 0 0 0 0 0 0 0 0 0 0 0 0 0 0 0 0 0 0 0 0 0 0 0 0 0 0 0 0 0 0 0 
0 0 0 0 0 0 0 0 0 0 0 0 0 0 0 0 0 0 0 0 0 0 0 0 0 0 0 0 0 0 0 0 0 0 0 0 0 0 0 0 0 0 0 0 0 0 0 0 0 0 0 0 0 0 0 0 0 0 0 0 0 0 0 0 0 0 0 0 0 0 0 0 0 0 0 0 0 0 0 0 0 0 0 0 0 0 0 0 0 0 
0 0 0 0 0 0 0 0 0 0 0 0 0 0 0 0 0 0 0 0 0 0 0 0 0 0 0 0 0 0 0 0 0 0 0 0 0 0 0 0 0 0 0 0 0 0 0 0 0 0 0 0 0 0 0 0 0 0 0 0 0 0 0 0 0 0 0 0 0 0 0 0 0 0 0 0 0 0 0 0 0 0 0 0 0 0 0 0 0 0 
0 0 0 0 0 0 0 0 0 0 0 0 0 0 0 0 0 0 0 0 0 0 0 0 0 0 0 0 0 0 0 0 0 0 0 0 0 0 0 0 0 0 0 0 0 0 0 0 0 0 0 0 0 0 0 0 0 0 0 0 0 0 0 0 0 0 0 0 0 0 0 0 0 0 0 0 0 0 0 0 0 0 0 0 0 0 0 0 0 0 
0 0 0 0 0 0 0 0 0 0 0 0 0 0 0 0 0 0 0 0 0 0 0 0 0 0 0 0 0 0 0 0 0 0 0 0 0 0 0 0 0 0 0 0 0 0 0 0 0 0 0 0 0 0 0 0 0 0 0 0 0 0 0 0 0 0 0 0 0 0 0 0 0 0 0 0 0 0 0 0 0 0 0 0 0 0 0 0 0 0 
0 0 0 0 0 0 0 0 0 0 0 0 0 0 0 0 0 0 0 0 0 0 0 0 0 0 0 0 0 0 0 0 0 0 0 0 0 0 0 0 0 0 0 0 0 0 0 0 0 0 0 0 0 0 0 0 0 0 0 0 0 0 0 0 0 0 0 0 0 0 0 0 0 0 0 0 0 0 0 0 0 0 0 0 0 0 0 0 0 0 
0 0 0 0 0 0 0 0 0 0 0 0 0 0 0 0 0 0 0 0 0 0 0 0 0 0 0 0 0 0 0 0 0 0 0 0 0 0 0 0 0 0 0 0 0 0 0 0 0 0 0 0 0 0 0 0 0 0 0 0 0 0 0 0 0 0 0 0 0 0 0 0 0 0 0 0 0 0 0 0 0 0 0 0 0 0 0 0 0 0 
0 0 0 0 0 0 0 0 0 0 0 0 0 0 0 0 0 0 0 0 0 0 0 0 0 0 0 0 0 0 0 0 0 0 0 0 0 0 0 0 0 0 0 0 0 0 0 0 0 0 0 0 0 0 0 0 0 0 0 0 0 0 0 0 0 0 0 0 0 0 0 0 0 0 0 0 0 0 0 0 0 0 0 0 0 0 0 0 0 0 
0 0 0 0 0 0 0 0 0 0 0 0 0 0 0 0 0 0 0 0 0 0 0 0 0 0 0 0 0 0 0 0 0 0 0 0 0 0 0 0 0 0 0 0 0 0 0 0 0 0 0 0 0 0 0 0 0 0 0 0 0 0 0 0 0 0 0 0 0 0 0 0 0 0 0 0 0 0 0 0 0 0 0 0 0 0 0 0 0 0 
0 0 0 0 0 0 0 0 0 0 0 0 0 0 0 0 0 0 0 0 0 0 0 0 0 0 0 0 0 0 0 0 0 0 0 0 0 0 0 0 0 0 0 0 0 0 0 0 0 0 0 0 0 0 0 0 0 0 0 0 0 0 0 0 0 0 0 0 0 0 0 0 0 0 0 0 0 0 0 0 0 0 0 0 0 0 0 0 0 0 
0 0 0 0 0 0 0 0 0 0 0 0 0 0 0 0 0 0 0 0 0 0 0 0 0 0 0 0 0 0 0 0 0 0 0 0 0 0 0 0 0 0 0 0 0 0 0 0 0 0 0 0 0 0 0 0 0 0 0 0 0 0 0 0 0 0 0 0 0 0 0 0 0 0 0 0 0 0 0 0 0 0 0 0 0 0 0 0 0 0 
0 0 0 0 0 0 0 0 0 0 0 0 0 0 0 0 0 0 0 0 0 0 0 0 0 0 0 0 0 0 0 0 0 0 0 0 0 0 0 0 0 0 0 0 0 0 0 0 0 0 0 0 0 0 0 0 0 0 0 0 0 0 0 0 0 0 0 0 0 0 0 0 0 0 0 0 0 0 0 0 0 0 0 0 0 0 0 0 0 0 
0 0 0 0 0 0 0 0 0 0 0 0 0 0 0 0 0 0 0 0 0 0 0 0 0 0 0 0 0 0 0 0 0 0 0 0 0 0 0 0 0 0 0 0 0 0 0 0 0 0 0 0 0 0 0 0 0 0 0 0 0 0 0 0 0 0 0 0 0 0 0 0 0 0 0 0 0 0 0 0 0 0 0 0 0 0 0 0 0 0 
0 0 0 0 0 0 0 0 0 0 0 0 0 0 0 0 0 0 0 0 0 0 0 0 0 0 0 0 0 0 0 0 0 0 0 0 0 0 0 0 0 0 0 0 0 0 0 0 0 0 0 0 0 0 0 0 0 0 0 0 0 0 0 0 0 0 0 0 0 0 0 0 0 0 0 0 0 0 0 0 0 0 0 0 0 0 0 0 0 0 
0 0 0 0 0 0 0 0 0 0 0 0 0 0 0 0 0 0 0 0 0 0 0 0 0 0 0 0 0 0 0 0 0 0 0 0 0 0 0 0 0 0 0 0 0 0 0 0 0 0 0 0 0 0 0 0 0 0 0 0 0 0 0 0 0 0 0 0 0 0 0 0 0 0 0 0 0 0 0 0 0 0 0 0 0 0 0 0 0 0 
0 0 0 0 0 0 0 0 0 0 0 0 0 0 0 0 0 0 0 0 0 0 0 0 0 0 0 0 0 0 0 0 0 0 0 0 0 0 0 0 0 0 0 0 0 0 0 0 0 0 0 0 0 0 0 0 0 0 0 0 0 0 0 0 0 0 0 0 0 0 0 0 0 0 0 0 0 0 0 0 0 0 0 0 0 0 0 0 0 0 
0 0 0 0 0 0 0 0 0 0 0 0 0 0 0 0 0 0 0 0 0 0 0 0 0 0 0 0 0 0 0 0 0 0 0 0 0 0 0 0 0 0 0 0 0 0 0 0 0 0 0 0 0 0 0 0 0 0 0 0 0 0 0 0 0 0 0 0 0 0 0 0 0 0 0 0 0 0 0 0 0 0 0 0 0 0 0 0 0 0 
0 0 0 0 0 0 0 0 0 0 0 0 0 0 0 0 0 0 0 0 0 0 0 0 0 0 0 0 0 0 0 0 0 0 0 0 0 0 0 0 0 0 0 0 0 0 0 0 0 0 0 0 0 0 0 0 0 0 0 0 0 0 0 0 0 0 0 0 0 0 0 0 0 0 0 0 0 0 0 0 0 0 0 0 0 0 0 0 0 0 
0 0 0 0 0 0 0 0 0 0 0 0 0 0 0 0 0 0 0 0 0 0 0 0 0 0 0 0 0 0 0 0 0 0 0 0 0 0 0 0 0 0 0 0 0 0 0 0 0 0 0 0 0 0 0 0 0 0 0 0 0 0 0 0 0 0 0 0 0 0 0 0 0 0 0 0 0 0 0 0 0 0 0 0 0 0 0 0 0 0 
0 0 0 0 0 0 0 0 0 0 0 0 0 0 0 0 0 0 0 0 0 0 0 0 0 0 0 0 0 0 0 0 0 0 0 0 0 0 0 0 0 0 0 0 0 0 0 0 0 0 0 0 0 0 0 0 0 0 0 0 0 0 0 0 0 0 0 0 0 0 0 0 0 0 0 0 0 0 0 0 0 0 0 0 0 0 0 0 0 0 
0 0 0 0 0 0 0 0 0 0 0 0 0 0 0 0 0 0 0 0 0 0 0 0 0 0 0 0 0 0 0 0 0 0 0 0 0 0 0 0 0 0 0 0 0 0 0 0 0 0 0 0 0 0 0 0 0 0 0 0 0 0 0 0 0 0 0 0 0 0 0 0 0 0 0 0 0 0 0 0 0 0 0 0 0 0 0 0 0 0 
0 0 0 0 0 0 0 0 0 0 0 0 0 0 0 0 0 0 0 0 0 0 0 0 0 0 0 0 0 0 0 0 0 0 0 0 0 0 0 0 0 0 0 0 0 0 0 0 0 0 0 0 0 0 0 0 0 0 0 0 0 0 0 0 0 0 0 0 0 0 0 0 0 0 0 0 0 0 0 0 0 0 0 0 0 0 0 0 0 0 
0 0 0 0 0 0 0 0 0 0 0 0 0 0 0 0 0 0 0 0 0 0 0 0 0 0 0 0 0 0 0 0 0 0 0 0 0 0 0 0 0 0 0 0 0 0 0 0 0 0 0 0 0 0 0 0 0 0 0 0 0 0 0 0 0 0 0 0 0 0 0 0 0 0 0 0 0 0 0 0 0 0 0 0 0 0 0 0 0 0 
0 0 0 0 0 0 0 0 0 0 0 0 0 0 0 0 0 0 0 0 0 0 0 0 0 0 0 0 0 0 0 0 0 0 0 0 0 0 0 0 0 0 0 0 0 0 0 0 0 0 0 0 0 0 0 0 0 0 0 0 0 0 0 0 0 0 0 0 0 0 0 0 0 0 0 0 0 0 0 0 0 0 0 0 0 0 0 0 0 0 
0 0 0 0 0 0 0 0 0 0 0 0 0 0 0 0 0 0 0 0 0 0 0 0 0 0 0 0 0 0 0 0 0 0 0 0 0 0 0 0 0 0 0 0 0 0 0 0 0 0 0 0 0 0 0 0 0 0 0 0 0 0 0 0 0 0 0 0 0 0 0 0 0 0 0 0 0 0 0 0 0 0 0 0 0 0 0 0 0 0 
0 0 0 0 0 0 0 0 0 0 0 0 0 0 0 0 0 0 0 0 0 0 0 0 0 0 0 0 0 0 0 0 0 0 0 0 0 0 0 0 0 0 0 0 0 0 0 0 0 0 0 0 0 0 0 0 0 0 0 0 0 0 0 0 0 0 0 0 0 0 0 0 0 0 0 0 0 0 0 0 0 0 0 0 0 0 0 0 0 0 
0 0 0 0 0 0 0 0 0 0 0 0 0 0 0 0 0 0 0 0 0 0 0 0 0 0 0 0 0 0 0 0 0 0 0 0 0 0 0 0 0 0 0 0 0 0 0 0 0 0 0 0 0 0 0 0 0 0 0 0 0 0 0 0 0 0 0 0 0 0 0 0 0 0 0 0 0 0 0 0 0 0 0 0 0 0 0 0 0 0 
0 0 0 0 0 0 0 0 0 0 0 0 0 0 0 0 0 0 0 0 0 0 0 0 0 0 0 0 0 0 0 0 0 0 0 0 0 0 0 0 0 0 0 0 0 0 0 0 0 0 0 0 0 0 0 0 0 0 0 0 0 0 0 0 0 0 0 0 0 0 0 0 0 0 0 0 0 0 0 0 0 0 0 0 0 0 0 0 0 0 
0 0 0 0 0 0 0 0 0 0 0 0 0 0 0 0 0 0 0 0 0 0 0 0 0 0 0 0 0 0 0 0 0 0 0 0 0 0 0 0 0 0 0 0 0 0 0 0 0 0 0 0 0 0 0 0 0 0 0 0 0 0 0 0 0 0 0 0 0 0 0 0 0 0 0 0 0 0 0 0 0 0 0 0 0 0 0 0 0 0 
0 0 0 0 0 0 0 0 0 0 0 0 0 0 0 0 0 0 0 0 0 0 0 0 0 0 0 0 0 0 0 0 0 0 0 0 0 0 0 0 0 0 0 0 0 0 0 0 0 0 0 0 0 0 0 0 0 0 0 0 0 0 0 0 0 0 0 0 0 0 0 0 0 0 0 0 0 0 0 0 0 0 0 0 0 0 0 0 0 0 
0 0 0 0 0 0 0 0 0 0 0 0 0 0 0 0 0 0 0 0 0 0 0 0 0 0 0 0 0 0 0 0 0 0 0 0 0 0 0 0 0 0 0 0 0 0 0 0 0 0 0 0 0 0 0 0 0 0 0 0 0 0 0 0 0 0 0 0 0 0 0 0 0 0 0 0 0 0 0 0 0 0 0 0 0 0 0 0 0 0 
0 0 0 0 0 0 0 0 0 0 0 0 0 0 0 0 0 0 0 0 0 0 0 0 0 0 0 0 0 0 0 0 0 0 0 0 0 0 0 0 0 0 0 0 0 0 0 0 0 0 0 0 0 0 0 0 0 0 0 0 0 0 0 0 0 0 0 0 0 0 0 0 0 0 0 0 0 0 0 0 0 0 0 0 0 0 0 0 0 0 
0 0 0 0 0 0 0 0 0 0 0 0 0 0 0 0 0 0 0 0 0 0 0 0 0 0 0 0 0 0 0 0 0 0 0 0 0 0 0 0 0 0 0 0 0 0 0 0 0 0 0 0 0 0 0 0 0 0 0 0 0 0 0 0 0 0 0 0 0 0 0 0 0 0 0 0 0 0 0 0 0 0 0 0 0 0 0 0 0 0 
0 0 0 0 0 0 0 0 0 0 0 0 0 0 0 0 0 0 0 0 0 0 0 0 0 0 0 0 0 0 0 0 0 0 0 0 0 0 0 0 0 0 0 0 0 0 0 0 0 0 0 0 0 0 0 0 0 0 0 0 0 0 0 0 0 0 0 0 0 0 0 0 0 0 0 0 0 0 0 0 0 0 0 0 0 0 0 0 0 0 
0 0 0 0 0 0 0 0 0 0 0 0 0 0 0 0 0 0 0 0 0 0 0 0 0 0 0 0 0 0 0 0 0 0 0 0 0 0 0 0 0 0 0 0 0 0 0 0 0 0 0 0 0 0 0 0 0 0 0 0 0 0 0 0 0 0 0 0 0 0 0 0 0 0 0 0 0 0 0 0 0 0 0 0 0 0 0 0 0 0 
0 0 0 0 0 0 0 0 0 0 0 0 0 0 0 0 0 0 0 0 0 0 0 0 0 0 0 0 0 0 0 0 0 0 0 0 0 0 0 0 0 0 0 0 0 0 0 0 0 0 0 0 0 0 0 0 0 0 0 0 0 0 0 0 0 0 0 0 0 0 0 0 0 0 0 0 0 0 0 0 0 0 0 0 0 0 0 0 0 0 
0 0 0 0 0 0 0 0 0 0 0 0 0 0 0 0 0 0 0 0 0 0 0 0 0 0 0 0 0 0 0 0 0 0 0 0 0 0 0 0 0 0 0 0 0 0 0 0 0 0 0 0 0 0 0 0 0 0 0 0 0 0 0 0 0 0 0 0 0 0 0 0 0 0 0 0 0 0 0 0 0 0 0 0 0 0 0 0 0 0 
0 0 0 0 0 0 0 0 0 0 0 0 0 0 0 0 0 0 0 0 0 0 0 0 0 0 0 0 0 0 0 0 0 0 0 0 0 0 0 0 0 0 0 0 0 0 0 0 0 0 0 0 0 0 0 0 0 0 0 0 0 0 0 0 0 0 0 0 0 0 0 0 0 0 0 0 0 0 0 0 0 0 0 0 0 0 0 0 0 0 
0 0 0 0 0 0 0 0 0 0 0 0 0 0 0 0 0 0 0 0 0 0 0 0 0 0 0 0 0 0 0 0 0 0 0 0 0 0 0 0 0 0 0 0 0 0 0 0 0 0 0 0 0 0 0 0 0 0 0 0 0 0 0 0 0 0 0 0 0 0 0 0 0 0 0 0 0 0 0 0 0 0 0 0 0 0 0 0 0 0 
0 0 1 0 0 0 0 0 0 0 0 0 0 0 0 0 0 0 0 0 0 0 0 0 0 0 0 0 0 0 0 0 0 0 0 0 0 0 0 0 0 0 0 0 0 0 0 0 0 0 0 0 0 0 0 0 0 0 0 0 0 0 0 0 0 0 0 0 0 0 0 0 0 0 0 0 0 0 0 0 0 0 0 0 0 0 0 0 0 0 
0 0 0 0 0 0 0 0 0 0 0 0 0 0 0 0 0 0 0 0 0 0 0 0 0 0 0 0 0 0 0 0 0 0 0 0 0 0 0 0 0 0 0 0 0 0 0 0 0 0 0 0 0 0 0 0 0 0 0 0 0 0 0 0 0 0 0 0 0 0 0 0 0 0 0 0 0 0 0 0 0 0 0 0 0 0 0 0 0 0 
0 0 0 0 0 0 0 0 0 0 0 0 0 0 0 0 0 0 0 0 0 0 0 0 0 0 0 0 0 0 0 0 0 0 0 0 0 0 0 0 0 0 0 0 0 0 0 0 0 0 0 0 0 0 0 0 0 0 0 0 0 0 0 0 0 0 0 0 0 0 0 0 0 0 0 0 0 0 0 0 0 0 0 0 0 0 0 0 0 0 
0 0 0 0 0 0 0 0 0 0 0 0 0 0 0 0 0 0 0 0 0 0 0 0 0 0 0 0 0 0 0 0 0 0 0 0 0 0 0 0 0 0 0 0 0 0 0 0 0 0 0 0 0 0 0 0 0 0 0 0 0 0 0 0 0 0 0 0 0 0 0 0 0 0 0 0 0 0 0 0 0 0 0 0 0 0 0 0 0 0 
0 0 0 1 0 0 0 0 0 0 0 0 0 0 0 0 0 1 0 0 0 0 0 0 0 0 0 0 0 0 0 0 0 0 0 0 0 0 0 0 0 0 0 0 0 0 0 0 0 0 0 0 0 0 0 0 0 0 0 0 0 0 0 0 0 0 0 0 0 0 0 0 0 0 0 0 0 0 0 0 0 0 0 0 0 0 0 0 0 0 
0 0 0 0 0 0 0 0 1 0 0 0 0 0 0 1 0 0 0 0 0 0 0 0 0 0 0 0 0 0 0 0 0 0 0 0 0 0 0 0 0 0 0 0 0 0 0 0 0 0 0 0 0 0 0 0 0 0 0 0 0 0 0 0 0 0 0 0 0 0 0 0 0 0 0 0 0 0 0 0 0 0 0 0 0 0 0 0 0 0 
1 2 1 0 0 0 0 1 0 1 0 0 0 0 0 0 0 1 0 0 0 0 0 0 0 0 0 0 0 0 0 0 0 0 0 0 0 0 0 0 0 0 0 0 0 0 0 0 0 0 0 0 0 0 0 0 0 0 0 0 0 0 0 0 0 0 0 0 0 0 0 0 0 0 0 0 0 0 0 0 0 0 0 0 0 0 0 0 0 0 
1 0 0 0 0 0 1 0 0 0 0 0 0 0 0 0 1 1 0 0 0 0 0 0 0 0 0 0 0 0 1 0 0 0 0 0 0 0 0 0 0 0 0 0 0 0 0 0 0 0 0 0 0 0 0 0 0 0 0 0 0 0 0 0 0 0 0 0 0 0 0 0 0 0 0 0 0 0 0 0 0 0 0 0 0 0 0 0 0 0 
0 1 2 0 0 0 0 0 0 0 0 0 0 0 0 0 1 0 1 0 0 0 0 0 0 0 0 0 0 0 0 0 0 0 0 0 0 0 0 0 0 0 0 0 0 0 0 0 0 0 0 0 0 0 0 0 0 0 0 0 0 0 0 0 0 0 0 0 0 0 0 0 0 0 0 0 0 0 0 0 0 0 0 0 0 0 0 0 0 0 
0 0 0 0 0 2 3 0 0 0 0 0 0 0 0 0 0 0 0 0 0 0 0 0 0 0 0 0 0 0 0 0 0 0 0 0 0 0 0 0 0 0 0 0 0 0 0 0 0 0 0 0 0 0 0 0 0 0 0 0 0 0 0 0 0 0 0 0 0 0 0 0 0 0 0 0 0 0 0 0 0 0 0 0 0 0 0 0 0 0 
0 1 3 0 0 1 0 0 1 0 0 2 1 0 1 2 0 0 0 0 0 0 0 0 0 0 1 0 0 0 0 1 0 0 0 0 1 0 0 0 0 0 0 0 0 0 0 0 0 0 0 0 0 0 0 0 0 0 0 0 0 0 0 0 0 0 0 0 0 0 0 0 0 0 0 0 0 0 0 0 0 0 0 0 0 0 0 0 0 0 
1 1 1 0 1 2 0 2 0 0 0 0 1 0 0 0 0 0 1 0 0 0 0 0 0 1 0 0 0 0 0 0 0 0 0 0 0 0 0 0 0 0 0 0 0 0 0 0 0 0 0 0 0 0 0 0 0 0 0 0 0 0 0 0 0 0 0 0 0 0 0 0 0 0 0 0 0 0 0 0 0 0 0 0 0 0 0 0 0 0 
0 2 2 1 2 2 1 1 0 0 1 1 0 1 0 1 0 1 0 0 0 0 0 1 1 1 0 0 0 1 0 2 0 0 1 0 0 0 0 0 0 0 0 0 0 0 0 0 0 0 0 0 0 0 0 0 0 0 0 0 0 0 0 0 0 0 0 0 0 0 0 0 0 0 0 0 0 0 0 0 0 0 0 0 0 0 0 0 0 0 
0 1 2 3 0 1 2 2 0 1 2 1 0 0 1 0 0 0 0 1 0 0 0 1 0 3 0 1 0 0 0 0 0 0 1 0 0 0 0 0 0 1 0 0 0 0 1 0 0 0 0 0 0 0 0 0 0 0 0 0 0 0 0 0 0 0 0 0 0 0 0 0 0 0 0 0 0 0 0 0 0 0 0 0 0 0 0 0 0 0 
2 4 2 0 1 0 0 0 0 1 1 4 2 2 1 2 2 1 1 1 3 0 0 0 0 0 0 0 0 0 0 0 0 1 0 1 0 0 1 0 1 0 0 0 1 0 0 0 1 0 0 0 0 0 0 0 0 0 0 0 0 0 0 0 0 0 0 0 0 0 0 0 0 0 0 0 0 0 0 0 0 0 0 0 0 0 0 0 0 0 
4 3 3 2 5 3 1 6 1 1 3 2 2 2 1 1 0 1 2 1 2 1 0 1 0 1 0 0 1 0 0 1 0 0 0 0 0 0 0 0 0 0 0 0 0 0 0 0 0 1 0 0 0 0 0 0 0 0 0 0 0 0 0 0 0 0 0 0 0 0 0 0 0 0 0 0 0 0 0 0 0 0 0 0 0 0 0 0 0 0 
4 0 0 3 3 1 0 2 1 0 1 1 2 1 0 4 1 1 0 0 2 1 1 2 0 2 1 0 0 1 0 0 0 0 1 0 0 0 1 0 0 1 1 0 1 0 0 0 0 0 0 0 0 0 0 0 0 0 0 1 0 0 0 0 0 0 0 0 0 0 0 0 0 1 0 0 0 0 0 0 0 0 0 0 0 0 0 0 0 0 
5 2 0 1 2 1 3 3 2 0 3 2 2 1 5 3 4 0 1 0 2 1 0 2 1 1 0 2 0 3 0 0 0 0 0 2 1 0 1 0 1 0 0 0 0 0 0 0 0 0 0 0 0 0 0 0 0 0 0 0 0 0 0 0 0 0 0 0 0 0 0 0 0 0 0 0 0 0 0 0 0 0 0 0 0 0 0 0 0 0 
3 2 1 3 2 3 4 5 0 1 3 1 3 2 1 3 0 1 1 1 1 1 1 0 0 1 2 0 1 2 2 2 1 1 0 0 0 0 0 1 0 0 0 0 0 1 0 0 0 0 0 0 0 0 0 0 0 1 0 0 0 0 0 0 0 0 0 0 0 0 0 0 0 0 0 0 0 0 0 0 0 0 0 0 0 0 0 0 0 0 
2 4 3 2 2 4 3 4 5 2 5 5 3 2 3 8 4 1 1 1 0 4 0 2 3 1 5 2 1 2 0 1 2 3 0 2 1 1 1 0 0 1 0 0 0 0 0 0 0 1 0 1 0 0 0 0 0 0 0 0 1 0 0 0 0 0 0 0 0 0 0 1 0 0 0 0 0 0 0 0 0 0 0 0 0 0 0 0 0 0 
4 3 3 3 1 3 1 5 0 2 6 4 1 3 2 2 3 2 1 1 4 1 2 2 2 3 3 1 1 1 2 3 2 1 1 2 1 1 2 1 2 0 1 1 0 2 0 1 0 0 1 0 1 0 0 0 0 0 0 0 0 0 0 0 1 0 0 0 1 0 0 0 0 0 0 0 0 0 0 0 0 0 0 0 0 0 0 0 0 0 
4 3 3 2 5 2 1 2 4 1 5 5 4 7 1 6 3 5 3 5 7 1 3 1 2 3 3 2 3 0 1 1 0 4 1 0 1 3 3 5 1 1 2 2 0 2 1 1 0 3 2 1 1 0 0 0 1 0 0 1 0 0 0 0 0 0 0 0 0 0 0 1 0 0 1 0 0 0 0 0 0 0 0 0 0 0 0 0 0 0 
2 5 6 5 2 4 4 4 4 5 8 4 2 3 4 4 3 5 0 5 4 4 2 1 1 4 3 2 3 2 1 1 2 1 1 3 2 2 1 0 0 0 0 0 0 5 0 3 2 0 1 0 1 1 0 4 0 1 0 1 0 0 0 0 0 0 0 1 0 0 0 0 0 0 0 0 0 1 1 0 0 0 0 0 0 0 0 0 0 0 
6 4 7 4 8 3 5 5 3 5 1 5 2 4 3 5 4 4 4 4 6 2 2 7 4 5 1 5 3 4 3 1 6 4 2 3 3 3 1 2 2 1 1 3 1 5 1 0 0 1 2 0 1 1 0 4 2 0 0 0 0 0 0 0 0 0 1 0 0 0 0 0 0 0 0 1 0 0 0 0 0 0 0 0 0 0 0 0 0 0 
3 6 4 6 6 6 2 2 5 5 3 1 4 5 4 6 2 6 5 4 3 7 3 3 5 2 2 3 3 2 4 1 6 2 3 3 5 1 1 1 4 1 2 3 3 1 3 2 1 4 0 0 0 1 2 1 3 1 0 0 0 0 0 1 1 0 0 0 1 0 1 0 0 0 0 0 0 0 0 0 0 0 0 0 0 0 0 0 0 0 
4 6 4 3 10 8 2 5 8 9 4 3 8 2 5 8 3 3 4 5 5 3 3 2 2 3 3 5 7 3 4 3 5 4 3 2 2 5 5 4 3 3 3 4 2 2 2 3 1 1 2 2 1 1 0 0 1 1 0 3 1 1 2 0 1 0 0 0 1 1 0 1 0 0 1 0 0 0 0 0 0 0 1 0 0 0 1 0 0 0 
3 4 5 1 11 8 8 5 9 10 7 5 9 3 1 6 3 7 5 3 7 5 3 5 2 5 3 4 4 2 9 3 6 5 6 3 2 4 4 4 8 1 1 3 4 3 3 4 1 2 2 2 6 1 0 0 0 1 2 1 2 2 2 0 0 2 1 2 0 1 0 1 1 1 0 1 0 0 0 0 0 0 0 1 0 0 0 0 0 0 
10 4 2 8 3 5 6 9 8 6 7 7 3 4 3 5 9 6 5 2 11 5 6 6 9 4 11 6 4 5 6 7 5 3 2 3 2 5 2 5 4 7 2 0 0 2 2 2 1 3 2 0 1 3 4 1 3 1 1 5 2 1 1 0 2 3 0 0 1 0 0 0 0 0 0 0 1 1 1 0 0 0 0 0 0 0 0 0 0 0 
5 5 8 6 9 10 7 8 3 11 9 11 10 6 8 6 3 5 3 12 9 5 5 8 7 6 4 9 4 6 13 6 3 7 4 6 4 8 2 2 3 3 1 2 3 3 5 4 2 5 4 1 3 0 3 2 2 1 1 3 0 0 1 2 0 0 1 0 0 1 3 0 0 1 0 1 0 0 0 0 0 1 1 0 0 0 1 0 1 1 
14 5 9 7 8 8 7 11 7 5 6 9 7 6 7 5 10 5 5 4 9 5 7 9 8 4 6 6 5 7 4 5 5 4 6 5 4 5 5 7 9 3 4 5 4 8 5 4 3 3 2 4 2 1 1 6 2 3 2 5 2 1 2 2 2 2 3 2 1 2 1 0 0 1 0 1 0 0 1 0 0 2 0 1 1 0 0 1 1 0 
8 17 5 9 10 4 9 13 7 6 8 7 1 13 4 7 10 7 7 8 17 7 11 13 4 8 10 8 10 7 11 2 4 6 4 4 6 7 7 7 6 4 3 5 8 7 8 3 7 3 7 5 4 1 7 4 3 2 1 2 3 0 1 5 3 1 1 2 3 0 1 2 1 4 2 1 0 2 1 1 0 0 1 1 1 0 0 1 1 1 
6 11 12 8 7 7 16 5 13 17 11 10 7 8 13 17 6 5 8 9 8 6 15 9 4 9 7 7 5 8 11 4 6 6 9 12 2 11 5 8 8 5 5 5 3 2 3 4 4 7 1 4 4 4 2 5 7 1 3 1 2 4 6 1 3 4 4 6 2 1 2 1 2 2 1 0 0 0 0 0 0 0 3 2 0 0 1 0 0 0 
5 9 11 11 7 6 3 12 7 10 15 11 5 11 16 14 4 4 7 7 6 7 11 13 6 9 6 3 7 13 8 12 8 5 7 8 8 10 7 6 8 5 5 6 7 3 7 5 5 4 0 1 4 5 8 5 5 2 7 2 5 5 6 1 3 2 2 0 4 0 2 2 1 0 2 2 3 0 4 0 1 2 2 0 0 1 1 0 1 0 
