# Format: McCode with text headers
# URL: http://www.mccode.org
# Creator: McStas 2.5beta01 - Nov. 03, 2018
# Instrument: Full_simple_noSqq.instr
# Ncount: 6250000
# Trace: no
# Gravitation: no
# Seed: 1544349813
# Directory: Magnon_rerun_events_A_noEfocus_noSqq/66
# Nodes: 16
# Param: WaveMin=2.75
# Param: WaveMax=4.4
# Param: E_0=4
# Param: L_0=0
# Param: chopPulseOpening=0.004
# Param: DivSlit0_width=0.1
# Param: DivSlit1_width=0.1
# Param: DivSlit2_width=0.1
# Param: DivSlit3_width=0.1
# Param: Npulse=1
# Param: print=0
# Param: makeVirtualSource=0
# Param: printMValues=0
# Param: power=2
# Param: BWopen=161
# Param: OMA=37.072
# Param: TTA=74.1432
# Param: OMA2=30.628
# Param: TTA2=61.256
# Param: phi=37
# Param: dphi=0.332
# Param: MCPLfile=BIFROST_mcpl.gz
# Param: ax=0
# Param: ay=2.14
# Param: az=-1.24
# Param: bx=0
# Param: by=0
# Param: bz=2.47
# Param: cx=6.71
# Param: cy=0
# Param: cz=0
# Param: Omega=66
# Param: TwoTheta=10
# Param: lambda=10
# Param: dlambda=9.9
# Param: Rotation=0
# Param: inelastic=1
# Param: aa=6.28319
# Param: sample_J1=1.5
# Param: sample_J2=0
# Param: TT=300
# Param: FerroMagnet=0
# Param: Verbose=0
# Param: imultiplier=1
# Param: INCOH=0
# Param: INCOHspread=0
# Param: sample_focusW=2.1
# Param: sample_focusH=0.15
# Param: focus_EF=0
# Param: TOFmin=0.1172
# Param: TOFmax=0.186
# Param: TOFbins=256
# Date: Sat Dec  8 21:24:10 2018 (1544300650)
# type: array_2d(90, 90)
# Source: EGCESE (Full_simple_noSqq.instr)
# component: psd_monitor7
# position: 1.8676 -1.56124 0.679751
# title: PSD monitor
# Ncount: 100000000
# filename: analyser7_psd.dat
# statistics: X0=0.0388541; dX=1.08473; Y0=-3.656; dY=7.30636;
# signal: Min=0; Max=10300.6; Mean=32.8103;
# values: 265763 16590.9 873
# xvar: X 
# yvar: Y 
# xlabel: X position [cm]
# ylabel: Y position [cm]
# zvar: I
# zlabel: Signal per bin
# xylimits: -2 2 -14.88 14.88
# variables: I I_err N
# Data [psd_monitor7/analyser7_psd.dat] I:
0 0 0 391.8888834 221.9632319 0 0 0 0 0 0 0 50.14662176 0 165.8503748 0 0 0 215.1104609 0 0 0 0 175.6009668 188.1278926 0 414.4860498 105.491017 152.2492489 0 0 0 0 0 221.8316646 335.7365882 180.153457 0 0 0 0 201.0525898 0 0 0 169.7530392 222.3784442 0 0 0 0 0 0 103.8029481 0 0 0 0 0 0 171.0117477 0 0 0 0 0 0 94.69561025 0 0 0 0 0 117.0995449 168.2492289 477.9182501 0 0 0 0 0 0 0 0 0 0 0 0 0 0 
0 0 0 0 0 0 0 0 0 0 0 0 176.8632864 125.1166072 0 0 0 0 154.532953 128.1916175 0 0 169.7421582 133.5809451 0 0 0 209.0791497 205.976343 214.8279659 0 0 0 0 0 166.2129181 0 0 0 0 0 139.6217661 0 0 0 0 0 293.2145703 0 44.88021657 0 0 0 0 0 308.8621277 0 222.0172335 0 0 177.829838 21.86246126 150.9851828 0 0 167.528492 0 176.2691182 0 0 0 0 0 146.0180452 0 0 0 217.771893 0 0 0 0 0 135.6211661 43.99608329 0 0 0 140.0139845 0 
0 0 166.1498567 0 316.3663217 0 0 193.0761807 0 0 0 0 0 0 0 217.6496521 200.0179294 92.07404851 178.3636363 0 0 0 0 326.6535817 213.8075474 0 0 0 36.36884417 229.4071448 0 0 0 0 0 0 0 0 0 0 0 220.4509305 0 0 0 0 0 157.1903791 0 0 176.2561948 0 0 0 0 90.56070393 0 187.0150916 0 0 0 109.8646029 0 351.4928356 0 0 0 0 0 0 0 0 0 156.9569193 0 0 0 0 0 0 0 0 154.6750627 0 0 0 94.5167985 0 154.7724906 0 
0 0 152.9641813 0 0 0 174.0198853 0 0 0 0 0 331.2309022 0 0 0 0 118.1509278 0 135.268701 0 0 0 0 0 0 0 0 0 0 0 0 143.3889592 0 0 0 159.2699805 0 0 0 0 0 0 347.8733798 0 172.428613 0 0 0 0 108.6648544 0 150.6125767 159.3291398 0 0 0 0 140.4390141 0 0 0 0 481.3384333 26.18335444 77.77604451 153.858205 0 0 195.2862188 0 0 138.2870929 169.4955787 0 107.4032772 0 0 169.4468002 149.5198098 0 142.5780208 0 175.5170248 88.56423999 166.7042456 0 0 0 0 
0 0 0 157.8707824 0 0 0 0 0 0 0 212.3747729 215.1007415 0 0 224.8527518 0 213.5797327 0 0 0 0 169.358336 0 0 0 0 0 250.0940068 0 278.5174986 0 0 312.4310751 0 0 0 156.3176506 0 0 86.43042598 0 0 0 0 179.1136851 231.4274904 0 0 0 156.68334 44.26828362 0 0 0 0 0 167.8084007 0 316.5565296 0 0 0 0 0 178.248121 37.87867036 0 0 0 0 0 0 0 0 0 129.052872 149.7597585 147.505169 44.97008531 0 0 0 0 296.4015144 0 164.8232891 0 0 0 
0 0 0 0 0 0 0 0 0 0 0 0 0 0 0 168.9392296 0 35.24204272 0 0 0 0 0 0 0 201.0411925 236.3479853 0 0 0 0 0 187.15262 0 0 0 0 242.996118 0 0 154.5707082 0 167.4763327 0 158.5596618 192.97385 0 322.6335592 362.1039679 0 0 155.9154146 0 0 136.752649 0 0 184.8347244 0 192.8578518 0 0 0 0 0 0 166.9708289 0 0 0 0 169.4353769 0 0 0 0 0 0 0 0 132.3542483 181.2282081 0 0 0 73.36314658 0 0 181.165589 0 
0 0 0 0 0 106.2277108 0 0 0 0 0 0 0 0 0 0 0 0 0 0 0 0 0 0 0 0 160.3159927 0 0 0 214.7220585 170.9693224 0 246.0139646 0 0 386.0191657 0 0 0 0 302.4114653 206.1739437 0 0 0 377.401312 0 0 0 136.0738876 0 0 0 0 332.9775053 168.9713165 188.9067904 0 0 0 0 0 0 0 0 152.0864905 0 0 0 0 0 148.4439745 0 0 0 0 0 0 0 160.9364236 182.8984261 0 0 126.8470403 0 0 0 0 0 
0 0 0 245.2454242 148.6256651 0 305.7314148 0 0 0 0 294.798198 0 0 0 0 234.9054969 0 0 0 0 0 0 186.3954033 0 329.52027 0 0 0 0 0 205.2272763 243.6707103 0 0 0 0 0 0 173.4671112 244.8222466 0 178.4815731 321.2915801 0 0 0 0 0 0 0 0 249.0881131 218.9919293 0 0 0 0 200.8210152 0 0 0 209.0354649 180.5593909 2.604211035 0 165.3639487 218.2226027 0 0 0 0 0 0 182.2286008 0 0 0 224.0883846 0 0 0 0 0 0 0 171.5059718 0 0 0 
0 0 194.3900037 0 217.8648196 0 0 0 0 0 0 303.0599622 0 0 0 0 0 0 0 68.12042885 0 0 0 72.72154366 184.8418101 0 0 0 0 0 0 230.9129852 0 0 133.9233636 0 0 0 193.4941311 0 0 0 0 0 0 0 0 438.5663616 0 0 0 0 0 0 0 0 0 0 169.6670435 0 0 173.4599476 0 0 0 0 0 122.6616689 168.6290407 0 0 99.28806827 0 0 0 210.0391368 0 0 0 30.09307764 0 0 0 0 0 0 180.0437605 0 167.0658538 0 
178.9194862 0 0 209.3014931 0 130.4330684 0 0 0 83.6377678 374.9371267 172.3279682 0 0 0 0 0 0 0 0 0 0 0 0 0 0 0 185.5002616 0 59.24386928 0 0 0 0 0 0 0 197.0814453 431.0573311 0 0 434.1848078 0 0 0 0 0 0 178.3145534 0 0 0 0 0 0 0 109.9042135 0 0 0 0 0 270.4192898 141.958279 118.8257271 0 0 133.5382487 191.3185238 0 0 209.1943853 0 210.4396157 167.8989169 201.2795254 189.1316031 192.486892 0 211.877747 0 193.0864251 0 0 332.8400577 0 0 0 0 200.6678176 
0 0 0 0 0 0 0 0 0 0 0 0 0 0 0 0 0 100.4058876 0 0 0 0 0 320.5344541 0 0 216.9742126 0 0 0 59.28012466 167.4169372 0 237.0600711 112.6955789 0 0 0 188.7730638 0 0 0 0 0 0 58.66033305 0 248.7507504 0 265.3809215 205.600499 0 0 0 0 147.8230659 0 0 116.9191812 0 0 182.8994 0 0 55.18797467 0 228.2814831 0 0 0 0 131.8977636 0 0 153.0954476 179.4480838 0 0 167.7301403 177.2229354 163.0638761 186.1507371 102.6970846 0 339.6742131 0 0 0 273.9778765 0 
0 0 0 0 0 0 0 0 0 0 368.7011727 0 0 308.3970191 460.9201495 107.8389879 0 0 0 0 0 0 0 0 95.42212851 304.0462478 0 0 0 0 0 0 0 321.3588231 0 0 0 0 0 0 0 0 0 0 0 189.9976385 0 0 0 0 0 0 0 0 91.19061066 0 569.9023549 180.9574436 0 0 0 0 0 432.0277275 137.7569911 0 0 199.3847608 0 0 0 0 0 0 0 245.3232753 296.6163716 0 198.6702197 0 0 367.5965502 116.7275234 0 0 0 0 30.63116578 0 0 
583.7179137 0 214.283394 0 0 0 0 0 0 0 0 0 0 0 0 0 148.0897841 0 0 0 0 0 290.4420077 0 0 0 0 0 0 128.3212714 0 0 0 0 0 0 185.6769488 0 66.70091792 0 0 69.6049976 0 0 0 0 0 0 221.5467735 0 0 229.6420454 0 97.30051553 0 0 161.7519467 0 0 190.3208081 176.7640068 0 0 0 0 0 0 0 0 0 0 158.8338733 0 0 0 0 0 0 0 0 209.6093284 0 216.0789658 0 0 359.4170582 117.3122005 0 0 186.47865 
0 0 0 0 0 225.6414161 0 0 0 0 0 222.1682415 290.2918214 0 0 0 0 0 0 0 0 181.9938966 0 0 0 0 0 0 0 0 253.0800844 0 0 0 0 0 0 0 0 258.5781859 0 133.4755934 0 0 279.757058 0 201.7766233 0 0 0 142.575566 0 0 0 0 0 0 0 0 0 0 156.3870681 0 0 0 0 0 232.6303128 0 0 0 0 201.4610069 0 0 0 155.5409157 0 0 0 0 0 0 289.180227 0 0 0 0 0 36.10818882 
0 345.161168 0 371.9755057 0 0 158.1552185 0 0 0 0 0 0 0 0 0 0 0 0 0 0 0 0 0 256.4017885 0 158.4273029 0 0 0 0 0 0 0 0 0 595.1169335 0 0 0 0 0 188.0132606 212.3860001 0 310.4303244 242.5209335 125.517426 0 0 206.855543 0 0 0 0 0 202.5766131 0 0 0 0 0 0 153.9417677 0 0 211.6309537 0 0 0 0 0 0 364.4800414 0 0 0 0 0 0 0 0 159.0103608 0 0 0 155.4389392 164.6410552 0 0 
0 0 0 0 0 0 0 0 237.5110833 0 415.6738102 0 0 0 0 0 0 0 0 0 475.8896931 291.3698212 0 0 0 0 192.527599 0 0 0 0 0 0 0 0 0 0 0 0 0 0 0 0 0 0 0 0 0 955.46765 0 0 0 170.3233268 0 234.8170721 0 176.8530907 176.427427 0 164.939676 0 83.87122913 142.2408994 0 135.9270039 211.8920724 39.37562252 0 0 0 0 0 0 0 0 0 245.7272647 178.6938602 0 0 0 0 0 0 0 181.6433534 0 204.4777705 0 0 
0 318.457381 0 0 330.4990716 0 288.0913877 0 0 0 0 0 0 0 0 0 0 0 0 0 0 247.3092408 0 0 0 0 0 0 97.07996091 0 201.9010034 0 0 0 0 0 0 0 0 308.450413 0 0 0 0 0 0 116.569506 0 0 0 458.0541086 176.6269277 0 0 0 0 0 0 0 0 0 421.2987449 0 0 0 0 0 0 0 257.9758522 0 0 0 193.2030948 0 233.0746153 0 0 0 226.959553 0 207.5072121 0 225.6239295 134.2524454 0 0 0 0 167.9203123 
0 0 0 0 214.0970295 0 0 0 0 0 0 0 0 0 236.1997473 0 0 0 0 116.4268399 218.9902581 0 0 0 0 0 0 162.3851223 0 0 0 0 303.6199284 0 0 0 0 0 0 228.5937635 298.9775053 0 0 0 0 0 0 0 0 0 201.4071475 147.2751187 0 0 0 0 0 0 0 233.5438645 222.115914 0 0 0 0 0 0 149.5318892 488.1704412 0 190.6605487 0 0 168.9802807 0 0 251.63672 0 205.7296221 245.3853416 0 0 0 0 0 0 196.5229228 0 0 0 
367.9924075 0 0 0 0 0 0 0 0 0 0 0 0 233.7893488 0 0 0 414.4977504 0 0 315.2460413 0 0 0 0 0 0 0 0 291.342721 0 0 0 0 0 0 0 0 0 0 271.4159026 0 0 0 0 0 502.7189278 0 0 382.5544242 0 220.6390498 0 269.9325739 0 0 0 118.0732278 0 0 0 397.3906324 0 280.9749285 0 467.590823 260.1008308 0 0 0 0 371.9701507 0 0 0 0 0 0 0 329.2958657 0 0 0 303.1864453 0 0 0 0 0 0 
0 0 0 0 0 0 0 352.1783949 0 0 0 0 0 0 0 0 0 0 0 0 0 0 0 167.783911 0 0 0 0 0 246.7137961 0 0 1038.140785 0 0 0 0 0 0 0 0 229.6651124 0 0 0 0 0 0 0 0 207.5693151 0 0 0 0 282.0540683 0 0 265.0007335 0 0 294.5511889 0 0 261.4650946 0 0 0 0 0 0 0 0 304.5720884 0 221.8412353 139.5838981 0 0 0 0 0 0 0 0 0 0 248.2714285 278.1963978 0 
0 0 0 0 0 0 0 0 0 0 189.7761382 0 0 0 0 0 0 224.706386 0 0 0 202.8534704 0 0 0 205.7790352 0 441.480983 0 0 0 0 0 638.2223993 0 293.9588928 0 0 0 0 0 260.1189731 315.3556463 0 0 0 0 278.0090975 0 0 0 0 0 0 123.7166626 335.4387551 172.0339647 0 345.5545019 0 271.3220275 0 260.5281106 0 320.9200523 0 194.336596 0 0 0 0 185.3731663 0 0 0 166.382167 0 0 0 0 265.7658162 0 0 511.3837432 0 0 0 0 0 0 
0 0 0 0 171.3603047 0 0 0 0 0 0 0 0 0 182.80452 237.6592281 0 0 0 257.79297 0 0 0 0 0 0 0 178.5019653 0 0 0 0 0 267.3871386 0 210.2065632 249.6393974 0 0 302.5562845 0 501.8459186 0 0 0 0 0 0 0 0 0 0 0 0 0 0 0 0 0 0 0 0 0 0 0 0 0 0 0 0 0 0 0 159.2529186 0 0 0 114.7779871 0 0 0 0 0 217.810166 0 0 0 0 235.0679553 260.7897859 
0 0 0 0 0 0 0 0 0 499.7315109 0 0 0 308.470736 0 138.2307962 0 0 0 0 0 0 383.6845585 0 0 0 0 0 0 0 0 0 0 0 0 0 0 0 0 0 0 0 0 0 218.6476537 0 0 0 0 297.0870833 0 0 0 0 0 233.6414722 0 0 0 0 0 0 0 0 0 258.1531976 0 0 0 175.0290759 0 375.0216667 0 0 0 0 0 0 0 561.7544826 0 0 0 0 0 0 0 210.7474588 283.5405195 0 
0 0 0 0 0 0 0 814.3335049 0 0 0 0 0 0 242.0219122 0 0 0 0 221.3888858 305.2989446 309.7095042 526.689919 567.8634134 491.0789509 0 0 0 0 0 124.6113887 0 389.7966223 0 0 0 0 0 0 0 0 0 304.4643704 269.0464158 240.7048421 0 0 611.4661387 0 0 0 0 0 0 0 0 0 0 0 0 0 0 0 0 0 0 0 101.6237047 0 0 0 0 0 0 0 0 0 0 0 0 0 0 0 0 0 0 0 0 0 0 
0 0 92.90819935 0 0 0 0 0 0 0 289.8071702 0 0 0 0 0 0 335.9859561 76.61797119 0 0 0 0 244.2763034 0 0 0 0 0 0 0 0 0 0 244.3649228 0 384.0933357 150.9004979 0 0 0 0 289.887873 0 0 0 324.0638474 329.5603282 0 314.942576 0 0 0 271.9569275 0 0 0 0 0 77.54677251 0 0 0 0 0 0 76.06992277 0 0 0 0 0 0 0 0 279.9890431 0 0 0 0 227.6389678 0 0 0 0 0 0 0 0 0 
328.1389883 0 0 0 0 0 0 0 0 0 0 0 0 0 0 0 0 0 0 0 0 0 0 0 0 0 0 0 0 0 407.6670303 0 0 0 0 0 280.9201429 0 0 0 505.9571916 0 0 0 0 0 0 572.2846549 0 0 0 0 0 518.6691737 0 0 164.0590918 0 355.8483165 0 0 0 240.0155974 0 0 230.3113412 241.83036 0 0 0 50.95615288 0 301.9986557 0 0 0 0 0 276.3091076 0 70.60311458 0 0 0 0 0 0 0 0 0 
0 0 0 0 60.5309043 0 0 0 0 0 0 0 0 0 0 285.9817008 0 0 0 0 0 0 0 0 0 217.6345118 0 0 0 196.126067 0 0 0 0 0 0 0 0 0 0 0 0 0 119.1314098 0 0 63.14563155 0 0 0 0 0 0 0 0 0 0 0 0 0 0 0 0 0 143.2688572 0 0 0 0 0 0 0 0 0 0 355.669228 0 0 0 0 0 264.3178357 0 0 0 233.9029768 0 0 0 0 
0 0 0 0 0 178.6615466 0 0 332.6840334 0 0 0 0 0 0 0 0 0 0 0 0 0 0 0 307.5064051 0 0 0 489.8090576 0 284.2062034 0 0 0 227.0131903 0 0 0 0 0 0 0 0 0 363.880544 0 0 0 0 398.5991262 0 0 0 0 313.7302454 0 0 0 780.078739 0 302.9870913 0 0 182.7740651 0 0 0 198.3515738 0 255.8609016 105.9168719 0 262.6360143 0 0 0 0 0 224.3870024 0 0 0 0 278.4411329 269.5291616 0 0 0 254.7341729 0 
0 0 0 0 298.0533163 0 0 0 0 0 0 0 0 0 0 0 0 0 0 0 0 0 0 0 0 0 0 0 0 0 0 0 0 0 0 0 0 0 0 0 0 261.6180331 0 0 0 247.02061 0 0 0 0 0 0 0 0 0 0 0 0 0 0 0 0 0 0 0 0 0 0 0 0 351.936075 474.2963676 0 0 0 0 0 0 377.4933355 789.8676647 204.4024381 0 0 0 0 200.093336 359.4491096 0 0 0 
0 0 0 0 0 0 0 0 0 0 0 0 0 0 0 0 0 574.8744714 0 0 0 0 0 0 0 0 0 0 0 0 0 0 0 0 0 0 0 0 0 0 0 323.2606483 427.5624489 0 0 0 0 0 0 0 0 0 285.4018049 0 0 0 253.7665553 0 0 0 0 0 0 0 0 0 0 0 0 0 0 0 0 221.9142452 0 0 0 474.6398369 0 0 0 0 255.2051689 241.2904217 0 0 0 0 0 0 
0 0 143.7381547 0 0 0 0 0 0 0 0 0 0 0 0 0 0 0 0 0 0 0 0 0 0 0 0 0 0 0 0 0 0 0 0 0 0 0 0 0 0 407.9969087 0 0 0 0 0 0 0 0 0 0 0 0 0 0 0 0 0 0 0 0 198.1390531 0 0 0 0 0 0 0 0 318.7493336 0 0 0 0 228.4047736 0 157.5430381 0 0 0 319.244826 0 0 0 0 0 0 0 
0 0 0 0 0 0 0 570.1673244 0 0 308.1126062 0 0 0 0 463.3473842 0 0 0 460.2374914 0 0 0 0 0 222.7218804 0 363.986002 0 0 0 0 0 598.6316351 0 0 0 0 0 0 0 0 0 0 0 0 0 0 0 340.3118075 0 0 0 0 0 0 0 322.0203568 436.5389587 0 583.1079568 247.0753573 0 0 0 431.3568763 0 197.7703857 0 470.7428348 0 0 248.0739111 0 255.67434 0 0 0 0 0 0 0 0 0 0 0 0 330.6627889 0 0 
0 0 0 0 0 0 0 142.5417227 0 0 0 0 0 0 0 0 0 0 0 0 0 0 0 0 0 0 0 0 0 0 0 0 0 0 0 0 0 0 329.8454405 0 0 0 0 0 0 0 0 0 0 0 0 0 0 0 0 0 0 0 0 0 0 0 0 0 0 0 0 0 0 0 0 0 0 0 0 0 0 0 0 0 0 0 0 0 0 0 0 0 0 0 
0 0 0 0 0 0 0 0 0 0 0 0 0 0 298.1522061 0 0 0 0 0 0 0 0 432.1051486 0 0 1652.795295 0 0 0 0 0 0 0 0 0 0 187.5237516 0 0 0 0 0 0 0 0 0 0 0 434.8511305 0 0 0 0 0 0 0 0 0 0 0 0 0 0 297.6588047 0 0 0 0 0 436.9244857 0 410.8453097 0 0 0 0 0 0 0 0 0 0 0 260.6075811 0 0 0 0 0 
0 0 0 0 0 0 0 0 150.3593318 0 0 0 0 0 0 0 0 0 0 0 1043.509218 0 0 0 0 0 0 0 0 0 0 0 0 0 0 454.9764649 0 0 0 0 0 0 0 0 0 0 0 0 0 0 0 0 0 0 0 0 0 0 0 0 0 0 0 291.0876218 0 0 0 0 0 0 0 0 0 0 0 0 0 309.1736522 0 0 0 0 0 0 0 0 0 0 194.9507334 0 
0 0 0 0 0 0 0 0 0 0 0 0 0 0 0 0 0 0 0 0 0 0 0 0 0 0 0 0 0 0 0 0 0 0 348.5341972 0 0 0 0 0 0 0 0 0 0 0 0 0 0 0 0 314.3868362 0 0 0 0 0 0 0 0 0 0 0 0 0 0 0 0 0 0 0 0 0 0 0 0 0 0 0 359.7387928 660.3659977 0 379.3883885 347.9393827 0 0 0 0 0 291.187692 
0 0 0 0 0 0 0 0 0 0 299.6493274 0 0 0 0 0 1104.317167 0 0 0 0 0 0 0 0 302.4441268 0 0 0 0 0 0 0 0 0 0 0 0 0 0 0 0 0 0 0 0 0 0 0 0 0 0 0 0 0 307.935713 0 0 0 0 0 0 0 0 0 0 206.0570297 0 0 0 0 0 0 0 0 0 344.7941141 0 0 0 0 0 0 0 1074.863081 321.820344 0 0 0 0 
0 0 0 0 0 0 0 0 0 0 0 0 0 0 0 0 0 232.8746988 0 0 0 0 0 0 0 0 0 284.5360588 0 0 0 0 0 0 0 0 0 0 0 0 0 0 85.86556569 0 0 0 0 0 0 0 0 0 0 0 0 377.4568838 0 0 0 0 0 0 0 0 0 0 0 0 0 0 0 0 0 0 0 0 0 0 0 0 0 0 341.3545913 0 0 0 309.9248312 0 0 0 
0 0 0 0 0 0 0 0 0 0 0 0 0 0 0 0 0 0 0 0 0 0 0 0 0 0 0 0 0 0 0 0 0 0 0 0 0 0 296.4161908 453.2095597 0 0 0 284.7591345 0 0 0 0 0 0 0 0 0 0 397.4029038 0 0 0 0 0 0 0 0 0 0 0 0 0 0 0 0 0 0 0 0 0 0 0 0 0 0 0 0 0 0 235.0388975 0 0 0 0 
0 0 0 0 0 0 0 0 0 0 0 0 0 0 0 0 0 0 0 0 0 0 0 0 0 0 379.8990475 0 0 0 0 0 0 0 493.3170268 0 0 0 0 0 0 0 0 562.8721212 0 0 0 0 0 0 0 0 0 0 0 0 269.326757 0 0 0 0 0 0 0 0 0 0 0 0 0 0 0 0 0 0 0 0 0 0 0 0 0 0 0 0 0 0 0 0 0 
0 0 0 0 0 270.7475395 0 0 0 0 0 0 0 0 0 0 0 0 0 0 0 0 0 0 0 0 0 0 0 0 0 0 400.9075528 0 0 0 0 0 0 0 0 0 0 0 0 0 0 0 0 0 0 0 0 0 0 0 0 0 0 0 0 0 0 0 0 0 0 0 0 0 0 0 0 0 0 0 0 0 0 0 0 0 0 0 0 0 435.6345537 241.7507189 0 0 
0 0 0 0 0 0 0 0 0 0 0 0 0 0 0 0 0 0 301.9243321 0 0 208.1219661 0 0 0 0 0 0 0 0 0 0 0 748.635621 0 0 0 0 0 0 0 0 0 0 0 0 0 0 0 0 0 0 0 609.3048665 0 0 0 0 0 0 330.9189291 0 436.5353867 0 2131.498873 0 0 0 0 0 0 0 0 0 0 0 0 0 0 0 674.2599905 0 0 0 0 0 0 0 0 0 
0 0 0 0 0 0 0 0 0 0 0 0 0 0 0 0 0 0 0 0 0 0 0 0 303.1303443 0 0 883.3830068 0 0 0 0 0 0 0 0 0 0 0 0 0 0 0 0 0 0 574.7813418 0 472.2473029 0 604.1618841 0 0 0 0 0 759.3822997 0 0 0 0 0 0 0 0 0 0 0 0 0 0 0 0 0 0 292.0480991 0 0 0 0 0 290.776466 0 0 0 0 0 0 0 0 
0 0 0 0 0 0 0 0 0 214.9028742 0 0 0 0 373.4901528 0 0 0 0 0 0 0 0 0 0 0 0 0 0 0 0 0 0 162.5356021 395.2887258 0 0 0 248.8537332 0 0 0 0 0 0 0 0 0 0 0 0 0 0 0 0 0 0 0 0 154.8337441 0 0 0 0 0 0 0 0 0 0 0 0 0 222.4351597 0 0 0 0 0 0 0 0 0 0 0 558.3804811 0 0 0 0 
0 302.6000534 0 0 0 0 0 0 0 0 0 0 0 0 0 0 0 0 0 0 0 0 0 0 0 0 0 0 0 0 0 0 0 0 0 0 0 0 0 0 3530.342125 0 0 0 0 0 0 0 0 0 0 0 0 0 0 0 0 0 0 0 0 0 0 313.2943957 0 0 0 0 251.3083753 0 0 0 0 0 0 0 0 0 0 0 0 0 0 0 0 0 0 396.3419528 0 0 
0 0 0 0 0 0 0 0 0 0 0 2973.215005 0 0 0 0 0 0 0 0 0 0 0 0 0 0 0 0 0 0 0 0 0 0 0 0 0 0 0 0 0 628.4927906 0 0 0 0 0 0 0 0 0 0 0 0 0 0 0 0 0 0 0 0 0 0 0 0 0 0 0 0 0 0 0 0 0 0 0 0 0 0 0 0 0 0 0 0 0 0 0 0 
0 0 0 0 0 0 0 0 0 0 0 0 0 0 0 0 0 0 0 0 0 0 0 0 0 0 0 0 0 570.4334591 475.7627739 339.928181 0 0 0 0 0 0 0 0 0 0 0 0 0 0 0 0 0 0 0 0 0 0 0 0 0 0 0 0 0 0 0 0 0 0 0 0 76.58853127 0 0 0 0 0 0 0 0 0 0 0 0 0 0 0 0 0 0 0 0 0 
0 0 0 0 0 0 0 0 0 0 550.6538988 0 249.3046895 0 0 0 0 0 0 0 0 0 0 0 0 0 0 0 0 0 0 0 0 0 0 0 0 399.6974128 0 0 0 0 0 0 0 0 0 0 0 0 0 0 0 402.3900347 0 0 0 0 0 0 0 514.4247803 0 0 0 0 0 0 0 0 0 0 0 0 0 0 0 0 0 0 0 0 576.5786035 0 0 0 0 0 0 0 
0 0 0 0 0 0 0 0 0 0 0 0 0 536.4471867 0 0 0 0 0 0 0 0 0 0 0 0 351.8993635 409.3589191 0 0 0 0 0 0 0 0 0 0 0 0 0 0 0 0 0 0 0 0 0 0 0 0 3981.251837 0 0 0 0 0 0 0 0 0 0 0 0 0 0 0 0 0 0 0 0 0 0 0 0 0 0 0 0 0 0 0 0 0 0 0 0 0 
0 0 0 0 0 0 0 0 0 0 0 0 0 0 0 0 0 0 0 409.386494 0 0 0 0 0 0 0 57.20107335 0 2925.915172 0 0 0 0 0 0 0 0 0 0 0 0 0 0 344.8803553 0 0 0 0 0 0 0 0 0 372.9980849 0 0 0 0 0 0 0 0 0 0 0 0 0 0 0 0 236.7313453 0 0 0 0 0 0 0 0 0 0 0 0 0 0 0 0 0 0 
0 0 0 0 0 0 0 0 0 0 0 0 0 0 0 0 0 0 0 0 0 0 0 0 0 0 0 0 0 0 0 0 0 0 0 1060.51012 0 0 0 0 0 0 0 0 0 0 0 0 0 0 0 0 0 0 0 0 0 0 0 0 0 0 0 0 0 0 0 0 0 0 0 0 0 0 0 0 0 0 0 0 0 0 0 0 0 0 0 0 0 521.9497802 
0 0 0 0 0 0 0 0 0 0 0 0 0 0 0 0 0 0 0 0 0 0 0 0 0 0 0 0 0 0 0 0 0 0 0 0 0 0 0 1134.80804 0 0 0 0 0 0 0 0 0 0 0 0 0 0 0 0 0 0 0 0 0 0 0 0 0 0 0 1312.788731 0 0 0 0 0 0 0 0 0 0 0 0 0 0 0 0 0 0 0 0 0 0 
0 0 0 0 0 0 0 0 0 0 0 0 0 0 0 0 0 0 0 0 614.8841272 0 0 0 0 0 0 0 0 0 734.2565559 0 0 0 0 0 938.192252 0 0 0 0 0 0 0 0 0 0 0 0 0 0 0 0 0 0 0 0 0 0 0 0 0 0 0 0 0 0 0 347.8564957 0 0 0 0 0 0 0 0 0 0 0 0 0 0 0 0 0 0 0 0 0 
0 0 0 0 0 0 0 0 0 0 0 0 0 0 0 0 0 0 0 0 0 0 0 0 0 0 0 0 0 0 0 0 0 0 0 0 0 0 0 0 0 0 0 0 0 0 0 0 0 0 0 0 0 0 991.8263367 0 0 0 0 0 0 0 0 0 0 0 0 0 0 0 0 0 0 0 0 0 0 0 0 0 0 0 0 0 0 0 0 0 0 0 
0 0 0 0 0 0 0 0 0 0 1499.537526 0 0 0 0 0 0 0 0 0 0 0 0 0 0 0 0 0 0 0 0 0 0 0 0 0 0 0 0 356.1413359 0 0 0 0 0 0 0 0 0 0 0 0 0 0 0 0 0 0 0 0 0 0 0 0 0 0 0 0 0 0 0 0 0 0 0 0 0 359.8052239 0 0 0 0 0 0 0 0 0 0 0 0 
0 0 0 0 0 0 0 0 0 0 0 0 0 0 0 0 0 0 0 0 0 0 342.2967154 0 0 0 0 0 366.2437561 0 0 0 0 0 0 0 0 0 0 0 0 0 0 0 0 0 0 0 0 0 0 0 0 0 0 0 0 0 0 0 0 0 0 0 686.9226549 0 0 0 0 0 0 0 0 0 0 0 0 0 0 0 0 0 0 0 0 0 0 0 457.8945934 0 
0 0 0 0 0 0 0 0 0 0 0 0 0 0 0 0 0 0 0 0 0 0 0 0 0 0 0 0 0 0 0 0 0 0 0 0 0 0 0 0 0 0 316.5741811 0 0 0 0 0 0 0 0 0 0 0 0 0 0 0 0 0 0 0 0 956.3452518 0 0 0 0 0 0 0 0 0 0 0 0 0 0 0 0 0 0 0 0 0 0 0 0 0 0 
0 0 750.3921207 0 0 0 0 0 0 0 0 0 0 423.7712999 0 0 0 0 0 0 848.673052 0 0 0 0 0 0 0 0 0 0 0 0 0 0 0 0 0 0 0 0 0 0 0 0 0 0 0 0 0 0 0 0 0 0 0 0 0 0 0 0 0 677.808217 0 1452.448076 0 0 0 0 0 0 0 0 0 0 0 0 0 0 0 0 0 0 0 0 0 0 0 0 0 
0 0 0 184.197015 0 0 0 0 0 0 0 0 0 0 0 0 0 0 0 0 0 405.2012119 902.3573733 0 0 0 0 0 0 0 0 0 0 0 0 0 0 0 0 0 0 380.1777204 0 0 0 0 0 0 0 0 0 0 0 0 0 0 0 0 0 0 0 0 0 0 1382.293047 0 0 0 0 0 0 0 0 0 0 0 0 0 0 0 0 0 0 0 0 0 0 0 0 0 
0 0 0 0 0 0 125.1777836 297.0045151 0 0 0 0 0 0 0 0 0 0 0 0 0 0 0 0 371.7882506 0 0 1597.320363 0 0 0 0 0 0 0 0 0 0 386.2968026 0 0 0 0 1884.727381 0 0 0 0 0 0 0 0 0 0 0 0 0 0 566.0458068 0 0 0 0 0 0 0 0 0 0 0 0 0 0 0 0 0 0 0 0 0 0 0 0 0 0 0 0 0 0 0 
0 0 0 0 0 0 0 0 0 0 0 0 0 0 0 0 0 0 0 0 0 0 0 0 0 0 0 0 0 0 776.1966913 0 0 0 0 0 0 0 0 0 0 0 0 0 0 0 0 0 0 0 0 0 0 0 0 0 0 0 0 0 0 0 0 0 0 0 0 0 0 0 0 0 0 0 0 0 0 0 0 0 0 0 0 0 0 0 0 0 0 0 
0 0 0 0 0 0 0 0 0 0 0 0 0 0 0 0 0 2054.238518 0 0 0 0 0 0 0 0 0 0 0 0 0 0 0 0 0 0 0 0 0 0 0 0 0 0 0 0 0 0 0 0 0 0 0 0 0 0 0 0 0 0 0 0 0 0 0 0 0 0 0 0 0 0 0 0 0 0 0 0 0 0 0 0 0 0 0 0 0 0 0 0 
0 0 0 0 0 0 0 0 0 0 0 0 0 0 0 0 0 0 0 0 0 0 0 0 0 0 0 0 0 0 0 0 0 0 0 0 0 0 0 0 0 0 0 0 0 0 0 0 0 0 0 0 0 0 0 10300.56821 0 0 0 0 0 0 0 0 0 0 0 0 0 0 0 0 0 0 0 0 0 0 0 0 0 0 0 0 0 0 0 0 0 0 
0 0 0 0 0 0 0 0 0 0 0 0 0 0 0 0 0 0 0 467.3115205 0 0 0 0 0 0 0 0 0 0 0 0 0 0 0 0 0 0 0 0 0 0 0 0 0 0 0 0 0 0 0 0 0 0 0 0 0 0 0 0 0 0 0 0 0 0 0 0 0 0 0 0 0 0 0 0 0 0 0 0 0 0 0 0 0 0 0 0 0 0 
0 3446.31171 0 534.4014615 0 0 0 0 0 0 0 0 0 0 80.15661507 0 0 0 0 0 0 0 0 0 0 0 0 0 0 0 0 0 0 0 0 0 0 0 0 0 0 0 0 0 0 0 0 0 0 0 0 0 0 0 0 0 0 0 0 0 0 0 0 0 0 0 0 0 0 0 0 0 0 0 0 0 0 0 0 0 0 0 0 0 0 0 0 0 0 0 
0 0 0 0 0 0 0 0 1682.499208 0 0 0 0 0 0 0 0 0 0 0 0 0 0 0 0 0 0 478.6873966 0 0 0 0 0 394.7446287 0 0 0 0 0 0 0 0 0 0 0 0 0 0 0 0 0 0 0 0 0 0 0 0 0 0 0 1453.931489 0 0 0 0 0 0 0 0 0 0 0 0 0 0 0 0 0 0 0 0 0 0 0 0 0 0 0 0 
0 0 0 0 0 0 0 0 0 0 0 0 0 0 0 0 0 0 0 0 0 0 0 0 0 0 0 0 0 0 0 0 0 0 676.2384044 0 0 0 0 0 0 0 0 0 0 0 0 0 0 0 0 0 0 0 0 0 0 0 0 0 0 0 570.4905559 0 0 0 0 0 0 0 0 0 0 0 0 0 0 0 0 0 0 0 0 0 0 0 0 0 0 0 
0 0 0 0 0 0 0 0 0 0 0 0 0 0 0 0 0 0 0 0 0 597.561345 0 0 0 0 0 0 0 0 0 0 0 0 641.379142 0 0 0 0 0 0 650.5785563 0 0 0 0 0 0 0 0 0 0 0 0 0 0 0 0 0 0 0 0 0 0 0 0 0 0 0 0 0 0 0 0 0 0 0 0 0 0 0 0 0 0 0 0 0 0 0 0 
0 0 0 0 0 0 0 0 0 0 0 0 0 0 0 0 0 0 0 0 320.1498868 0 0 0 0 0 0 0 0 0 0 0 0 0 0 0 0 0 0 0 0 577.9568674 0 0 0 0 0 0 0 0 0 0 0 0 0 0 0 0 0 0 0 0 0 0 0 0 0 0 0 0 0 0 0 0 0 0 0 0 0 0 954.4241285 0 0 0 0 0 0 0 0 0 
0 0 0 0 0 0 1141.984975 453.8935038 0 0 0 0 0 0 0 0 0 0 0 0 473.284368 0 0 0 0 0 0 0 0 0 0 0 0 0 0 0 0 0 481.4191544 0 0 0 0 0 0 0 0 0 0 0 0 0 0 0 0 0 0 0 0 0 0 0 0 418.2020453 0 0 0 0 0 0 0 0 0 0 0 0 0 0 0 0 2031.66008 0 0 589.3017672 0 0 0 0 0 0 
0 0 0 0 0 0 0 0 0 0 0 0 0 0 0 0 0 0 0 0 0 0 0 0 0 0 0 401.3491065 0 0 0 0 0 0 0 0 0 0 0 0 0 0 0 0 0 0 0 0 0 0 0 0 0 0 0 0 0 0 0 0 0 0 0 0 0 0 0 0 0 0 701.4493144 0 0 0 0 0 0 0 0 0 0 0 0 0 0 0 0 0 0 0 
0 0 0 0 0 0 0 0 0 0 0 95.70564466 0 0 0 0 0 0 0 0 0 0 0 0 0 0 0 0 0 0 0 0 0 0 0 0 0 0 0 0 0 0 0 0 678.6012887 0 0 0 0 0 0 0 0 0 0 0 0 656.6091751 0 0 0 0 0 0 0 0 0 0 0 0 0 0 0 0 855.0434607 0 0 0 0 0 0 0 0 0 0 0 0 0 0 0 
0 0 0 0 0 0 0 0 0 0 0 0 0 0 0 0 0 0 0 0 0 0 0 0 0 0 0 0 0 0 0 0 0 0 0 0 0 0 0 0 0 0 0 0 0 0 0 0 0 0 0 0 0 0 0 0 0 0 0 0 0 0 0 0 0 0 0 0 0 0 0 0 0 0 0 0 0 0 0 0 0 0 0 0 0 0 0 0 0 0 
0 0 757.8803259 0 0 0 0 0 0 0 0 0 0 0 0 0 0 0 0 0 0 0 0 0 0 0 0 0 0 0 433.1500605 0 0 0 0 0 0 0 0 0 0 0 0 0 0 0 0 0 0 0 0 0 0 0 0 0 0 0 0 0 0 0 0 0 0 0 0 0 0 0 0 0 0 0 80.92797742 0 0 0 0 0 0 0 0 0 0 0 832.4106163 0 0 0 
0 0 0 0 0 0 0 0 0 0 0 0 0 0 0 0 0 0 0 0 0 0 0 0 0 0 0 0 0 0 0 0 0 0 0 0 0 0 0 0 0 0 0 0 0 0 0 0 0 0 0 0 0 0 0 0 0 0 0 0 0 0 0 0 0 0 0 0 0 0 0 0 0 611.1815416 0 0 0 0 0 0 0 0 0 0 0 0 0 0 0 0 
0 0 0 0 0 0 0 0 0 0 0 0 0 0 0 0 0 0 0 0 0 0 0 0 0 0 0 0 0 0 0 0 0 0 0 0 0 0 0 0 0 0 0 0 0 0 1193.771519 710.4080002 0 0 0 0 0 0 0 0 0 0 0 0 0 0 0 0 0 0 0 0 0 0 0 0 0 0 0 0 0 0 0 0 0 0 0 0 0 0 0 0 0 0 
0 0 0 0 0 0 0 0 0 0 0 0 0 0 0 0 0 0 0 0 0 0 0 0 0 0 0 0 0 0 0 0 0 0 0 0 0 0 0 0 0 0 0 0 0 0 0 0 0 0 562.703837 0 0 0 0 0 0 0 0 0 0 0 0 0 0 0 0 0 0 0 0 0 0 0 0 0 0 0 0 0 0 0 0 0 0 0 0 0 0 0 
0 0 0 0 0 0 0 0 0 0 0 0 0 0 0 0 0 0 0 0 0 0 0 0 0 0 0 0 0 0 0 0 0 0 0 0 0 0 0 0 0 0 0 0 0 0 0 0 0 0 0 0 0 0 0 0 0 0 0 0 0 0 0 0 0 0 0 0 0 0 0 0 0 0 0 0 0 0 0 0 0 5.88938802 0 0 0 0 0 0 0 0 
0 0 0 0 0 0 0 0 0 0 0 0 0 0 0 0 0 0 0 0 0 0 0 0 0 0 0 0 0 0 0 0 0 0 0 0 0 0 0 0 0 0 0 0 0 0 467.6991584 0 0 0 0 0 0 0 0 0 0 0 0 0 0 0 0 0 0 0 0 0 0 0 0 0 0 0 0 0 0 0 0 0 0 0 0 0 0 0 0 0 0 0 
0 0 0 0 0 0 0 0 0 0 0 0 0 0 0 0 0 0 0 0 0 0 0 0 0 0 0 0 0 0 0 0 0 0 0 0 0 0 0 0 0 0 0 0 0 0 0 0 0 0 0 0 0 0 0 0 0 0 0 0 0 0 0 0 0 0 0 0 0 0 0 0 0 0 611.8765193 0 0 0 0 0 0 0 0 0 0 0 0 0 0 0 
0 0 0 0 0 0 0 0 0 0 0 0 0 0 0 0 0 0 0 0 308.197302 248.3538656 0 0 0 0 0 0 0 0 0 0 0 0 0 0 0 0 0 0 0 0 0 0 0 0 0 0 0 407.4038905 0 0 0 0 0 0 0 0 0 0 0 0 0 0 0 0 0 0 0 0 0 0 0 0 0 0 0 0 0 0 0 0 0 0 0 0 0 0 0 0 
0 0 0 0 0 0 0 0 0 0 0 0 0 0 0 0 0 0 0 0 0 0 0 0 0 0 0 0 0 0 0 0 0 0 0 0 0 0 0 0 0 0 0 0 0 0 0 0 0 0 0 0 0 0 0 0 0 0 0 0 0 0 0 454.4422907 0 0 0 0 0 428.9819799 0 0 0 0 0 0 0 0 0 0 0 0 0 0 0 0 0 0 0 0 
0 0 0 0 0 0 0 0 0 0 0 0 0 0 0 0 0 0 0 0 0 0 0 0 0 0 0 0 0 0 0 0 0 0 0 0 0 0 0 0 0 0 0 0 0 0 0 0 0 0 0 0 0 0 0 0 0 0 0 0 0 0 0 0 0 0 0 0 0 0 0 0 0 0 0 0 0 0 0 0 0 0 0 0 0 0 0 0 0 0 
0 0 0 0 0 0 0 0 0 0 0 0 0 0 0 0 0 0 0 0 0 0 0 0 0 0 0 0 0 0 0 0 0 0 0 0 0 0 0 0 0 0 0 0 0 0 0 0 0 0 0 0 0 0 0 0 0 0 0 0 0 0 0 0 132.4460991 0 0 0 0 0 0 0 0 0 0 0 0 0 0 0 0 0 0 0 0 0 0 0 0 0 
0 0 0 0 0 0 0 0 0 0 0 0 0 0 0 0 0 0 0 0 0 0 0 0 0 0 0 0 0 0 0 0 0 0 0 0 0 0 0 0 0 0 0 0 0 0 0 0 0 0 0 0 0 0 0 0 0 0 0 0 0 0 0 0 0 0 0 0 0 0 0 0 0 0 0 0 0 0 0 0 0 0 0 0 0 0 0 0 0 0 
0 0 0 0 0 0 0 0 0 0 0 0 0 0 0 0 0 0 0 0 0 0 0 0 0 0 0 0 0 0 0 0 0 0 0 0 0 0 0 0 0 0 0 0 0 0 0 0 0 0 0 0 0 0 0 0 0 0 0 0 0 0 0 0 0 0 0 0 0 0 0 0 0 0 0 0 0 0 0 0 0 0 0 0 0 0 0 0 0 0 
0 0 0 0 0 0 0 0 0 0 0 0 0 0 0 0 0 0 0 0 0 0 0 0 0 0 0 0 0 0 0 0 0 0 0 0 0 0 0 0 0 0 0 0 0 0 0 0 0 0 0 0 0 0 0 0 0 0 0 0 0 0 0 0 0 0 0 0 0 0 0 0 0 0 0 0 0 0 0 0 0 0 0 0 0 0 0 0 0 0 
0 0 0 0 0 0 0 0 0 0 0 0 0 0 0 0 0 0 0 0 0 0 0 0 0 0 0 0 0 0 0 0 0 0 0 0 0 0 0 0 0 0 0 0 0 0 0 0 0 0 0 0 0 0 0 0 0 0 0 0 0 0 0 0 0 0 0 0 0 0 0 0 0 0 0 0 0 0 0 461.7589265 0 0 0 0 0 0 0 0 0 0 
0 0 0 0 0 0 0 0 0 0 0 0 0 0 0 0 0 0 0 0 0 0 0 0 0 0 0 0 0 0 0 0 0 0 0 0 0 0 0 0 0 0 0 0 0 0 0 0 0 0 0 0 0 0 0 0 0 0 0 0 0 0 0 0 0 0 0 0 0 0 0 0 0 0 0 0 0 0 0 0 0 0 0 0 0 0 0 0 0 0 
0 0 0 0 0 0 0 0 0 0 0 0 0 0 0 0 0 0 0 0 0 0 0 0 0 0 0 0 379.3665576 0 0 0 0 0 0 0 0 0 279.4148437 0 0 0 0 0 0 0 0 0 0 0 0 0 0 0 0 0 0 0 0 0 0 0 0 0 0 0 0 0 0 0 0 0 0 0 0 0 0 0 0 0 0 0 0 0 0 0 0 0 0 0 
# Errors [psd_monitor7/analyser7_psd.dat] I_err:
0 0 0 277.3531786 221.9632319 0 0 0 0 0 0 0 50.14662176 0 165.8503748 0 0 0 215.1104609 0 0 0 0 175.6009668 188.1278926 0 263.201989 105.491017 152.2492489 0 0 0 0 0 221.8316646 237.5559753 180.153457 0 0 0 0 201.0525898 0 0 0 169.7530392 222.3784442 0 0 0 0 0 0 103.8029481 0 0 0 0 0 0 171.0117477 0 0 0 0 0 0 94.69561025 0 0 0 0 0 117.0995449 168.2492289 281.0052341 0 0 0 0 0 0 0 0 0 0 0 0 0 0 
0 0 0 0 0 0 0 0 0 0 0 0 176.8632864 125.1166072 0 0 0 0 154.532953 128.1916175 0 0 169.7421582 133.5809451 0 0 0 209.0791497 205.976343 214.8279659 0 0 0 0 0 166.2129181 0 0 0 0 0 139.6217661 0 0 0 0 0 207.401364 0 44.88021657 0 0 0 0 0 223.6454718 0 222.0172335 0 0 177.829838 21.86246126 150.9851828 0 0 167.528492 0 176.2691182 0 0 0 0 0 146.0180452 0 0 0 188.8048755 0 0 0 0 0 135.6211661 43.99608329 0 0 0 140.0139845 0 
0 0 166.1498567 0 250.3590011 0 0 193.0761807 0 0 0 0 0 0 0 217.6496521 220.4202403 92.07404851 178.3636363 0 0 0 0 231.9270299 213.8075474 0 0 0 36.36884417 229.4071448 0 0 0 0 0 0 0 0 0 0 0 220.4509305 0 0 0 0 0 157.1903791 0 0 176.2561948 0 0 0 0 90.56070393 0 187.0150916 0 0 0 109.8646029 0 248.7652685 0 0 0 0 0 0 0 0 0 156.9569193 0 0 0 0 0 0 0 0 154.6750627 0 0 0 94.5167985 0 154.7724906 0 
0 0 152.9641813 0 0 0 174.0198853 0 0 0 0 0 234.2802224 0 0 0 0 118.1509278 0 135.268701 0 0 0 0 0 0 0 0 0 0 0 0 143.3889592 0 0 0 159.2699805 0 0 0 0 0 0 246.7817203 0 172.428613 0 0 0 0 108.6648544 0 150.6125767 159.3291398 0 0 0 0 140.4390141 0 0 0 0 289.3793076 26.18335444 77.77604451 153.858205 0 0 195.2862188 0 0 138.2870929 169.4955787 0 107.4032772 0 0 169.4468002 149.5198098 0 142.5780208 0 175.5170248 88.56423999 166.7042456 0 0 0 0 
0 0 0 157.8707824 0 0 0 0 0 0 0 212.3747729 215.1007415 0 0 224.8527518 0 213.5797327 0 0 0 0 169.358336 0 0 0 0 0 250.0940068 0 229.9676942 0 0 312.4310751 0 0 0 156.3176506 0 0 86.43042598 0 0 0 0 179.1136851 231.4274904 0 0 0 156.68334 44.26828362 0 0 0 0 0 167.8084007 0 236.0710468 0 0 0 0 0 178.248121 37.87867036 0 0 0 0 0 0 0 0 0 129.052872 149.7597585 147.505169 44.97008531 0 0 0 0 214.669959 0 164.8232891 0 0 0 
0 0 0 0 0 0 0 0 0 0 0 0 0 0 0 168.9392296 0 35.24204272 0 0 0 0 0 0 0 201.0411925 236.3479853 0 0 0 0 0 187.15262 0 0 0 0 242.996118 0 0 154.5707082 0 167.4763327 0 158.5596618 192.97385 0 228.1366282 259.8613068 0 0 155.9154146 0 0 136.752649 0 0 184.8347244 0 192.8578518 0 0 0 0 0 0 166.9708289 0 0 0 0 169.4353769 0 0 0 0 0 0 0 0 132.3542483 181.2282081 0 0 0 73.36314658 0 0 128.3506118 0 
0 0 0 0 0 106.2277108 0 0 0 0 0 0 0 0 0 0 0 0 0 0 0 0 0 0 0 0 160.3159927 0 0 0 214.7220585 170.9693224 0 246.0139646 0 0 279.9810283 0 0 0 0 302.4114653 206.1739437 0 0 0 308.8207358 0 0 0 136.0738876 0 0 0 0 241.8998712 168.9713165 188.9067904 0 0 0 0 0 0 0 0 152.0864905 0 0 0 0 0 148.4439745 0 0 0 0 0 0 0 160.9364236 182.8984261 0 0 126.8470403 0 0 0 0 0 
0 0 0 245.2454242 148.6256651 0 305.7314148 0 0 0 0 294.798198 0 0 0 0 234.9054969 0 0 0 0 0 0 186.3954033 0 283.6142157 0 0 0 0 0 205.2272763 243.6707103 0 0 0 0 0 0 173.4671112 175.5171631 0 178.4815731 228.4684534 0 0 0 0 0 0 0 0 239.5481903 218.9919293 0 0 0 0 200.8210152 0 0 0 209.0354649 180.5593909 2.604211035 0 165.3639487 218.2226027 0 0 0 0 0 0 182.2286008 0 0 0 224.0883846 0 0 0 0 0 0 0 171.5059718 0 0 0 
0 0 194.3900037 0 217.8648196 0 0 0 0 0 0 303.0599622 0 0 0 0 0 0 0 68.12042885 0 0 0 72.72154366 184.8418101 0 0 0 0 0 0 230.9129852 0 0 133.9233636 0 0 0 193.4941311 0 0 0 0 0 0 0 0 310.2819491 0 0 0 0 0 0 0 0 0 0 169.6670435 0 0 173.4599476 0 0 0 0 0 122.6616689 168.6290407 0 0 99.28806827 0 0 0 210.0391368 0 0 0 30.09307764 0 0 0 0 0 0 180.0437605 0 167.0658538 0 
178.9194862 0 0 209.3014931 0 130.4330684 0 0 0 83.6377678 277.7260733 172.3279682 0 0 0 0 0 0 0 0 0 0 0 0 0 0 0 185.5002616 0 59.24386928 0 0 0 0 0 0 0 197.0814453 350.7447042 0 0 319.2970886 0 0 0 0 0 0 178.3145534 0 0 0 0 0 0 0 109.9042135 0 0 0 0 0 270.4192898 141.958279 118.8257271 0 0 133.5382487 191.3185238 0 0 209.1943853 0 210.4396157 167.8989169 201.2795254 189.1316031 192.486892 0 211.877747 0 193.0864251 0 0 268.6149494 0 0 0 0 200.6678176 
0 0 0 0 0 0 0 0 0 0 0 0 0 0 0 0 0 100.4058876 0 0 0 0 0 320.5344541 0 0 216.9742126 0 0 0 59.28012466 167.4169372 0 237.0600711 112.6955789 0 0 0 188.7730638 0 0 0 0 0 0 58.66033305 0 248.7507504 0 265.3809215 205.600499 0 0 0 0 147.8230659 0 0 116.9191812 0 0 182.8994 0 0 55.18797467 0 204.5532021 0 0 0 0 131.8977636 0 0 153.0954476 179.4480838 0 0 167.7301403 177.2229354 163.0638761 186.1507371 102.6970846 0 240.9455703 0 0 0 195.9845505 0 
0 0 0 0 0 0 0 0 0 0 368.7011727 0 0 308.3970191 303.1350577 107.8389879 0 0 0 0 0 0 0 0 95.42212851 304.0462478 0 0 0 0 0 0 0 321.3588231 0 0 0 0 0 0 0 0 0 0 0 189.9976385 0 0 0 0 0 0 0 0 91.19061066 0 341.9829677 180.9574436 0 0 0 0 0 308.7318372 137.7569911 0 0 199.3847608 0 0 0 0 0 0 0 217.8266389 260.3398386 0 198.6702197 0 0 264.0255628 116.7275234 0 0 0 0 30.63116578 0 0 
440.2069877 0 214.283394 0 0 0 0 0 0 0 0 0 0 0 0 0 148.0897841 0 0 0 0 0 290.4420077 0 0 0 0 0 0 128.3212714 0 0 0 0 0 0 185.6769488 0 66.70091792 0 0 69.6049976 0 0 0 0 0 0 221.5467735 0 0 229.6420454 0 97.30051553 0 0 161.7519467 0 0 190.3208081 176.7640068 0 0 0 0 0 0 0 0 0 0 158.8338733 0 0 0 0 0 0 0 0 209.6093284 0 216.0789658 0 0 254.4663852 117.3122005 0 0 186.47865 
0 0 0 0 0 225.6414161 0 0 0 0 0 222.1682415 290.2918214 0 0 0 0 0 0 0 0 181.9938966 0 0 0 0 0 0 0 0 253.0800844 0 0 0 0 0 0 0 0 258.5781859 0 133.4755934 0 0 279.757058 0 201.7766233 0 0 0 142.575566 0 0 0 0 0 0 0 0 0 0 156.3870681 0 0 0 0 0 176.7348266 0 0 0 0 201.4610069 0 0 0 155.5409157 0 0 0 0 0 0 289.180227 0 0 0 0 0 36.10818882 
0 345.161168 0 371.9755057 0 0 158.1552185 0 0 0 0 0 0 0 0 0 0 0 0 0 0 0 0 0 256.4017885 0 158.4273029 0 0 0 0 0 0 0 0 0 386.2020044 0 0 0 0 0 188.0132606 212.3860001 0 310.4303244 242.5209335 125.517426 0 0 206.855543 0 0 0 0 0 202.5766131 0 0 0 0 0 0 153.9417677 0 0 211.6309537 0 0 0 0 0 0 259.2934347 0 0 0 0 0 0 0 0 159.0103608 0 0 0 155.4389392 164.6410552 0 0 
0 0 0 0 0 0 0 0 237.5110833 0 337.0321425 0 0 0 0 0 0 0 0 0 475.8896931 291.3698212 0 0 0 0 192.527599 0 0 0 0 0 0 0 0 0 0 0 0 0 0 0 0 0 0 0 0 0 520.5805104 0 0 0 170.3233268 0 234.8170721 0 176.8530907 176.427427 0 164.939676 0 83.87122913 142.2408994 0 135.9270039 211.8920724 39.37562252 0 0 0 0 0 0 0 0 0 245.7272647 178.6938602 0 0 0 0 0 0 0 181.6433534 0 204.4777705 0 0 
0 318.457381 0 0 330.4990716 0 288.0913877 0 0 0 0 0 0 0 0 0 0 0 0 0 0 247.3092408 0 0 0 0 0 0 97.07996091 0 201.9010034 0 0 0 0 0 0 0 0 308.450413 0 0 0 0 0 0 116.569506 0 0 0 357.8789705 176.6269277 0 0 0 0 0 0 0 0 0 297.9489338 0 0 0 0 0 0 0 257.9758522 0 0 0 193.2030948 0 233.0746153 0 0 0 226.959553 0 207.5072121 0 225.6239295 134.2524454 0 0 0 0 167.9203123 
0 0 0 0 214.0970295 0 0 0 0 0 0 0 0 0 236.1997473 0 0 0 0 116.4268399 218.9902581 0 0 0 0 0 0 162.3851223 0 0 0 0 303.6199284 0 0 0 0 0 0 228.5937635 298.9775053 0 0 0 0 0 0 0 0 0 201.4071475 147.2751187 0 0 0 0 0 0 0 233.5438645 222.115914 0 0 0 0 0 0 149.5318892 349.120981 0 190.6605487 0 0 168.9802807 0 0 251.63672 0 205.7296221 245.3853416 0 0 0 0 0 0 196.5229228 0 0 0 
367.9924075 0 0 0 0 0 0 0 0 0 0 0 0 233.7893488 0 0 0 414.4977504 0 0 315.2460413 0 0 0 0 0 0 0 0 291.342721 0 0 0 0 0 0 0 0 0 0 271.4159026 0 0 0 0 0 360.0397579 0 0 382.5544242 0 220.6390498 0 269.9325739 0 0 0 118.0732278 0 0 0 239.1552641 0 280.9749285 0 350.3720329 260.1008308 0 0 0 0 371.9701507 0 0 0 0 0 0 0 329.2958657 0 0 0 303.1864453 0 0 0 0 0 0 
0 0 0 0 0 0 0 352.1783949 0 0 0 0 0 0 0 0 0 0 0 0 0 0 0 167.783911 0 0 0 0 0 246.7137961 0 0 734.7826417 0 0 0 0 0 0 0 0 229.6651124 0 0 0 0 0 0 0 0 207.5693151 0 0 0 0 282.0540683 0 0 265.0007335 0 0 294.5511889 0 0 261.4650946 0 0 0 0 0 0 0 0 215.3653041 0 221.8412353 139.5838981 0 0 0 0 0 0 0 0 0 0 248.2714285 278.1963978 0 
0 0 0 0 0 0 0 0 0 0 189.7761382 0 0 0 0 0 0 224.706386 0 0 0 202.8534704 0 0 0 205.7790352 0 441.480983 0 0 0 0 0 638.2223993 0 293.9588928 0 0 0 0 0 260.1189731 315.3556463 0 0 0 0 278.0090975 0 0 0 0 0 0 123.7166626 335.4387551 172.0339647 0 345.5545019 0 271.3220275 0 260.5281106 0 320.9200523 0 194.336596 0 0 0 0 185.3731663 0 0 0 166.382167 0 0 0 0 265.7658162 0 0 365.6413768 0 0 0 0 0 0 
0 0 0 0 171.3603047 0 0 0 0 0 0 0 0 0 182.80452 237.6592281 0 0 0 257.79297 0 0 0 0 0 0 0 178.5019653 0 0 0 0 0 267.3871386 0 210.2065632 249.6393974 0 0 302.5562845 0 387.9842076 0 0 0 0 0 0 0 0 0 0 0 0 0 0 0 0 0 0 0 0 0 0 0 0 0 0 0 0 0 0 0 159.2529186 0 0 0 114.7779871 0 0 0 0 0 217.810166 0 0 0 0 235.0679553 260.7897859 
0 0 0 0 0 0 0 0 0 394.3081619 0 0 0 308.470736 0 138.2307962 0 0 0 0 0 0 383.6845585 0 0 0 0 0 0 0 0 0 0 0 0 0 0 0 0 0 0 0 0 0 218.6476537 0 0 0 0 297.0870833 0 0 0 0 0 233.6414722 0 0 0 0 0 0 0 0 0 258.1531976 0 0 0 175.0290759 0 299.1464058 0 0 0 0 0 0 0 355.2070556 0 0 0 0 0 0 0 210.7474588 283.5405195 0 
0 0 0 0 0 0 0 814.3335049 0 0 0 0 0 0 242.0219122 0 0 0 0 221.3888858 305.2989446 309.7095042 526.689919 567.8634134 491.0789509 0 0 0 0 0 124.6113887 0 389.7966223 0 0 0 0 0 0 0 0 0 304.4643704 269.0464158 240.7048421 0 0 435.609737 0 0 0 0 0 0 0 0 0 0 0 0 0 0 0 0 0 0 0 101.6237047 0 0 0 0 0 0 0 0 0 0 0 0 0 0 0 0 0 0 0 0 0 0 
0 0 92.90819935 0 0 0 0 0 0 0 289.8071702 0 0 0 0 0 0 335.9859561 76.61797119 0 0 0 0 244.2763034 0 0 0 0 0 0 0 0 0 0 244.3649228 0 384.0933357 150.9004979 0 0 0 0 289.887873 0 0 0 324.0638474 329.5603282 0 314.942576 0 0 0 271.9569275 0 0 0 0 0 77.54677251 0 0 0 0 0 0 76.06992277 0 0 0 0 0 0 0 0 279.9890431 0 0 0 0 227.6389678 0 0 0 0 0 0 0 0 0 
328.1389883 0 0 0 0 0 0 0 0 0 0 0 0 0 0 0 0 0 0 0 0 0 0 0 0 0 0 0 0 0 407.6670303 0 0 0 0 0 280.9201429 0 0 0 505.9571916 0 0 0 0 0 0 572.2846549 0 0 0 0 0 518.6691737 0 0 164.0590918 0 355.8483165 0 0 0 240.0155974 0 0 230.3113412 241.83036 0 0 0 50.95615288 0 301.9986557 0 0 0 0 0 276.3091076 0 70.60311458 0 0 0 0 0 0 0 0 0 
0 0 0 0 60.5309043 0 0 0 0 0 0 0 0 0 0 285.9817008 0 0 0 0 0 0 0 0 0 217.6345118 0 0 0 196.126067 0 0 0 0 0 0 0 0 0 0 0 0 0 119.1314098 0 0 63.14563155 0 0 0 0 0 0 0 0 0 0 0 0 0 0 0 0 0 143.2688572 0 0 0 0 0 0 0 0 0 0 355.669228 0 0 0 0 0 264.3178357 0 0 0 233.9029768 0 0 0 0 
0 0 0 0 0 178.6615466 0 0 332.6840334 0 0 0 0 0 0 0 0 0 0 0 0 0 0 0 307.5064051 0 0 0 489.8090576 0 284.2062034 0 0 0 227.0131903 0 0 0 0 0 0 0 0 0 363.880544 0 0 0 0 398.5991262 0 0 0 0 313.7302454 0 0 0 560.8823409 0 302.9870913 0 0 182.7740651 0 0 0 198.3515738 0 255.8609016 105.9168719 0 262.6360143 0 0 0 0 0 224.3870024 0 0 0 0 278.4411329 269.5291616 0 0 0 254.7341729 0 
0 0 0 0 298.0533163 0 0 0 0 0 0 0 0 0 0 0 0 0 0 0 0 0 0 0 0 0 0 0 0 0 0 0 0 0 0 0 0 0 0 0 0 261.6180331 0 0 0 247.02061 0 0 0 0 0 0 0 0 0 0 0 0 0 0 0 0 0 0 0 0 0 0 0 0 351.936075 401.2196875 0 0 0 0 0 0 377.4933355 472.0448829 204.4024381 0 0 0 0 200.093336 359.4491096 0 0 0 
0 0 0 0 0 0 0 0 0 0 0 0 0 0 0 0 0 574.8744714 0 0 0 0 0 0 0 0 0 0 0 0 0 0 0 0 0 0 0 0 0 0 0 323.2606483 427.5624489 0 0 0 0 0 0 0 0 0 285.4018049 0 0 0 253.7665553 0 0 0 0 0 0 0 0 0 0 0 0 0 0 0 0 221.9142452 0 0 0 293.0072038 0 0 0 0 255.2051689 241.2904217 0 0 0 0 0 0 
0 0 143.7381547 0 0 0 0 0 0 0 0 0 0 0 0 0 0 0 0 0 0 0 0 0 0 0 0 0 0 0 0 0 0 0 0 0 0 0 0 0 0 407.9969087 0 0 0 0 0 0 0 0 0 0 0 0 0 0 0 0 0 0 0 0 198.1390531 0 0 0 0 0 0 0 0 318.7493336 0 0 0 0 228.4047736 0 157.5430381 0 0 0 319.244826 0 0 0 0 0 0 0 
0 0 0 0 0 0 0 570.1673244 0 0 308.1126062 0 0 0 0 463.3473842 0 0 0 359.4364574 0 0 0 0 0 222.7218804 0 363.986002 0 0 0 0 0 598.6316351 0 0 0 0 0 0 0 0 0 0 0 0 0 0 0 340.3118075 0 0 0 0 0 0 0 322.0203568 436.5389587 0 415.2930291 247.0753573 0 0 0 431.3568763 0 197.7703857 0 470.7428348 0 0 248.0739111 0 255.67434 0 0 0 0 0 0 0 0 0 0 0 0 330.6627889 0 0 
0 0 0 0 0 0 0 142.5417227 0 0 0 0 0 0 0 0 0 0 0 0 0 0 0 0 0 0 0 0 0 0 0 0 0 0 0 0 0 0 329.8454405 0 0 0 0 0 0 0 0 0 0 0 0 0 0 0 0 0 0 0 0 0 0 0 0 0 0 0 0 0 0 0 0 0 0 0 0 0 0 0 0 0 0 0 0 0 0 0 0 0 0 0 
0 0 0 0 0 0 0 0 0 0 0 0 0 0 298.1522061 0 0 0 0 0 0 0 0 432.1051486 0 0 1652.795295 0 0 0 0 0 0 0 0 0 0 187.5237516 0 0 0 0 0 0 0 0 0 0 0 434.8511305 0 0 0 0 0 0 0 0 0 0 0 0 0 0 297.6588047 0 0 0 0 0 436.9244857 0 410.8453097 0 0 0 0 0 0 0 0 0 0 0 260.6075811 0 0 0 0 0 
0 0 0 0 0 0 0 0 150.3593318 0 0 0 0 0 0 0 0 0 0 0 1043.509218 0 0 0 0 0 0 0 0 0 0 0 0 0 0 454.9764649 0 0 0 0 0 0 0 0 0 0 0 0 0 0 0 0 0 0 0 0 0 0 0 0 0 0 0 291.0876218 0 0 0 0 0 0 0 0 0 0 0 0 0 309.1736522 0 0 0 0 0 0 0 0 0 0 194.9507334 0 
0 0 0 0 0 0 0 0 0 0 0 0 0 0 0 0 0 0 0 0 0 0 0 0 0 0 0 0 0 0 0 0 0 0 348.5341972 0 0 0 0 0 0 0 0 0 0 0 0 0 0 0 0 314.3868362 0 0 0 0 0 0 0 0 0 0 0 0 0 0 0 0 0 0 0 0 0 0 0 0 0 0 0 359.7387928 660.3659977 0 379.3883885 347.9393827 0 0 0 0 0 291.187692 
0 0 0 0 0 0 0 0 0 0 299.6493274 0 0 0 0 0 810.9411746 0 0 0 0 0 0 0 0 302.4441268 0 0 0 0 0 0 0 0 0 0 0 0 0 0 0 0 0 0 0 0 0 0 0 0 0 0 0 0 0 307.935713 0 0 0 0 0 0 0 0 0 0 206.0570297 0 0 0 0 0 0 0 0 0 344.7941141 0 0 0 0 0 0 0 863.7319061 321.820344 0 0 0 0 
0 0 0 0 0 0 0 0 0 0 0 0 0 0 0 0 0 232.8746988 0 0 0 0 0 0 0 0 0 284.5360588 0 0 0 0 0 0 0 0 0 0 0 0 0 0 85.86556569 0 0 0 0 0 0 0 0 0 0 0 0 377.4568838 0 0 0 0 0 0 0 0 0 0 0 0 0 0 0 0 0 0 0 0 0 0 0 0 0 0 341.3545913 0 0 0 309.9248312 0 0 0 
0 0 0 0 0 0 0 0 0 0 0 0 0 0 0 0 0 0 0 0 0 0 0 0 0 0 0 0 0 0 0 0 0 0 0 0 0 0 296.4161908 453.2095597 0 0 0 284.7591345 0 0 0 0 0 0 0 0 0 0 397.4029038 0 0 0 0 0 0 0 0 0 0 0 0 0 0 0 0 0 0 0 0 0 0 0 0 0 0 0 0 0 0 235.0388975 0 0 0 0 
0 0 0 0 0 0 0 0 0 0 0 0 0 0 0 0 0 0 0 0 0 0 0 0 0 0 379.8990475 0 0 0 0 0 0 0 493.3170268 0 0 0 0 0 0 0 0 562.8721212 0 0 0 0 0 0 0 0 0 0 0 0 269.326757 0 0 0 0 0 0 0 0 0 0 0 0 0 0 0 0 0 0 0 0 0 0 0 0 0 0 0 0 0 0 0 0 0 
0 0 0 0 0 270.7475395 0 0 0 0 0 0 0 0 0 0 0 0 0 0 0 0 0 0 0 0 0 0 0 0 0 0 400.9075528 0 0 0 0 0 0 0 0 0 0 0 0 0 0 0 0 0 0 0 0 0 0 0 0 0 0 0 0 0 0 0 0 0 0 0 0 0 0 0 0 0 0 0 0 0 0 0 0 0 0 0 0 0 435.6345537 241.7507189 0 0 
0 0 0 0 0 0 0 0 0 0 0 0 0 0 0 0 0 0 301.9243321 0 0 208.1219661 0 0 0 0 0 0 0 0 0 0 0 748.635621 0 0 0 0 0 0 0 0 0 0 0 0 0 0 0 0 0 0 0 609.3048665 0 0 0 0 0 0 330.9189291 0 436.5353867 0 2131.498873 0 0 0 0 0 0 0 0 0 0 0 0 0 0 0 674.2599905 0 0 0 0 0 0 0 0 0 
0 0 0 0 0 0 0 0 0 0 0 0 0 0 0 0 0 0 0 0 0 0 0 0 303.1303443 0 0 883.3830068 0 0 0 0 0 0 0 0 0 0 0 0 0 0 0 0 0 0 574.7813418 0 472.2473029 0 604.1618841 0 0 0 0 0 759.3822997 0 0 0 0 0 0 0 0 0 0 0 0 0 0 0 0 0 0 292.0480991 0 0 0 0 0 290.776466 0 0 0 0 0 0 0 0 
0 0 0 0 0 0 0 0 0 214.9028742 0 0 0 0 373.4901528 0 0 0 0 0 0 0 0 0 0 0 0 0 0 0 0 0 0 162.5356021 395.2887258 0 0 0 248.8537332 0 0 0 0 0 0 0 0 0 0 0 0 0 0 0 0 0 0 0 0 154.8337441 0 0 0 0 0 0 0 0 0 0 0 0 0 222.4351597 0 0 0 0 0 0 0 0 0 0 0 558.3804811 0 0 0 0 
0 302.6000534 0 0 0 0 0 0 0 0 0 0 0 0 0 0 0 0 0 0 0 0 0 0 0 0 0 0 0 0 0 0 0 0 0 0 0 0 0 0 3530.342125 0 0 0 0 0 0 0 0 0 0 0 0 0 0 0 0 0 0 0 0 0 0 313.2943957 0 0 0 0 251.3083753 0 0 0 0 0 0 0 0 0 0 0 0 0 0 0 0 0 0 396.3419528 0 0 
0 0 0 0 0 0 0 0 0 0 0 2973.215005 0 0 0 0 0 0 0 0 0 0 0 0 0 0 0 0 0 0 0 0 0 0 0 0 0 0 0 0 0 628.4927906 0 0 0 0 0 0 0 0 0 0 0 0 0 0 0 0 0 0 0 0 0 0 0 0 0 0 0 0 0 0 0 0 0 0 0 0 0 0 0 0 0 0 0 0 0 0 0 0 
0 0 0 0 0 0 0 0 0 0 0 0 0 0 0 0 0 0 0 0 0 0 0 0 0 0 0 0 0 570.4334591 475.7627739 339.928181 0 0 0 0 0 0 0 0 0 0 0 0 0 0 0 0 0 0 0 0 0 0 0 0 0 0 0 0 0 0 0 0 0 0 0 0 76.58853127 0 0 0 0 0 0 0 0 0 0 0 0 0 0 0 0 0 0 0 0 0 
0 0 0 0 0 0 0 0 0 0 550.6538988 0 249.3046895 0 0 0 0 0 0 0 0 0 0 0 0 0 0 0 0 0 0 0 0 0 0 0 0 399.6974128 0 0 0 0 0 0 0 0 0 0 0 0 0 0 0 402.3900347 0 0 0 0 0 0 0 514.4247803 0 0 0 0 0 0 0 0 0 0 0 0 0 0 0 0 0 0 0 0 576.5786035 0 0 0 0 0 0 0 
0 0 0 0 0 0 0 0 0 0 0 0 0 536.4471867 0 0 0 0 0 0 0 0 0 0 0 0 351.8993635 409.3589191 0 0 0 0 0 0 0 0 0 0 0 0 0 0 0 0 0 0 0 0 0 0 0 0 3981.251837 0 0 0 0 0 0 0 0 0 0 0 0 0 0 0 0 0 0 0 0 0 0 0 0 0 0 0 0 0 0 0 0 0 0 0 0 0 
0 0 0 0 0 0 0 0 0 0 0 0 0 0 0 0 0 0 0 409.386494 0 0 0 0 0 0 0 57.20107335 0 2925.915172 0 0 0 0 0 0 0 0 0 0 0 0 0 0 344.8803553 0 0 0 0 0 0 0 0 0 372.9980849 0 0 0 0 0 0 0 0 0 0 0 0 0 0 0 0 236.7313453 0 0 0 0 0 0 0 0 0 0 0 0 0 0 0 0 0 0 
0 0 0 0 0 0 0 0 0 0 0 0 0 0 0 0 0 0 0 0 0 0 0 0 0 0 0 0 0 0 0 0 0 0 0 1060.51012 0 0 0 0 0 0 0 0 0 0 0 0 0 0 0 0 0 0 0 0 0 0 0 0 0 0 0 0 0 0 0 0 0 0 0 0 0 0 0 0 0 0 0 0 0 0 0 0 0 0 0 0 0 521.9497802 
0 0 0 0 0 0 0 0 0 0 0 0 0 0 0 0 0 0 0 0 0 0 0 0 0 0 0 0 0 0 0 0 0 0 0 0 0 0 0 1134.80804 0 0 0 0 0 0 0 0 0 0 0 0 0 0 0 0 0 0 0 0 0 0 0 0 0 0 0 1247.042102 0 0 0 0 0 0 0 0 0 0 0 0 0 0 0 0 0 0 0 0 0 0 
0 0 0 0 0 0 0 0 0 0 0 0 0 0 0 0 0 0 0 0 614.8841272 0 0 0 0 0 0 0 0 0 523.2338505 0 0 0 0 0 938.192252 0 0 0 0 0 0 0 0 0 0 0 0 0 0 0 0 0 0 0 0 0 0 0 0 0 0 0 0 0 0 0 347.8564957 0 0 0 0 0 0 0 0 0 0 0 0 0 0 0 0 0 0 0 0 0 
0 0 0 0 0 0 0 0 0 0 0 0 0 0 0 0 0 0 0 0 0 0 0 0 0 0 0 0 0 0 0 0 0 0 0 0 0 0 0 0 0 0 0 0 0 0 0 0 0 0 0 0 0 0 991.8263367 0 0 0 0 0 0 0 0 0 0 0 0 0 0 0 0 0 0 0 0 0 0 0 0 0 0 0 0 0 0 0 0 0 0 0 
0 0 0 0 0 0 0 0 0 0 1499.537526 0 0 0 0 0 0 0 0 0 0 0 0 0 0 0 0 0 0 0 0 0 0 0 0 0 0 0 0 356.1413359 0 0 0 0 0 0 0 0 0 0 0 0 0 0 0 0 0 0 0 0 0 0 0 0 0 0 0 0 0 0 0 0 0 0 0 0 0 359.8052239 0 0 0 0 0 0 0 0 0 0 0 0 
0 0 0 0 0 0 0 0 0 0 0 0 0 0 0 0 0 0 0 0 0 0 342.2967154 0 0 0 0 0 366.2437561 0 0 0 0 0 0 0 0 0 0 0 0 0 0 0 0 0 0 0 0 0 0 0 0 0 0 0 0 0 0 0 0 0 0 0 686.9226549 0 0 0 0 0 0 0 0 0 0 0 0 0 0 0 0 0 0 0 0 0 0 0 457.8945934 0 
0 0 0 0 0 0 0 0 0 0 0 0 0 0 0 0 0 0 0 0 0 0 0 0 0 0 0 0 0 0 0 0 0 0 0 0 0 0 0 0 0 0 316.5741811 0 0 0 0 0 0 0 0 0 0 0 0 0 0 0 0 0 0 0 0 956.3452518 0 0 0 0 0 0 0 0 0 0 0 0 0 0 0 0 0 0 0 0 0 0 0 0 0 0 
0 0 750.3921207 0 0 0 0 0 0 0 0 0 0 423.7712999 0 0 0 0 0 0 848.673052 0 0 0 0 0 0 0 0 0 0 0 0 0 0 0 0 0 0 0 0 0 0 0 0 0 0 0 0 0 0 0 0 0 0 0 0 0 0 0 0 0 677.808217 0 1034.54382 0 0 0 0 0 0 0 0 0 0 0 0 0 0 0 0 0 0 0 0 0 0 0 0 0 
0 0 0 184.197015 0 0 0 0 0 0 0 0 0 0 0 0 0 0 0 0 0 405.2012119 902.3573733 0 0 0 0 0 0 0 0 0 0 0 0 0 0 0 0 0 0 380.1777204 0 0 0 0 0 0 0 0 0 0 0 0 0 0 0 0 0 0 0 0 0 0 1382.293047 0 0 0 0 0 0 0 0 0 0 0 0 0 0 0 0 0 0 0 0 0 0 0 0 0 
0 0 0 0 0 0 125.1777836 297.0045151 0 0 0 0 0 0 0 0 0 0 0 0 0 0 0 0 371.7882506 0 0 1597.320363 0 0 0 0 0 0 0 0 0 0 386.2968026 0 0 0 0 1884.727381 0 0 0 0 0 0 0 0 0 0 0 0 0 0 566.0458068 0 0 0 0 0 0 0 0 0 0 0 0 0 0 0 0 0 0 0 0 0 0 0 0 0 0 0 0 0 0 0 
0 0 0 0 0 0 0 0 0 0 0 0 0 0 0 0 0 0 0 0 0 0 0 0 0 0 0 0 0 0 776.1966913 0 0 0 0 0 0 0 0 0 0 0 0 0 0 0 0 0 0 0 0 0 0 0 0 0 0 0 0 0 0 0 0 0 0 0 0 0 0 0 0 0 0 0 0 0 0 0 0 0 0 0 0 0 0 0 0 0 0 0 
0 0 0 0 0 0 0 0 0 0 0 0 0 0 0 0 0 2054.238518 0 0 0 0 0 0 0 0 0 0 0 0 0 0 0 0 0 0 0 0 0 0 0 0 0 0 0 0 0 0 0 0 0 0 0 0 0 0 0 0 0 0 0 0 0 0 0 0 0 0 0 0 0 0 0 0 0 0 0 0 0 0 0 0 0 0 0 0 0 0 0 0 
0 0 0 0 0 0 0 0 0 0 0 0 0 0 0 0 0 0 0 0 0 0 0 0 0 0 0 0 0 0 0 0 0 0 0 0 0 0 0 0 0 0 0 0 0 0 0 0 0 0 0 0 0 0 0 10300.56821 0 0 0 0 0 0 0 0 0 0 0 0 0 0 0 0 0 0 0 0 0 0 0 0 0 0 0 0 0 0 0 0 0 0 
0 0 0 0 0 0 0 0 0 0 0 0 0 0 0 0 0 0 0 467.3115205 0 0 0 0 0 0 0 0 0 0 0 0 0 0 0 0 0 0 0 0 0 0 0 0 0 0 0 0 0 0 0 0 0 0 0 0 0 0 0 0 0 0 0 0 0 0 0 0 0 0 0 0 0 0 0 0 0 0 0 0 0 0 0 0 0 0 0 0 0 0 
0 3446.31171 0 534.4014615 0 0 0 0 0 0 0 0 0 0 80.15661507 0 0 0 0 0 0 0 0 0 0 0 0 0 0 0 0 0 0 0 0 0 0 0 0 0 0 0 0 0 0 0 0 0 0 0 0 0 0 0 0 0 0 0 0 0 0 0 0 0 0 0 0 0 0 0 0 0 0 0 0 0 0 0 0 0 0 0 0 0 0 0 0 0 0 0 
0 0 0 0 0 0 0 0 1682.499208 0 0 0 0 0 0 0 0 0 0 0 0 0 0 0 0 0 0 478.6873966 0 0 0 0 0 394.7446287 0 0 0 0 0 0 0 0 0 0 0 0 0 0 0 0 0 0 0 0 0 0 0 0 0 0 0 1453.931489 0 0 0 0 0 0 0 0 0 0 0 0 0 0 0 0 0 0 0 0 0 0 0 0 0 0 0 0 
0 0 0 0 0 0 0 0 0 0 0 0 0 0 0 0 0 0 0 0 0 0 0 0 0 0 0 0 0 0 0 0 0 0 676.2384044 0 0 0 0 0 0 0 0 0 0 0 0 0 0 0 0 0 0 0 0 0 0 0 0 0 0 0 570.4905559 0 0 0 0 0 0 0 0 0 0 0 0 0 0 0 0 0 0 0 0 0 0 0 0 0 0 0 
0 0 0 0 0 0 0 0 0 0 0 0 0 0 0 0 0 0 0 0 0 597.561345 0 0 0 0 0 0 0 0 0 0 0 0 641.379142 0 0 0 0 0 0 650.5785563 0 0 0 0 0 0 0 0 0 0 0 0 0 0 0 0 0 0 0 0 0 0 0 0 0 0 0 0 0 0 0 0 0 0 0 0 0 0 0 0 0 0 0 0 0 0 0 0 
0 0 0 0 0 0 0 0 0 0 0 0 0 0 0 0 0 0 0 0 320.1498868 0 0 0 0 0 0 0 0 0 0 0 0 0 0 0 0 0 0 0 0 577.9568674 0 0 0 0 0 0 0 0 0 0 0 0 0 0 0 0 0 0 0 0 0 0 0 0 0 0 0 0 0 0 0 0 0 0 0 0 0 0 954.4241285 0 0 0 0 0 0 0 0 0 
0 0 0 0 0 0 1141.984975 453.8935038 0 0 0 0 0 0 0 0 0 0 0 0 473.284368 0 0 0 0 0 0 0 0 0 0 0 0 0 0 0 0 0 481.4191544 0 0 0 0 0 0 0 0 0 0 0 0 0 0 0 0 0 0 0 0 0 0 0 0 418.2020453 0 0 0 0 0 0 0 0 0 0 0 0 0 0 0 0 2031.66008 0 0 589.3017672 0 0 0 0 0 0 
0 0 0 0 0 0 0 0 0 0 0 0 0 0 0 0 0 0 0 0 0 0 0 0 0 0 0 401.3491065 0 0 0 0 0 0 0 0 0 0 0 0 0 0 0 0 0 0 0 0 0 0 0 0 0 0 0 0 0 0 0 0 0 0 0 0 0 0 0 0 0 0 701.4493144 0 0 0 0 0 0 0 0 0 0 0 0 0 0 0 0 0 0 0 
0 0 0 0 0 0 0 0 0 0 0 95.70564466 0 0 0 0 0 0 0 0 0 0 0 0 0 0 0 0 0 0 0 0 0 0 0 0 0 0 0 0 0 0 0 0 678.6012887 0 0 0 0 0 0 0 0 0 0 0 0 656.6091751 0 0 0 0 0 0 0 0 0 0 0 0 0 0 0 0 855.0434607 0 0 0 0 0 0 0 0 0 0 0 0 0 0 0 
0 0 0 0 0 0 0 0 0 0 0 0 0 0 0 0 0 0 0 0 0 0 0 0 0 0 0 0 0 0 0 0 0 0 0 0 0 0 0 0 0 0 0 0 0 0 0 0 0 0 0 0 0 0 0 0 0 0 0 0 0 0 0 0 0 0 0 0 0 0 0 0 0 0 0 0 0 0 0 0 0 0 0 0 0 0 0 0 0 0 
0 0 757.8803259 0 0 0 0 0 0 0 0 0 0 0 0 0 0 0 0 0 0 0 0 0 0 0 0 0 0 0 433.1500605 0 0 0 0 0 0 0 0 0 0 0 0 0 0 0 0 0 0 0 0 0 0 0 0 0 0 0 0 0 0 0 0 0 0 0 0 0 0 0 0 0 0 0 80.92797742 0 0 0 0 0 0 0 0 0 0 0 832.4106163 0 0 0 
0 0 0 0 0 0 0 0 0 0 0 0 0 0 0 0 0 0 0 0 0 0 0 0 0 0 0 0 0 0 0 0 0 0 0 0 0 0 0 0 0 0 0 0 0 0 0 0 0 0 0 0 0 0 0 0 0 0 0 0 0 0 0 0 0 0 0 0 0 0 0 0 0 611.1815416 0 0 0 0 0 0 0 0 0 0 0 0 0 0 0 0 
0 0 0 0 0 0 0 0 0 0 0 0 0 0 0 0 0 0 0 0 0 0 0 0 0 0 0 0 0 0 0 0 0 0 0 0 0 0 0 0 0 0 0 0 0 0 714.4907214 710.4080002 0 0 0 0 0 0 0 0 0 0 0 0 0 0 0 0 0 0 0 0 0 0 0 0 0 0 0 0 0 0 0 0 0 0 0 0 0 0 0 0 0 0 
0 0 0 0 0 0 0 0 0 0 0 0 0 0 0 0 0 0 0 0 0 0 0 0 0 0 0 0 0 0 0 0 0 0 0 0 0 0 0 0 0 0 0 0 0 0 0 0 0 0 562.703837 0 0 0 0 0 0 0 0 0 0 0 0 0 0 0 0 0 0 0 0 0 0 0 0 0 0 0 0 0 0 0 0 0 0 0 0 0 0 0 
0 0 0 0 0 0 0 0 0 0 0 0 0 0 0 0 0 0 0 0 0 0 0 0 0 0 0 0 0 0 0 0 0 0 0 0 0 0 0 0 0 0 0 0 0 0 0 0 0 0 0 0 0 0 0 0 0 0 0 0 0 0 0 0 0 0 0 0 0 0 0 0 0 0 0 0 0 0 0 0 0 5.88938802 0 0 0 0 0 0 0 0 
0 0 0 0 0 0 0 0 0 0 0 0 0 0 0 0 0 0 0 0 0 0 0 0 0 0 0 0 0 0 0 0 0 0 0 0 0 0 0 0 0 0 0 0 0 0 467.6991584 0 0 0 0 0 0 0 0 0 0 0 0 0 0 0 0 0 0 0 0 0 0 0 0 0 0 0 0 0 0 0 0 0 0 0 0 0 0 0 0 0 0 0 
0 0 0 0 0 0 0 0 0 0 0 0 0 0 0 0 0 0 0 0 0 0 0 0 0 0 0 0 0 0 0 0 0 0 0 0 0 0 0 0 0 0 0 0 0 0 0 0 0 0 0 0 0 0 0 0 0 0 0 0 0 0 0 0 0 0 0 0 0 0 0 0 0 0 611.8765193 0 0 0 0 0 0 0 0 0 0 0 0 0 0 0 
0 0 0 0 0 0 0 0 0 0 0 0 0 0 0 0 0 0 0 0 308.197302 248.3538656 0 0 0 0 0 0 0 0 0 0 0 0 0 0 0 0 0 0 0 0 0 0 0 0 0 0 0 407.4038905 0 0 0 0 0 0 0 0 0 0 0 0 0 0 0 0 0 0 0 0 0 0 0 0 0 0 0 0 0 0 0 0 0 0 0 0 0 0 0 0 
0 0 0 0 0 0 0 0 0 0 0 0 0 0 0 0 0 0 0 0 0 0 0 0 0 0 0 0 0 0 0 0 0 0 0 0 0 0 0 0 0 0 0 0 0 0 0 0 0 0 0 0 0 0 0 0 0 0 0 0 0 0 0 454.4422907 0 0 0 0 0 428.9819799 0 0 0 0 0 0 0 0 0 0 0 0 0 0 0 0 0 0 0 0 
0 0 0 0 0 0 0 0 0 0 0 0 0 0 0 0 0 0 0 0 0 0 0 0 0 0 0 0 0 0 0 0 0 0 0 0 0 0 0 0 0 0 0 0 0 0 0 0 0 0 0 0 0 0 0 0 0 0 0 0 0 0 0 0 0 0 0 0 0 0 0 0 0 0 0 0 0 0 0 0 0 0 0 0 0 0 0 0 0 0 
0 0 0 0 0 0 0 0 0 0 0 0 0 0 0 0 0 0 0 0 0 0 0 0 0 0 0 0 0 0 0 0 0 0 0 0 0 0 0 0 0 0 0 0 0 0 0 0 0 0 0 0 0 0 0 0 0 0 0 0 0 0 0 0 132.4460991 0 0 0 0 0 0 0 0 0 0 0 0 0 0 0 0 0 0 0 0 0 0 0 0 0 
0 0 0 0 0 0 0 0 0 0 0 0 0 0 0 0 0 0 0 0 0 0 0 0 0 0 0 0 0 0 0 0 0 0 0 0 0 0 0 0 0 0 0 0 0 0 0 0 0 0 0 0 0 0 0 0 0 0 0 0 0 0 0 0 0 0 0 0 0 0 0 0 0 0 0 0 0 0 0 0 0 0 0 0 0 0 0 0 0 0 
0 0 0 0 0 0 0 0 0 0 0 0 0 0 0 0 0 0 0 0 0 0 0 0 0 0 0 0 0 0 0 0 0 0 0 0 0 0 0 0 0 0 0 0 0 0 0 0 0 0 0 0 0 0 0 0 0 0 0 0 0 0 0 0 0 0 0 0 0 0 0 0 0 0 0 0 0 0 0 0 0 0 0 0 0 0 0 0 0 0 
0 0 0 0 0 0 0 0 0 0 0 0 0 0 0 0 0 0 0 0 0 0 0 0 0 0 0 0 0 0 0 0 0 0 0 0 0 0 0 0 0 0 0 0 0 0 0 0 0 0 0 0 0 0 0 0 0 0 0 0 0 0 0 0 0 0 0 0 0 0 0 0 0 0 0 0 0 0 0 0 0 0 0 0 0 0 0 0 0 0 
0 0 0 0 0 0 0 0 0 0 0 0 0 0 0 0 0 0 0 0 0 0 0 0 0 0 0 0 0 0 0 0 0 0 0 0 0 0 0 0 0 0 0 0 0 0 0 0 0 0 0 0 0 0 0 0 0 0 0 0 0 0 0 0 0 0 0 0 0 0 0 0 0 0 0 0 0 0 0 461.7589265 0 0 0 0 0 0 0 0 0 0 
0 0 0 0 0 0 0 0 0 0 0 0 0 0 0 0 0 0 0 0 0 0 0 0 0 0 0 0 0 0 0 0 0 0 0 0 0 0 0 0 0 0 0 0 0 0 0 0 0 0 0 0 0 0 0 0 0 0 0 0 0 0 0 0 0 0 0 0 0 0 0 0 0 0 0 0 0 0 0 0 0 0 0 0 0 0 0 0 0 0 
0 0 0 0 0 0 0 0 0 0 0 0 0 0 0 0 0 0 0 0 0 0 0 0 0 0 0 0 379.3665576 0 0 0 0 0 0 0 0 0 279.4148437 0 0 0 0 0 0 0 0 0 0 0 0 0 0 0 0 0 0 0 0 0 0 0 0 0 0 0 0 0 0 0 0 0 0 0 0 0 0 0 0 0 0 0 0 0 0 0 0 0 0 0 
# Events [psd_monitor7/analyser7_psd.dat] N:
0 0 0 2 1 0 0 0 0 0 0 0 1 0 1 0 0 0 1 0 0 0 0 1 1 0 3 1 1 0 0 0 0 0 1 2 1 0 0 0 0 1 0 0 0 1 1 0 0 0 0 0 0 1 0 0 0 0 0 0 1 0 0 0 0 0 0 1 0 0 0 0 0 1 1 3 0 0 0 0 0 0 0 0 0 0 0 0 0 0 
0 0 0 0 0 0 0 0 0 0 0 0 1 1 0 0 0 0 1 1 0 0 1 1 0 0 0 1 1 1 0 0 0 0 0 1 0 0 0 0 0 1 0 0 0 0 0 2 0 1 0 0 0 0 0 2 0 1 0 0 1 1 1 0 0 1 0 1 0 0 0 0 0 1 0 0 0 2 0 0 0 0 0 1 1 0 0 0 1 0 
0 0 1 0 2 0 0 1 0 0 0 0 0 0 0 1 2 1 1 0 0 0 0 2 1 0 0 0 1 1 0 0 0 0 0 0 0 0 0 0 0 1 0 0 0 0 0 1 0 0 1 0 0 0 0 1 0 1 0 0 0 1 0 2 0 0 0 0 0 0 0 0 0 1 0 0 0 0 0 0 0 0 1 0 0 0 1 0 1 0 
0 0 1 0 0 0 1 0 0 0 0 0 2 0 0 0 0 1 0 1 0 0 0 0 0 0 0 0 0 0 0 0 1 0 0 0 1 0 0 0 0 0 0 2 0 1 0 0 0 0 1 0 1 1 0 0 0 0 1 0 0 0 0 3 1 1 1 0 0 1 0 0 1 1 0 1 0 0 1 1 0 1 0 1 1 1 0 0 0 0 
0 0 0 1 0 0 0 0 0 0 0 1 1 0 0 1 0 1 0 0 0 0 1 0 0 0 0 0 1 0 2 0 0 1 0 0 0 1 0 0 1 0 0 0 0 1 1 0 0 0 1 1 0 0 0 0 0 1 0 2 0 0 0 0 0 1 1 0 0 0 0 0 0 0 0 0 1 1 1 1 0 0 0 0 2 0 1 0 0 0 
0 0 0 0 0 0 0 0 0 0 0 0 0 0 0 1 0 1 0 0 0 0 0 0 0 1 1 0 0 0 0 0 1 0 0 0 0 1 0 0 1 0 1 0 1 1 0 2 2 0 0 1 0 0 1 0 0 1 0 1 0 0 0 0 0 0 1 0 0 0 0 1 0 0 0 0 0 0 0 0 1 1 0 0 0 1 0 0 2 0 
0 0 0 0 0 1 0 0 0 0 0 0 0 0 0 0 0 0 0 0 0 0 0 0 0 0 1 0 0 0 1 1 0 1 0 0 2 0 0 0 0 1 1 0 0 0 2 0 0 0 1 0 0 0 0 2 1 1 0 0 0 0 0 0 0 0 1 0 0 0 0 0 1 0 0 0 0 0 0 0 1 1 0 0 1 0 0 0 0 0 
0 0 0 1 1 0 1 0 0 0 0 1 0 0 0 0 1 0 0 0 0 0 0 1 0 2 0 0 0 0 0 1 1 0 0 0 0 0 0 1 2 0 1 2 0 0 0 0 0 0 0 0 2 1 0 0 0 0 1 0 0 0 1 1 1 0 1 1 0 0 0 0 0 0 1 0 0 0 1 0 0 0 0 0 0 0 1 0 0 0 
0 0 1 0 1 0 0 0 0 0 0 1 0 0 0 0 0 0 0 1 0 0 0 1 1 0 0 0 0 0 0 1 0 0 1 0 0 0 1 0 0 0 0 0 0 0 0 2 0 0 0 0 0 0 0 0 0 0 1 0 0 1 0 0 0 0 0 1 1 0 0 1 0 0 0 1 0 0 0 1 0 0 0 0 0 0 1 0 1 0 
1 0 0 1 0 1 0 0 0 1 2 1 0 0 0 0 0 0 0 0 0 0 0 0 0 0 0 1 0 1 0 0 0 0 0 0 0 1 2 0 0 2 0 0 0 0 0 0 1 0 0 0 0 0 0 0 1 0 0 0 0 0 1 1 1 0 0 1 1 0 0 1 0 1 1 1 1 1 0 1 0 1 0 0 2 0 0 0 0 1 
0 0 0 0 0 0 0 0 0 0 0 0 0 0 0 0 0 1 0 0 0 0 0 1 0 0 1 0 0 0 1 1 0 1 1 0 0 0 1 0 0 0 0 0 0 1 0 1 0 1 1 0 0 0 0 1 0 0 1 0 0 1 0 0 1 0 2 0 0 0 0 1 0 0 1 1 0 0 1 1 1 1 1 0 2 0 0 0 2 0 
0 0 0 0 0 0 0 0 0 0 1 0 0 1 3 1 0 0 0 0 0 0 0 0 1 1 0 0 0 0 0 0 0 1 0 0 0 0 0 0 0 0 0 0 0 1 0 0 0 0 0 0 0 0 1 0 3 1 0 0 0 0 0 2 1 0 0 1 0 0 0 0 0 0 0 2 2 0 1 0 0 2 1 0 0 0 0 1 0 0 
2 0 1 0 0 0 0 0 0 0 0 0 0 0 0 0 1 0 0 0 0 0 1 0 0 0 0 0 0 1 0 0 0 0 0 0 1 0 1 0 0 1 0 0 0 0 0 0 1 0 0 1 0 1 0 0 1 0 0 1 1 0 0 0 0 0 0 0 0 0 0 1 0 0 0 0 0 0 0 0 1 0 1 0 0 2 1 0 0 1 
0 0 0 0 0 1 0 0 0 0 0 1 1 0 0 0 0 0 0 0 0 1 0 0 0 0 0 0 0 0 1 0 0 0 0 0 0 0 0 1 0 1 0 0 1 0 1 0 0 0 1 0 0 0 0 0 0 0 0 0 0 1 0 0 0 0 0 2 0 0 0 0 1 0 0 0 1 0 0 0 0 0 0 1 0 0 0 0 0 1 
0 1 0 1 0 0 1 0 0 0 0 0 0 0 0 0 0 0 0 0 0 0 0 0 1 0 1 0 0 0 0 0 0 0 0 0 3 0 0 0 0 0 1 1 0 1 1 1 0 0 1 0 0 0 0 0 1 0 0 0 0 0 0 1 0 0 1 0 0 0 0 0 0 2 0 0 0 0 0 0 0 0 1 0 0 0 1 1 0 0 
0 0 0 0 0 0 0 0 1 0 2 0 0 0 0 0 0 0 0 0 1 1 0 0 0 0 1 0 0 0 0 0 0 0 0 0 0 0 0 0 0 0 0 0 0 0 0 0 4 0 0 0 1 0 1 0 1 1 0 1 0 1 1 0 1 1 1 0 0 0 0 0 0 0 0 0 1 1 0 0 0 0 0 0 0 1 0 1 0 0 
0 1 0 0 1 0 1 0 0 0 0 0 0 0 0 0 0 0 0 0 0 1 0 0 0 0 0 0 1 0 1 0 0 0 0 0 0 0 0 1 0 0 0 0 0 0 1 0 0 0 2 1 0 0 0 0 0 0 0 0 0 2 0 0 0 0 0 0 0 1 0 0 0 1 0 1 0 0 0 1 0 1 0 1 1 0 0 0 0 1 
0 0 0 0 1 0 0 0 0 0 0 0 0 0 1 0 0 0 0 1 1 0 0 0 0 0 0 1 0 0 0 0 1 0 0 0 0 0 0 1 1 0 0 0 0 0 0 0 0 0 1 1 0 0 0 0 0 0 0 1 1 0 0 0 0 0 0 1 2 0 1 0 0 1 0 0 1 0 1 1 0 0 0 0 0 0 1 0 0 0 
1 0 0 0 0 0 0 0 0 0 0 0 0 1 0 0 0 1 0 0 1 0 0 0 0 0 0 0 0 1 0 0 0 0 0 0 0 0 0 0 1 0 0 0 0 0 2 0 0 1 0 1 0 1 0 0 0 1 0 0 0 3 0 1 0 2 1 0 0 0 0 1 0 0 0 0 0 0 0 1 0 0 0 1 0 0 0 0 0 0 
0 0 0 0 0 0 0 1 0 0 0 0 0 0 0 0 0 0 0 0 0 0 0 1 0 0 0 0 0 1 0 0 2 0 0 0 0 0 0 0 0 1 0 0 0 0 0 0 0 0 1 0 0 0 0 1 0 0 1 0 0 1 0 0 1 0 0 0 0 0 0 0 0 2 0 1 1 0 0 0 0 0 0 0 0 0 0 1 1 0 
0 0 0 0 0 0 0 0 0 0 1 0 0 0 0 0 0 1 0 0 0 1 0 0 0 1 0 1 0 0 0 0 0 1 0 1 0 0 0 0 0 1 1 0 0 0 0 1 0 0 0 0 0 0 1 1 1 0 1 0 1 0 1 0 1 0 1 0 0 0 0 1 0 0 0 1 0 0 0 0 1 0 0 2 0 0 0 0 0 0 
0 0 0 0 1 0 0 0 0 0 0 0 0 0 1 1 0 0 0 1 0 0 0 0 0 0 0 1 0 0 0 0 0 1 0 1 1 0 0 1 0 2 0 0 0 0 0 0 0 0 0 0 0 0 0 0 0 0 0 0 0 0 0 0 0 0 0 0 0 0 0 0 0 1 0 0 0 1 0 0 0 0 0 1 0 0 0 0 1 1 
0 0 0 0 0 0 0 0 0 2 0 0 0 1 0 1 0 0 0 0 0 0 1 0 0 0 0 0 0 0 0 0 0 0 0 0 0 0 0 0 0 0 0 0 1 0 0 0 0 1 0 0 0 0 0 1 0 0 0 0 0 0 0 0 0 1 0 0 0 1 0 2 0 0 0 0 0 0 0 3 0 0 0 0 0 0 0 1 1 0 
0 0 0 0 0 0 0 1 0 0 0 0 0 0 1 0 0 0 0 1 1 1 1 1 1 0 0 0 0 0 1 0 1 0 0 0 0 0 0 0 0 0 1 1 1 0 0 2 0 0 0 0 0 0 0 0 0 0 0 0 0 0 0 0 0 0 0 1 0 0 0 0 0 0 0 0 0 0 0 0 0 0 0 0 0 0 0 0 0 0 
0 0 1 0 0 0 0 0 0 0 1 0 0 0 0 0 0 1 1 0 0 0 0 1 0 0 0 0 0 0 0 0 0 0 1 0 1 1 0 0 0 0 1 0 0 0 1 1 0 1 0 0 0 1 0 0 0 0 0 1 0 0 0 0 0 0 1 0 0 0 0 0 0 0 0 1 0 0 0 0 1 0 0 0 0 0 0 0 0 0 
1 0 0 0 0 0 0 0 0 0 0 0 0 0 0 0 0 0 0 0 0 0 0 0 0 0 0 0 0 0 1 0 0 0 0 0 1 0 0 0 1 0 0 0 0 0 0 1 0 0 0 0 0 1 0 0 1 0 1 0 0 0 1 0 0 1 1 0 0 0 1 0 1 0 0 0 0 0 1 0 1 0 0 0 0 0 0 0 0 0 
0 0 0 0 1 0 0 0 0 0 0 0 0 0 0 1 0 0 0 0 0 0 0 0 0 1 0 0 0 1 0 0 0 0 0 0 0 0 0 0 0 0 0 1 0 0 1 0 0 0 0 0 0 0 0 0 0 0 0 0 0 0 0 0 1 0 0 0 0 0 0 0 0 0 0 1 0 0 0 0 0 1 0 0 0 1 0 0 0 0 
0 0 0 0 0 1 0 0 1 0 0 0 0 0 0 0 0 0 0 0 0 0 0 0 1 0 0 0 1 0 1 0 0 0 1 0 0 0 0 0 0 0 0 0 1 0 0 0 0 1 0 0 0 0 1 0 0 0 2 0 1 0 0 1 0 0 0 1 0 1 1 0 1 0 0 0 0 0 1 0 0 0 0 1 1 0 0 0 1 0 
0 0 0 0 1 0 0 0 0 0 0 0 0 0 0 0 0 0 0 0 0 0 0 0 0 0 0 0 0 0 0 0 0 0 0 0 0 0 0 0 0 1 0 0 0 1 0 0 0 0 0 0 0 0 0 0 0 0 0 0 0 0 0 0 0 0 0 0 0 0 1 2 0 0 0 0 0 0 1 3 1 0 0 0 0 1 1 0 0 0 
0 0 0 0 0 0 0 0 0 0 0 0 0 0 0 0 0 1 0 0 0 0 0 0 0 0 0 0 0 0 0 0 0 0 0 0 0 0 0 0 0 1 1 0 0 0 0 0 0 0 0 0 1 0 0 0 1 0 0 0 0 0 0 0 0 0 0 0 0 0 0 0 0 1 0 0 0 3 0 0 0 0 1 1 0 0 0 0 0 0 
0 0 1 0 0 0 0 0 0 0 0 0 0 0 0 0 0 0 0 0 0 0 0 0 0 0 0 0 0 0 0 0 0 0 0 0 0 0 0 0 0 1 0 0 0 0 0 0 0 0 0 0 0 0 0 0 0 0 0 0 0 0 1 0 0 0 0 0 0 0 0 1 0 0 0 0 1 0 1 0 0 0 1 0 0 0 0 0 0 0 
0 0 0 0 0 0 0 1 0 0 1 0 0 0 0 1 0 0 0 2 0 0 0 0 0 1 0 1 0 0 0 0 0 1 0 0 0 0 0 0 0 0 0 0 0 0 0 0 0 1 0 0 0 0 0 0 0 1 1 0 2 1 0 0 0 1 0 1 0 1 0 0 1 0 1 0 0 0 0 0 0 0 0 0 0 0 0 1 0 0 
0 0 0 0 0 0 0 1 0 0 0 0 0 0 0 0 0 0 0 0 0 0 0 0 0 0 0 0 0 0 0 0 0 0 0 0 0 0 1 0 0 0 0 0 0 0 0 0 0 0 0 0 0 0 0 0 0 0 0 0 0 0 0 0 0 0 0 0 0 0 0 0 0 0 0 0 0 0 0 0 0 0 0 0 0 0 0 0 0 0 
0 0 0 0 0 0 0 0 0 0 0 0 0 0 1 0 0 0 0 0 0 0 0 1 0 0 1 0 0 0 0 0 0 0 0 0 0 1 0 0 0 0 0 0 0 0 0 0 0 1 0 0 0 0 0 0 0 0 0 0 0 0 0 0 1 0 0 0 0 0 1 0 1 0 0 0 0 0 0 0 0 0 0 0 1 0 0 0 0 0 
0 0 0 0 0 0 0 0 1 0 0 0 0 0 0 0 0 0 0 0 1 0 0 0 0 0 0 0 0 0 0 0 0 0 0 1 0 0 0 0 0 0 0 0 0 0 0 0 0 0 0 0 0 0 0 0 0 0 0 0 0 0 0 1 0 0 0 0 0 0 0 0 0 0 0 0 0 1 0 0 0 0 0 0 0 0 0 0 1 0 
0 0 0 0 0 0 0 0 0 0 0 0 0 0 0 0 0 0 0 0 0 0 0 0 0 0 0 0 0 0 0 0 0 0 1 0 0 0 0 0 0 0 0 0 0 0 0 0 0 0 0 1 0 0 0 0 0 0 0 0 0 0 0 0 0 0 0 0 0 0 0 0 0 0 0 0 0 0 0 1 1 0 1 1 0 0 0 0 0 1 
0 0 0 0 0 0 0 0 0 0 1 0 0 0 0 0 2 0 0 0 0 0 0 0 0 1 0 0 0 0 0 0 0 0 0 0 0 0 0 0 0 0 0 0 0 0 0 0 0 0 0 0 0 0 0 1 0 0 0 0 0 0 0 0 0 0 1 0 0 0 0 0 0 0 0 0 1 0 0 0 0 0 0 0 2 1 0 0 0 0 
0 0 0 0 0 0 0 0 0 0 0 0 0 0 0 0 0 1 0 0 0 0 0 0 0 0 0 1 0 0 0 0 0 0 0 0 0 0 0 0 0 0 1 0 0 0 0 0 0 0 0 0 0 0 0 1 0 0 0 0 0 0 0 0 0 0 0 0 0 0 0 0 0 0 0 0 0 0 0 0 0 0 1 0 0 0 1 0 0 0 
0 0 0 0 0 0 0 0 0 0 0 0 0 0 0 0 0 0 0 0 0 0 0 0 0 0 0 0 0 0 0 0 0 0 0 0 0 0 1 1 0 0 0 1 0 0 0 0 0 0 0 0 0 0 1 0 0 0 0 0 0 0 0 0 0 0 0 0 0 0 0 0 0 0 0 0 0 0 0 0 0 0 0 0 0 1 0 0 0 0 
0 0 0 0 0 0 0 0 0 0 0 0 0 0 0 0 0 0 0 0 0 0 0 0 0 0 1 0 0 0 0 0 0 0 1 0 0 0 0 0 0 0 0 1 0 0 0 0 0 0 0 0 0 0 0 0 1 0 0 0 0 0 0 0 0 0 0 0 0 0 0 0 0 0 0 0 0 0 0 0 0 0 0 0 0 0 0 0 0 0 
0 0 0 0 0 1 0 0 0 0 0 0 0 0 0 0 0 0 0 0 0 0 0 0 0 0 0 0 0 0 0 0 1 0 0 0 0 0 0 0 0 0 0 0 0 0 0 0 0 0 0 0 0 0 0 0 0 0 0 0 0 0 0 0 0 0 0 0 0 0 0 0 0 0 0 0 0 0 0 0 0 0 0 0 0 0 1 1 0 0 
0 0 0 0 0 0 0 0 0 0 0 0 0 0 0 0 0 0 1 0 0 1 0 0 0 0 0 0 0 0 0 0 0 1 0 0 0 0 0 0 0 0 0 0 0 0 0 0 0 0 0 0 0 1 0 0 0 0 0 0 1 0 1 0 1 0 0 0 0 0 0 0 0 0 0 0 0 0 0 0 1 0 0 0 0 0 0 0 0 0 
0 0 0 0 0 0 0 0 0 0 0 0 0 0 0 0 0 0 0 0 0 0 0 0 1 0 0 1 0 0 0 0 0 0 0 0 0 0 0 0 0 0 0 0 0 0 1 0 1 0 1 0 0 0 0 0 1 0 0 0 0 0 0 0 0 0 0 0 0 0 0 0 0 0 0 1 0 0 0 0 0 1 0 0 0 0 0 0 0 0 
0 0 0 0 0 0 0 0 0 1 0 0 0 0 1 0 0 0 0 0 0 0 0 0 0 0 0 0 0 0 0 0 0 1 1 0 0 0 1 0 0 0 0 0 0 0 0 0 0 0 0 0 0 0 0 0 0 0 0 1 0 0 0 0 0 0 0 0 0 0 0 0 0 1 0 0 0 0 0 0 0 0 0 0 0 1 0 0 0 0 
0 1 0 0 0 0 0 0 0 0 0 0 0 0 0 0 0 0 0 0 0 0 0 0 0 0 0 0 0 0 0 0 0 0 0 0 0 0 0 0 1 0 0 0 0 0 0 0 0 0 0 0 0 0 0 0 0 0 0 0 0 0 0 1 0 0 0 0 1 0 0 0 0 0 0 0 0 0 0 0 0 0 0 0 0 0 0 1 0 0 
0 0 0 0 0 0 0 0 0 0 0 1 0 0 0 0 0 0 0 0 0 0 0 0 0 0 0 0 0 0 0 0 0 0 0 0 0 0 0 0 0 1 0 0 0 0 0 0 0 0 0 0 0 0 0 0 0 0 0 0 0 0 0 0 0 0 0 0 0 0 0 0 0 0 0 0 0 0 0 0 0 0 0 0 0 0 0 0 0 0 
0 0 0 0 0 0 0 0 0 0 0 0 0 0 0 0 0 0 0 0 0 0 0 0 0 0 0 0 0 1 1 1 0 0 0 0 0 0 0 0 0 0 0 0 0 0 0 0 0 0 0 0 0 0 0 0 0 0 0 0 0 0 0 0 0 0 0 0 1 0 0 0 0 0 0 0 0 0 0 0 0 0 0 0 0 0 0 0 0 0 
0 0 0 0 0 0 0 0 0 0 1 0 1 0 0 0 0 0 0 0 0 0 0 0 0 0 0 0 0 0 0 0 0 0 0 0 0 1 0 0 0 0 0 0 0 0 0 0 0 0 0 0 0 1 0 0 0 0 0 0 0 1 0 0 0 0 0 0 0 0 0 0 0 0 0 0 0 0 0 0 0 0 1 0 0 0 0 0 0 0 
0 0 0 0 0 0 0 0 0 0 0 0 0 1 0 0 0 0 0 0 0 0 0 0 0 0 1 1 0 0 0 0 0 0 0 0 0 0 0 0 0 0 0 0 0 0 0 0 0 0 0 0 1 0 0 0 0 0 0 0 0 0 0 0 0 0 0 0 0 0 0 0 0 0 0 0 0 0 0 0 0 0 0 0 0 0 0 0 0 0 
0 0 0 0 0 0 0 0 0 0 0 0 0 0 0 0 0 0 0 1 0 0 0 0 0 0 0 1 0 1 0 0 0 0 0 0 0 0 0 0 0 0 0 0 1 0 0 0 0 0 0 0 0 0 1 0 0 0 0 0 0 0 0 0 0 0 0 0 0 0 0 1 0 0 0 0 0 0 0 0 0 0 0 0 0 0 0 0 0 0 
0 0 0 0 0 0 0 0 0 0 0 0 0 0 0 0 0 0 0 0 0 0 0 0 0 0 0 0 0 0 0 0 0 0 0 1 0 0 0 0 0 0 0 0 0 0 0 0 0 0 0 0 0 0 0 0 0 0 0 0 0 0 0 0 0 0 0 0 0 0 0 0 0 0 0 0 0 0 0 0 0 0 0 0 0 0 0 0 0 1 
0 0 0 0 0 0 0 0 0 0 0 0 0 0 0 0 0 0 0 0 0 0 0 0 0 0 0 0 0 0 0 0 0 0 0 0 0 0 0 1 0 0 0 0 0 0 0 0 0 0 0 0 0 0 0 0 0 0 0 0 0 0 0 0 0 0 0 2 0 0 0 0 0 0 0 0 0 0 0 0 0 0 0 0 0 0 0 0 0 0 
0 0 0 0 0 0 0 0 0 0 0 0 0 0 0 0 0 0 0 0 1 0 0 0 0 0 0 0 0 0 2 0 0 0 0 0 1 0 0 0 0 0 0 0 0 0 0 0 0 0 0 0 0 0 0 0 0 0 0 0 0 0 0 0 0 0 0 0 1 0 0 0 0 0 0 0 0 0 0 0 0 0 0 0 0 0 0 0 0 0 
0 0 0 0 0 0 0 0 0 0 0 0 0 0 0 0 0 0 0 0 0 0 0 0 0 0 0 0 0 0 0 0 0 0 0 0 0 0 0 0 0 0 0 0 0 0 0 0 0 0 0 0 0 0 1 0 0 0 0 0 0 0 0 0 0 0 0 0 0 0 0 0 0 0 0 0 0 0 0 0 0 0 0 0 0 0 0 0 0 0 
0 0 0 0 0 0 0 0 0 0 1 0 0 0 0 0 0 0 0 0 0 0 0 0 0 0 0 0 0 0 0 0 0 0 0 0 0 0 0 1 0 0 0 0 0 0 0 0 0 0 0 0 0 0 0 0 0 0 0 0 0 0 0 0 0 0 0 0 0 0 0 0 0 0 0 0 0 1 0 0 0 0 0 0 0 0 0 0 0 0 
0 0 0 0 0 0 0 0 0 0 0 0 0 0 0 0 0 0 0 0 0 0 1 0 0 0 0 0 1 0 0 0 0 0 0 0 0 0 0 0 0 0 0 0 0 0 0 0 0 0 0 0 0 0 0 0 0 0 0 0 0 0 0 0 1 0 0 0 0 0 0 0 0 0 0 0 0 0 0 0 0 0 0 0 0 0 0 0 1 0 
0 0 0 0 0 0 0 0 0 0 0 0 0 0 0 0 0 0 0 0 0 0 0 0 0 0 0 0 0 0 0 0 0 0 0 0 0 0 0 0 0 0 1 0 0 0 0 0 0 0 0 0 0 0 0 0 0 0 0 0 0 0 0 1 0 0 0 0 0 0 0 0 0 0 0 0 0 0 0 0 0 0 0 0 0 0 0 0 0 0 
0 0 1 0 0 0 0 0 0 0 0 0 0 1 0 0 0 0 0 0 1 0 0 0 0 0 0 0 0 0 0 0 0 0 0 0 0 0 0 0 0 0 0 0 0 0 0 0 0 0 0 0 0 0 0 0 0 0 0 0 0 0 1 0 2 0 0 0 0 0 0 0 0 0 0 0 0 0 0 0 0 0 0 0 0 0 0 0 0 0 
0 0 0 1 0 0 0 0 0 0 0 0 0 0 0 0 0 0 0 0 0 1 1 0 0 0 0 0 0 0 0 0 0 0 0 0 0 0 0 0 0 1 0 0 0 0 0 0 0 0 0 0 0 0 0 0 0 0 0 0 0 0 0 0 1 0 0 0 0 0 0 0 0 0 0 0 0 0 0 0 0 0 0 0 0 0 0 0 0 0 
0 0 0 0 0 0 1 1 0 0 0 0 0 0 0 0 0 0 0 0 0 0 0 0 1 0 0 1 0 0 0 0 0 0 0 0 0 0 1 0 0 0 0 1 0 0 0 0 0 0 0 0 0 0 0 0 0 0 1 0 0 0 0 0 0 0 0 0 0 0 0 0 0 0 0 0 0 0 0 0 0 0 0 0 0 0 0 0 0 0 
0 0 0 0 0 0 0 0 0 0 0 0 0 0 0 0 0 0 0 0 0 0 0 0 0 0 0 0 0 0 1 0 0 0 0 0 0 0 0 0 0 0 0 0 0 0 0 0 0 0 0 0 0 0 0 0 0 0 0 0 0 0 0 0 0 0 0 0 0 0 0 0 0 0 0 0 0 0 0 0 0 0 0 0 0 0 0 0 0 0 
0 0 0 0 0 0 0 0 0 0 0 0 0 0 0 0 0 1 0 0 0 0 0 0 0 0 0 0 0 0 0 0 0 0 0 0 0 0 0 0 0 0 0 0 0 0 0 0 0 0 0 0 0 0 0 0 0 0 0 0 0 0 0 0 0 0 0 0 0 0 0 0 0 0 0 0 0 0 0 0 0 0 0 0 0 0 0 0 0 0 
0 0 0 0 0 0 0 0 0 0 0 0 0 0 0 0 0 0 0 0 0 0 0 0 0 0 0 0 0 0 0 0 0 0 0 0 0 0 0 0 0 0 0 0 0 0 0 0 0 0 0 0 0 0 0 1 0 0 0 0 0 0 0 0 0 0 0 0 0 0 0 0 0 0 0 0 0 0 0 0 0 0 0 0 0 0 0 0 0 0 
0 0 0 0 0 0 0 0 0 0 0 0 0 0 0 0 0 0 0 1 0 0 0 0 0 0 0 0 0 0 0 0 0 0 0 0 0 0 0 0 0 0 0 0 0 0 0 0 0 0 0 0 0 0 0 0 0 0 0 0 0 0 0 0 0 0 0 0 0 0 0 0 0 0 0 0 0 0 0 0 0 0 0 0 0 0 0 0 0 0 
0 1 0 1 0 0 0 0 0 0 0 0 0 0 1 0 0 0 0 0 0 0 0 0 0 0 0 0 0 0 0 0 0 0 0 0 0 0 0 0 0 0 0 0 0 0 0 0 0 0 0 0 0 0 0 0 0 0 0 0 0 0 0 0 0 0 0 0 0 0 0 0 0 0 0 0 0 0 0 0 0 0 0 0 0 0 0 0 0 0 
0 0 0 0 0 0 0 0 1 0 0 0 0 0 0 0 0 0 0 0 0 0 0 0 0 0 0 1 0 0 0 0 0 1 0 0 0 0 0 0 0 0 0 0 0 0 0 0 0 0 0 0 0 0 0 0 0 0 0 0 0 1 0 0 0 0 0 0 0 0 0 0 0 0 0 0 0 0 0 0 0 0 0 0 0 0 0 0 0 0 
0 0 0 0 0 0 0 0 0 0 0 0 0 0 0 0 0 0 0 0 0 0 0 0 0 0 0 0 0 0 0 0 0 0 1 0 0 0 0 0 0 0 0 0 0 0 0 0 0 0 0 0 0 0 0 0 0 0 0 0 0 0 1 0 0 0 0 0 0 0 0 0 0 0 0 0 0 0 0 0 0 0 0 0 0 0 0 0 0 0 
0 0 0 0 0 0 0 0 0 0 0 0 0 0 0 0 0 0 0 0 0 1 0 0 0 0 0 0 0 0 0 0 0 0 1 0 0 0 0 0 0 1 0 0 0 0 0 0 0 0 0 0 0 0 0 0 0 0 0 0 0 0 0 0 0 0 0 0 0 0 0 0 0 0 0 0 0 0 0 0 0 0 0 0 0 0 0 0 0 0 
0 0 0 0 0 0 0 0 0 0 0 0 0 0 0 0 0 0 0 0 1 0 0 0 0 0 0 0 0 0 0 0 0 0 0 0 0 0 0 0 0 1 0 0 0 0 0 0 0 0 0 0 0 0 0 0 0 0 0 0 0 0 0 0 0 0 0 0 0 0 0 0 0 0 0 0 0 0 0 0 1 0 0 0 0 0 0 0 0 0 
0 0 0 0 0 0 1 1 0 0 0 0 0 0 0 0 0 0 0 0 1 0 0 0 0 0 0 0 0 0 0 0 0 0 0 0 0 0 1 0 0 0 0 0 0 0 0 0 0 0 0 0 0 0 0 0 0 0 0 0 0 0 0 1 0 0 0 0 0 0 0 0 0 0 0 0 0 0 0 0 1 0 0 1 0 0 0 0 0 0 
0 0 0 0 0 0 0 0 0 0 0 0 0 0 0 0 0 0 0 0 0 0 0 0 0 0 0 1 0 0 0 0 0 0 0 0 0 0 0 0 0 0 0 0 0 0 0 0 0 0 0 0 0 0 0 0 0 0 0 0 0 0 0 0 0 0 0 0 0 0 1 0 0 0 0 0 0 0 0 0 0 0 0 0 0 0 0 0 0 0 
0 0 0 0 0 0 0 0 0 0 0 1 0 0 0 0 0 0 0 0 0 0 0 0 0 0 0 0 0 0 0 0 0 0 0 0 0 0 0 0 0 0 0 0 1 0 0 0 0 0 0 0 0 0 0 0 0 1 0 0 0 0 0 0 0 0 0 0 0 0 0 0 0 0 1 0 0 0 0 0 0 0 0 0 0 0 0 0 0 0 
0 0 0 0 0 0 0 0 0 0 0 0 0 0 0 0 0 0 0 0 0 0 0 0 0 0 0 0 0 0 0 0 0 0 0 0 0 0 0 0 0 0 0 0 0 0 0 0 0 0 0 0 0 0 0 0 0 0 0 0 0 0 0 0 0 0 0 0 0 0 0 0 0 0 0 0 0 0 0 0 0 0 0 0 0 0 0 0 0 0 
0 0 1 0 0 0 0 0 0 0 0 0 0 0 0 0 0 0 0 0 0 0 0 0 0 0 0 0 0 0 1 0 0 0 0 0 0 0 0 0 0 0 0 0 0 0 0 0 0 0 0 0 0 0 0 0 0 0 0 0 0 0 0 0 0 0 0 0 0 0 0 0 0 0 1 0 0 0 0 0 0 0 0 0 0 0 1 0 0 0 
0 0 0 0 0 0 0 0 0 0 0 0 0 0 0 0 0 0 0 0 0 0 0 0 0 0 0 0 0 0 0 0 0 0 0 0 0 0 0 0 0 0 0 0 0 0 0 0 0 0 0 0 0 0 0 0 0 0 0 0 0 0 0 0 0 0 0 0 0 0 0 0 0 1 0 0 0 0 0 0 0 0 0 0 0 0 0 0 0 0 
0 0 0 0 0 0 0 0 0 0 0 0 0 0 0 0 0 0 0 0 0 0 0 0 0 0 0 0 0 0 0 0 0 0 0 0 0 0 0 0 0 0 0 0 0 0 3 1 0 0 0 0 0 0 0 0 0 0 0 0 0 0 0 0 0 0 0 0 0 0 0 0 0 0 0 0 0 0 0 0 0 0 0 0 0 0 0 0 0 0 
0 0 0 0 0 0 0 0 0 0 0 0 0 0 0 0 0 0 0 0 0 0 0 0 0 0 0 0 0 0 0 0 0 0 0 0 0 0 0 0 0 0 0 0 0 0 0 0 0 0 1 0 0 0 0 0 0 0 0 0 0 0 0 0 0 0 0 0 0 0 0 0 0 0 0 0 0 0 0 0 0 0 0 0 0 0 0 0 0 0 
0 0 0 0 0 0 0 0 0 0 0 0 0 0 0 0 0 0 0 0 0 0 0 0 0 0 0 0 0 0 0 0 0 0 0 0 0 0 0 0 0 0 0 0 0 0 0 0 0 0 0 0 0 0 0 0 0 0 0 0 0 0 0 0 0 0 0 0 0 0 0 0 0 0 0 0 0 0 0 0 0 1 0 0 0 0 0 0 0 0 
0 0 0 0 0 0 0 0 0 0 0 0 0 0 0 0 0 0 0 0 0 0 0 0 0 0 0 0 0 0 0 0 0 0 0 0 0 0 0 0 0 0 0 0 0 0 1 0 0 0 0 0 0 0 0 0 0 0 0 0 0 0 0 0 0 0 0 0 0 0 0 0 0 0 0 0 0 0 0 0 0 0 0 0 0 0 0 0 0 0 
0 0 0 0 0 0 0 0 0 0 0 0 0 0 0 0 0 0 0 0 0 0 0 0 0 0 0 0 0 0 0 0 0 0 0 0 0 0 0 0 0 0 0 0 0 0 0 0 0 0 0 0 0 0 0 0 0 0 0 0 0 0 0 0 0 0 0 0 0 0 0 0 0 0 1 0 0 0 0 0 0 0 0 0 0 0 0 0 0 0 
0 0 0 0 0 0 0 0 0 0 0 0 0 0 0 0 0 0 0 0 1 1 0 0 0 0 0 0 0 0 0 0 0 0 0 0 0 0 0 0 0 0 0 0 0 0 0 0 0 1 0 0 0 0 0 0 0 0 0 0 0 0 0 0 0 0 0 0 0 0 0 0 0 0 0 0 0 0 0 0 0 0 0 0 0 0 0 0 0 0 
0 0 0 0 0 0 0 0 0 0 0 0 0 0 0 0 0 0 0 0 0 0 0 0 0 0 0 0 0 0 0 0 0 0 0 0 0 0 0 0 0 0 0 0 0 0 0 0 0 0 0 0 0 0 0 0 0 0 0 0 0 0 0 1 0 0 0 0 0 1 0 0 0 0 0 0 0 0 0 0 0 0 0 0 0 0 0 0 0 0 
0 0 0 0 0 0 0 0 0 0 0 0 0 0 0 0 0 0 0 0 0 0 0 0 0 0 0 0 0 0 0 0 0 0 0 0 0 0 0 0 0 0 0 0 0 0 0 0 0 0 0 0 0 0 0 0 0 0 0 0 0 0 0 0 0 0 0 0 0 0 0 0 0 0 0 0 0 0 0 0 0 0 0 0 0 0 0 0 0 0 
0 0 0 0 0 0 0 0 0 0 0 0 0 0 0 0 0 0 0 0 0 0 0 0 0 0 0 0 0 0 0 0 0 0 0 0 0 0 0 0 0 0 0 0 0 0 0 0 0 0 0 0 0 0 0 0 0 0 0 0 0 0 0 0 1 0 0 0 0 0 0 0 0 0 0 0 0 0 0 0 0 0 0 0 0 0 0 0 0 0 
0 0 0 0 0 0 0 0 0 0 0 0 0 0 0 0 0 0 0 0 0 0 0 0 0 0 0 0 0 0 0 0 0 0 0 0 0 0 0 0 0 0 0 0 0 0 0 0 0 0 0 0 0 0 0 0 0 0 0 0 0 0 0 0 0 0 0 0 0 0 0 0 0 0 0 0 0 0 0 0 0 0 0 0 0 0 0 0 0 0 
0 0 0 0 0 0 0 0 0 0 0 0 0 0 0 0 0 0 0 0 0 0 0 0 0 0 0 0 0 0 0 0 0 0 0 0 0 0 0 0 0 0 0 0 0 0 0 0 0 0 0 0 0 0 0 0 0 0 0 0 0 0 0 0 0 0 0 0 0 0 0 0 0 0 0 0 0 0 0 0 0 0 0 0 0 0 0 0 0 0 
0 0 0 0 0 0 0 0 0 0 0 0 0 0 0 0 0 0 0 0 0 0 0 0 0 0 0 0 0 0 0 0 0 0 0 0 0 0 0 0 0 0 0 0 0 0 0 0 0 0 0 0 0 0 0 0 0 0 0 0 0 0 0 0 0 0 0 0 0 0 0 0 0 0 0 0 0 0 0 0 0 0 0 0 0 0 0 0 0 0 
0 0 0 0 0 0 0 0 0 0 0 0 0 0 0 0 0 0 0 0 0 0 0 0 0 0 0 0 0 0 0 0 0 0 0 0 0 0 0 0 0 0 0 0 0 0 0 0 0 0 0 0 0 0 0 0 0 0 0 0 0 0 0 0 0 0 0 0 0 0 0 0 0 0 0 0 0 0 0 1 0 0 0 0 0 0 0 0 0 0 
0 0 0 0 0 0 0 0 0 0 0 0 0 0 0 0 0 0 0 0 0 0 0 0 0 0 0 0 0 0 0 0 0 0 0 0 0 0 0 0 0 0 0 0 0 0 0 0 0 0 0 0 0 0 0 0 0 0 0 0 0 0 0 0 0 0 0 0 0 0 0 0 0 0 0 0 0 0 0 0 0 0 0 0 0 0 0 0 0 0 
0 0 0 0 0 0 0 0 0 0 0 0 0 0 0 0 0 0 0 0 0 0 0 0 0 0 0 0 1 0 0 0 0 0 0 0 0 0 1 0 0 0 0 0 0 0 0 0 0 0 0 0 0 0 0 0 0 0 0 0 0 0 0 0 0 0 0 0 0 0 0 0 0 0 0 0 0 0 0 0 0 0 0 0 0 0 0 0 0 0 
