# Format: McCode with text headers
# URL: http://www.mccode.org
# Creator: McStas 2.5beta01 - Nov. 03, 2018
# Instrument: Full_simple_noSqq.instr
# Ncount: 6250000
# Trace: no
# Gravitation: no
# Seed: 1544455239
# Directory: Magnon_rerun_events_C_noEfocus_noSqq/43
# Nodes: 16
# Param: WaveMin=2.75
# Param: WaveMax=4.4
# Param: E_0=4
# Param: L_0=0
# Param: chopPulseOpening=0.004
# Param: DivSlit0_width=0.1
# Param: DivSlit1_width=0.1
# Param: DivSlit2_width=0.1
# Param: DivSlit3_width=0.1
# Param: Npulse=1
# Param: print=0
# Param: makeVirtualSource=0
# Param: printMValues=0
# Param: power=2
# Param: BWopen=161
# Param: OMA=37.072
# Param: TTA=74.1432
# Param: OMA2=30.628
# Param: TTA2=61.256
# Param: phi=37
# Param: dphi=0.332
# Param: MCPLfile=BIFROST_mcpl.gz
# Param: ax=0
# Param: ay=2.14
# Param: az=-1.24
# Param: bx=0
# Param: by=0
# Param: bz=2.47
# Param: cx=6.71
# Param: cy=0
# Param: cz=0
# Param: Omega=43
# Param: TwoTheta=15
# Param: lambda=10
# Param: dlambda=9.9
# Param: Rotation=0
# Param: inelastic=1
# Param: aa=6.28319
# Param: sample_J1=1.5
# Param: sample_J2=0
# Param: TT=300
# Param: FerroMagnet=0
# Param: Verbose=0
# Param: imultiplier=1
# Param: INCOH=0
# Param: INCOHspread=0
# Param: sample_focusW=2.1
# Param: sample_focusH=0.15
# Param: focus_EF=0
# Param: TOFmin=0.1172
# Param: TOFmax=0.186
# Param: TOFbins=256
# Date: Mon Dec 10 06:16:55 2018 (1544419015)
# type: array_1d(300)
# Source: EGCESE (Full_simple_noSqq.instr)
# component: Lmon_sample_B
# position: 0 0 -0.00489
# title: Wavelength monitor
# Ncount: 100000000
# filename: Lmon_sample_B.dat
# statistics: X0=3.575; dX=0.476298;
# signal: Min=0; Max=5.48349e+07; Mean=1.13061e+07;
# values: 3.39182e+09 429078 6.24874e+07
# xvar: L
# yvar: (I,I_err)
# xlabel: Wavelength [AA]
# ylabel: Intensity
# xlimits: 0.01 8
# variables: L I I_err N
0.02331666667 0 0 0 
0.04995 0 0 0 
0.07658333333 0 0 0 
0.1032166667 0 0 0 
0.12985 0 0 0 
0.1564833333 0 0 0 
0.1831166667 0 0 0 
0.20975 0 0 0 
0.2363833333 0 0 0 
0.2630166667 0 0 0 
0.28965 0 0 0 
0.3162833333 0 0 0 
0.3429166667 0 0 0 
0.36955 0 0 0 
0.3961833333 0 0 0 
0.4228166667 0 0 0 
0.44945 0 0 0 
0.4760833333 0 0 0 
0.5027166667 0 0 0 
0.52935 0 0 0 
0.5559833333 0 0 0 
0.5826166667 0 0 0 
0.60925 0 0 0 
0.6358833333 0 0 0 
0.6625166667 0 0 0 
0.68915 0 0 0 
0.7157833333 0 0 0 
0.7424166667 0 0 0 
0.76905 0 0 0 
0.7956833333 0 0 0 
0.8223166667 0 0 0 
0.84895 0 0 0 
0.8755833333 0 0 0 
0.9022166667 0 0 0 
0.92885 0 0 0 
0.9554833333 0 0 0 
0.9821166667 0 0 0 
1.00875 0 0 0 
1.035383333 0 0 0 
1.062016667 0 0 0 
1.08865 0 0 0 
1.115283333 0 0 0 
1.141916667 0 0 0 
1.16855 0 0 0 
1.195183333 0 0 0 
1.221816667 0 0 0 
1.24845 0 0 0 
1.275083333 0 0 0 
1.301716667 0 0 0 
1.32835 0 0 0 
1.354983333 0 0 0 
1.381616667 0 0 0 
1.40825 0 0 0 
1.434883333 0 0 0 
1.461516667 0 0 0 
1.48815 0 0 0 
1.514783333 0 0 0 
1.541416667 0 0 0 
1.56805 0 0 0 
1.594683333 0 0 0 
1.621316667 0 0 0 
1.64795 0 0 0 
1.674583333 0 0 0 
1.701216667 0 0 0 
1.72785 0 0 0 
1.754483333 0 0 0 
1.781116667 0 0 0 
1.80775 0 0 0 
1.834383333 0 0 0 
1.861016667 0 0 0 
1.88765 0 0 0 
1.914283333 0 0 0 
1.940916667 0 0 0 
1.96755 0 0 0 
1.994183333 0 0 0 
2.020816667 0 0 0 
2.04745 0 0 0 
2.074083333 0 0 0 
2.100716667 0 0 0 
2.12735 0 0 0 
2.153983333 0 0 0 
2.180616667 0 0 0 
2.20725 0 0 0 
2.233883333 0 0 0 
2.260516667 0 0 0 
2.28715 0 0 0 
2.313783333 0 0 0 
2.340416667 0 0 0 
2.36705 0 0 0 
2.393683333 0 0 0 
2.420316667 0 0 0 
2.44695 0 0 0 
2.473583333 0 0 0 
2.500216667 0 0 0 
2.52685 0 0 0 
2.553483333 0 0 0 
2.580116667 0 0 0 
2.60675 0 0 0 
2.633383333 0 0 0 
2.660016667 0 0 0 
2.68665 0 0 0 
2.713283333 0 0 0 
2.739916667 6646974.328 18994.68928 122457 
2.76655 54657314.81 54468.36497 1006950 
2.793183333 54810493.16 54544.63598 1009772 
2.819816667 54764246.54 54521.61997 1008920 
2.84645 54781019.08 54529.96845 1009229 
2.873083333 54727281.82 54503.21639 1008239 
2.899716667 54685974.68 54482.6435 1007478 
2.92635 54752087.81 54515.5672 1008696 
2.952983333 54739169.15 54509.1354 1008458 
2.979616667 54665619.66 54472.50288 1007103 
3.00625 54731135.7 54505.13541 1008310 
3.032883333 54834919.19 54556.7884 1010222 
3.059516667 54716914.32 54498.05362 1008048 
3.08615 54785524.33 54532.2107 1009312 
3.112783333 54733849.7 54506.48679 1008360 
3.139416667 54689720.01 54484.50917 1007547 
3.16605 54764355.1 54521.67401 1008922 
3.192683333 54722885.13 54501.027 1008158 
3.219316667 54762509.58 54520.75533 1008888 
3.24595 54788781.13 54533.83155 1009372 
3.272583333 54734772.46 54506.94625 1008377 
3.299216667 54717565.68 54498.378 1008060 
3.32585 54767666.19 54523.32219 1008983 
3.352483333 54738952.03 54509.02729 1008454 
3.379116667 54799365.75 54539.09898 1009567 
3.40575 54689774.29 54484.5362 1007548 
3.432383333 54824605.98 54551.65771 1010032 
3.459016667 54794046.3 54536.45182 1009469 
3.48565 54786609.93 54532.75099 1009332 
3.512283333 54681795.12 54480.56145 1007401 
3.538916667 54787424.13 54533.1562 1009347 
3.56555 54758167.17 54518.59367 1008808 
3.592183333 54740146.19 54509.62186 1008476 
3.618816667 54822054.81 54550.38846 1009985 
3.64545 54773908.39 54526.42928 1009098 
3.672083333 54769837.39 54524.40294 1009023 
3.698716667 54823086.14 54550.90157 1010004 
3.72535 54783353.13 54531.13011 1009272 
3.751983333 54774451.19 54526.69946 1009108 
3.778616667 54744760 54511.919 1008561 
3.80525 54792526.46 54535.69547 1009441 
3.831883333 54725436.29 54502.2974 1008205 
3.858516667 54648684.28 54464.06445 1006791 
3.88515 54772605.67 54525.78086 1009074 
3.911783333 54685594.72 54482.45422 1007471 
3.938416667 54754204.73 54516.62108 1008735 
3.96505 54819177.97 54548.95715 1009932 
3.991683333 54756050.25 54517.53983 1008769 
4.018316667 54794100.58 54536.47883 1009470 
4.04495 54662579.97 54470.98839 1007047 
4.071583333 54749536.64 54514.29712 1008649 
4.098216667 54751382.17 54515.21591 1008683 
4.12485 54726956.13 54503.05421 1008233 
4.151483333 54821566.29 54550.14541 1009976 
4.178116667 54690534.21 54484.91474 1007562 
4.20475 54725436.29 54502.2974 1008205 
4.231383333 54761966.78 54520.48513 1008878 
4.258016667 54777436.6 54528.18539 1009163 
4.28465 54715557.32 54497.37783 1008023 
4.311283333 54677995.51 54478.6686 1007331 
4.337916667 54711920.56 54495.56667 1007956 
4.36455 54783081.73 54530.99504 1009267 
4.391183333 45442133.33 49664.89809 837179 
4.417816667 0 0 0 
4.44445 0 0 0 
4.471083333 0 0 0 
4.497716667 0 0 0 
4.52435 0 0 0 
4.550983333 0 0 0 
4.577616667 0 0 0 
4.60425 0 0 0 
4.630883333 0 0 0 
4.657516667 0 0 0 
4.68415 0 0 0 
4.710783333 0 0 0 
4.737416667 0 0 0 
4.76405 0 0 0 
4.790683333 0 0 0 
4.817316667 0 0 0 
4.84395 0 0 0 
4.870583333 0 0 0 
4.897216667 0 0 0 
4.92385 0 0 0 
4.950483333 0 0 0 
4.977116667 0 0 0 
5.00375 0 0 0 
5.030383333 0 0 0 
5.057016667 0 0 0 
5.08365 0 0 0 
5.110283333 0 0 0 
5.136916667 0 0 0 
5.16355 0 0 0 
5.190183333 0 0 0 
5.216816667 0 0 0 
5.24345 0 0 0 
5.270083333 0 0 0 
5.296716667 0 0 0 
5.32335 0 0 0 
5.349983333 0 0 0 
5.376616667 0 0 0 
5.40325 0 0 0 
5.429883333 0 0 0 
5.456516667 0 0 0 
5.48315 0 0 0 
5.509783333 0 0 0 
5.536416667 0 0 0 
5.56305 0 0 0 
5.589683333 0 0 0 
5.616316667 0 0 0 
5.64295 0 0 0 
5.669583333 0 0 0 
5.696216667 0 0 0 
5.72285 0 0 0 
5.749483333 0 0 0 
5.776116667 0 0 0 
5.80275 0 0 0 
5.829383333 0 0 0 
5.856016667 0 0 0 
5.88265 0 0 0 
5.909283333 0 0 0 
5.935916667 0 0 0 
5.96255 0 0 0 
5.989183333 0 0 0 
6.015816667 0 0 0 
6.04245 0 0 0 
6.069083333 0 0 0 
6.095716667 0 0 0 
6.12235 0 0 0 
6.148983333 0 0 0 
6.175616667 0 0 0 
6.20225 0 0 0 
6.228883333 0 0 0 
6.255516667 0 0 0 
6.28215 0 0 0 
6.308783333 0 0 0 
6.335416667 0 0 0 
6.36205 0 0 0 
6.388683333 0 0 0 
6.415316667 0 0 0 
6.44195 0 0 0 
6.468583333 0 0 0 
6.495216667 0 0 0 
6.52185 0 0 0 
6.548483333 0 0 0 
6.575116667 0 0 0 
6.60175 0 0 0 
6.628383333 0 0 0 
6.655016667 0 0 0 
6.68165 0 0 0 
6.708283333 0 0 0 
6.734916667 0 0 0 
6.76155 0 0 0 
6.788183333 0 0 0 
6.814816667 0 0 0 
6.84145 0 0 0 
6.868083333 0 0 0 
6.894716667 0 0 0 
6.92135 0 0 0 
6.947983333 0 0 0 
6.974616667 0 0 0 
7.00125 0 0 0 
7.027883333 0 0 0 
7.054516667 0 0 0 
7.08115 0 0 0 
7.107783333 0 0 0 
7.134416667 0 0 0 
7.16105 0 0 0 
7.187683333 0 0 0 
7.214316667 0 0 0 
7.24095 0 0 0 
7.267583333 0 0 0 
7.294216667 0 0 0 
7.32085 0 0 0 
7.347483333 0 0 0 
7.374116667 0 0 0 
7.40075 0 0 0 
7.427383333 0 0 0 
7.454016667 0 0 0 
7.48065 0 0 0 
7.507283333 0 0 0 
7.533916667 0 0 0 
7.56055 0 0 0 
7.587183333 0 0 0 
7.613816667 0 0 0 
7.64045 0 0 0 
7.667083333 0 0 0 
7.693716667 0 0 0 
7.72035 0 0 0 
7.746983333 0 0 0 
7.773616667 0 0 0 
7.80025 0 0 0 
7.826883333 0 0 0 
7.853516667 0 0 0 
7.88015 0 0 0 
7.906783333 0 0 0 
7.933416667 0 0 0 
7.96005 0 0 0 
7.986683333 0 0 0 
