# Format: McCode with text headers
# URL: http://www.mccode.org
# Creator: McStas 2.5beta01 - Nov. 03, 2018
# Instrument: Full_simple.instr
# Ncount: 6250000
# Trace: no
# Gravitation: no
# Seed: 1544090439
# Directory: Magnon_rerun_A_gcc-4.9/34
# Nodes: 16
# Param: WaveMin=2.75
# Param: WaveMax=4.4
# Param: E_0=4
# Param: L_0=0
# Param: chopPulseOpening=0.004
# Param: DivSlit0_width=0.1
# Param: DivSlit1_width=0.1
# Param: DivSlit2_width=0.1
# Param: DivSlit3_width=0.1
# Param: Npulse=1
# Param: print=0
# Param: makeVirtualSource=0
# Param: printMValues=0
# Param: power=2
# Param: BWopen=161
# Param: OMA=37.072
# Param: TTA=74.1432
# Param: OMA2=30.628
# Param: TTA2=61.256
# Param: phi=37
# Param: dphi=0.332
# Param: MCPLfile=BIFROST_mcpl.gz
# Param: ax=0
# Param: ay=2.14
# Param: az=-1.24
# Param: bx=0
# Param: by=0
# Param: bz=2.47
# Param: cx=6.71
# Param: cy=0
# Param: cz=0
# Param: Omega=68
# Param: TwoTheta=10
# Param: lambda=10
# Param: dlambda=9.9
# Param: Rotation=0
# Param: inelastic=1
# Param: aa=6.28319
# Param: sample_J1=1.5
# Param: sample_J2=0
# Param: TT=300
# Param: FerroMagnet=0
# Param: Verbose=0
# Param: imultiplier=1
# Param: INCOH=0
# Param: INCOHspread=0
# Param: sample_focusW=2.1
# Param: sample_focusH=0.15
# Param: focus_EF=5
# Param: TOFmin=0.1172
# Param: TOFmax=0.186
# Param: TOFbins=256
# Date: Wed Dec  5 21:27:00 2018 (1544041620)
# type: array_2d(90, 90)
# Source: EGCESE (Full_simple.instr)
# component: psd_monitor3
# position: 1.07223 -1.56124 1.85716
# title: PSD monitor
# Ncount: 100000000
# filename: analyser3_psd.dat
# statistics: X0=-0.966886; dX=0.702728; Y0=11.7509; dY=2.69569;
# signal: Min=0; Max=197.335; Mean=11.391;
# values: 92267.2 1120.95 7348
# xvar: X 
# yvar: Y 
# xlabel: X position [cm]
# ylabel: Y position [cm]
# zvar: I
# zlabel: Signal per bin
# xylimits: -2 2 -15.595 15.595
# variables: I I_err N
# Data [psd_monitor3/analyser3_psd.dat] I:
0 0 0 0 0 0 0 0 0 0 0 0 0 0 0 0 0 0 0 0 0 0 0 0 0 0 0 0 0 0 0 0 0 0 0 0 0 0 0 0 0 0 0 0 0 0 0 0 0 0 0 0 0 0 0 0 0 0 0 0 0 0 0 0 0 0 0 0 0 0 0 0 0 0 0 0 0 0 0 0 0 0 0 0 0 0 0 0 0 0 
0 0 0 0 0 0 0 0 0 0 0 0 0 0 0 0 0 0 0 0 0 0 0 0 0 0 0 0 0 0 0 0 0 0 0 0 0 0 0 0 0 0 0 0 0 0 0 0 0 0 0 0 0 0 0 0 0 0 0 0 0 0 0 0 0 0 0 0 0 0 0 0 0 0 0 0 0 0 0 0 0 0 0 0 0 0 0 0 0 0 
0 0 0 0 0 0 0 0 0 0 0 0 0 0 0 0 0 0 0 0 0 0 0 0 0 0 0 0 0 0 0 0 0 0 0 0 0 0 0 0 0 0 0 0 0 0 0 0 0 0 0 0 0 0 0 0 0 0 0 0 0 0 0 0 0 0 0 0 0 0 0 0 0 0 0 0 0 0 0 0 0 0 0 0 0 0 0 0 0 0 
0 0 0 0 0 0 0 0 0 0 0 0 0 0 0 0 0 0 0 0 0 0 0 0 0 0 0 0 0 0 0 0 0 0 0 0 0 0 0 0 0 0 0 0 0 0 0 0 0 0 0 0 0 0 0 0 0 0 0 0 0 0 0 0 0 0 0 0 0 0 0 0 0 0 0 0 0 0 0 0 0 0 0 0 0 0 0 0 0 0 
0 0 0 0 0 0 0 0 0 0 0 0 0 0 0 0 0 0 0 0 0 0 0 0 0 0 0 0 0 0 0 0 0 0 0 0 0 0 0 0 0 0 0 0 0 0 0 0 0 0 0 0 0 0 0 0 0 0 0 0 0 0 0 0 0 0 0 0 0 0 0 0 0 0 0 0 0 0 0 0 0 0 0 0 0 0 0 0 0 0 
0 0 0 0 0 0 0 0 0 0 0 0 0 0 0 0 0 0 0 0 0 0 0 0 0 0 0 0 0 0 0 0 0 0 0 0 0 0 0 0 0 0 0 0 0 0 0 0 0 0 0 0 0 0 0 0 0 0 0 0 0 0 0 0 0 0 0 0 0 0 0 0 0 0 0 0 0 0 0 0 0 0 0 0 0 0 0 0 0 0 
0 0 0 0 0 0 0 0 0 0 0 0 0 0 0 0 0 0 0 0 0 0 0 0 0 0 0 0 0 0 0 0 0 0 0 0 0 0 0 0 0 0 0 0 0 0 0 0 0 0 0 0 0 0 0 0 0 0 0 0 0 0 0 0 0 0 0 0 0 0 0 0 0 0 0 0 0 0 0 0 0 0 0 0 0 0 0 0 0 0 
0 0 0 0 0 0 0 0 0 0 0 0 0 0 0 0 0 0 0 0 0 0 0 0 0 0 0 0 0 0 0 0 0 0 0 0 0 0 0 0 0 0 0 0 0 0 0 0 0 0 0 0 0 0 0 0 0 0 0 0 0 0 0 0 0 0 0 0 0 0 0 0 0 0 0 0 0 0 0 0 0 0 0 0 0 0 0 0 0 0 
0 0 0 0 0 0 0 0 0 0 0 0 0 0 0 0 0 0 0 0 0 0 0 0 0 0 0 0 0 0 0 0 0 0 0 0 0 0 0 0 0 0 0 0 0 0 0 0 0 0 0 0 0 0 0 0 0 0 0 0 0 0 0 0 0 0 0 0 0 0 0 0 0 0 0 0 0 0 0 0 0 0 0 0 0 0 0 0 0 0 
0 0 0 0 0 0 0 0 0 0 0 0 0 0 0 0 0 0 0 0 0 0 0 0 0 0 0 0 0 0 0 0 0 0 0 0 0 0 0 0 0 0 0 0 0 0 0 0 0 0 0 0 0 0 0 0 0 0 0 0 0 0 0 0 0 0 0 0 0 0 0 0 0 0 0 0 0 0 0 0 0 0 0 0 0 0 0 0 0 0 
0 0 0 0 0 0 0 0 0 0 0 0 0 0 0 0 0 0 0 0 0 0 0 0 0 0 0 0 0 0 0 0 0 0 0 0 0 0 0 0 0 0 0 0 0 0 0 0 0 0 0 0 0 0 0 0 0 0 0 0 0 0 0 0 0 0 0 0 0 0 0 0 0 0 0 0 0 0 0 0 0 0 0 0 0 0 0 0 0 0 
0 0 0 0 0 0 0 0 0 0 0 0 0 0 0 0 0 0 0 0 0 0 0 0 0 0 0 0 0 0 0 0 0 0 0 0 0 0 0 0 0 0 0 0 0 0 0 0 0 0 0 0 0 0 0 0 0 0 0 0 0 0 0 0 0 0 0 0 0 0 0 0 0 0 0 0 0 0 0 0 0 0 0 0 0 0 0 0 0 0 
0 0 0 0 0 0 0 0 0 0 0 0 0 0 0 0 0 0 0 0 0 0 0 0 0 0 0 0 0 0 0 0 0 0 0 0 0 0 0 0 0 0 0 0 0 0 0 0 0 0 0 0 0 0 0 0 0 0 0 0 0 0 0 0 0 0 0 0 0 0 0 0 0 0 0 0 0 0 0 0 0 0 0 0 0 0 0 0 0 0 
0 0 0 0 0 0 0 0 0 0 0 0 0 0 0 0 0 0 0 0 0 0 0 0 0 0 0 0 0 0 0 0 0 0 0 0 0 0 0 0 0 0 0 0 0 0 0 0 0 0 0 0 0 0 0 0 0 0 0 0 0 0 0 0 0 0 0 0 0 0 0 0 0 0 0 0 0 0 0 0 0 0 0 0 0 0 0 0 0 0 
0 0 0 0 0 0 0 0 0 0 0 0 0 0 0 0 0 0 0 0 0 0 0 0 0 0 0 0 0 0 0 0 0 0 0 0 0 0 0 0 0 0 0 0 0 0 0 0 0 0 0 0 0 0 0 0 0 0 0 0 0 0 0 0 0 0 0 0 0 0 0 0 0 0 0 0 0 0 0 0 0 0 0 0 0 0 0 0 0 0 
0 0 0 0 0 0 0 0 0 0 0 0 0 0 0 0 0 0 0 0 0 0 0 0 0 0 0 0 0 0 0 0 0 0 0 0 0 0 0 0 0 0 0 0 0 0 0 0 0 0 0 0 0 0 0 0 0 0 0 0 0 0 0 0 0 0 0 0 0 0 0 0 0 0 0 0 0 0 0 0 0 0 0 0 0 0 0 0 0 0 
0 0 0 0 0 0 0 0 0 0 0 0 0 0 0 0 0 0 0 0 0 0 0 0 0 0 0 0 0 0 0 0 0 0 0 0 0 0 0 0 0 0 0 0 0 0 0 0 0 0 0 0 0 0 0 0 0 0 0 0 0 0 0 0 0 0 0 0 0 0 0 0 0 0 0 0 0 0 0 0 0 0 0 0 0 0 0 0 0 0 
0 0 0 0 0 0 0 0 0 0 0 0 0 0 0 0 0 0 0 0 0 0 0 0 0 0 0 0 0 0 0 0 0 0 0 0 0 0 0 0 0 0 0 0 0 0 0 0 0 0 0 0 0 0 0 0 0 0 0 0 0 0 0 0 0 0 0 0 0 0 0 0 0 0 0 0 0 0 0 0 0 0 0 0 0 0 0 0 0 0 
0 0 0 0 0 0 0 0 0 0 0 0 0 0 0 0 0 0 0 0 0 0 0 0 0 0 0 0 0 0 0 0 0 0 0 0 0 0 0 0 0 0 0 0 0 0 0 0 0 0 0 0 0 0 0 0 0 0 0 0 0 0 0 0 0 0 0 0 0 0 0 0 0 0 0 0 0 0 0 0 0 0 0 0 0 0 0 0 0 0 
0 0 0 0 0 0 0 0 0 0 0 0 0 0 0 0 0 0 0 0 0 0 0 0 0 0 0 0 0 0 0 0 0 0 0 0 0 0 0 0 0 0 0 0 0 0 0 0 0 0 0 0 0 0 0 0 0 0 0 0 0 0 0 0 0 0 0 0 0 0 0 0 0 0 0 0 0 0 0 0 0 0 0 0 0 0 0 0 0 0 
0 0 0 0 0 0 0 0 0 0 0 0 0 0 0 0 0 0 0 0 0 0 0 0 0 0 0 0 0 0 0 0 0 0 0 0 0 0 0 0 0 0 0 0 0 0 0 0 0 0 0 0 0 0 0 0 0 0 0 0 0 0 0 0 0 0 0 0 0 0 0 0 0 0 0 0 0 0 0 0 0 0 0 0 0 0 0 0 0 0 
0 0 0 0 0 0 0 0 0 0 0 0 0 0 0 0 0 0 0 0 0 0 0 0 0 0 0 0 0 0 0 0 0 0 0 0 0 0 0 0 0 0 0 0 0 0 0 0 0 0 0 0 0 0 0 0 0 0 0 0 0 0 0 0 0 0 0 0 0 0 0 0 0 0 0 0 0 0 0 0 0 0 0 0 0 0 0 0 0 0 
0 0 0 0 0 0 0 0 0 0 0 0 0 0 0 0 0 0 0 0 0 0 0 0 0 0 0 0 0 0 0 0 0 0 0 0 0 0 0 0 0 0 0 0 0 0 0 0 0 0 0 0 0 0 0 0 0 0 0 0 0 0 0 0 0 0 0 0 0 0 0 0 0 0 0 0 0 0 0 0 0 0 0 0 0 0 0 0 0 0 
0 0 0 0 0 0 0 0 0 0 0 0 0 0 0 0 0 0 0 0 0 0 0 0 0 0 0 0 0 0 0 0 0 0 0 0 0 0 0 0 0 0 0 0 0 0 0 0 0 0 0 0 0 0 0 0 0 0 0 0 0 0 0 0 0 0 0 0 0 0 0 0 0 0 0 0 0 0 0 0 0 0 0 0 0 0 0 0 0 0 
0 0 0 0 0 0 0 0 0 0 0 0 0 0 0 0 0 0 0 0 0 0 0 0 0 0 0 0 0 0 0 0 0 0 0 0 0 0 0 0 0 0 0 0 0 0 0 0 0 0 0 0 0 0 0 0 0 0 0 0 0 0 0 0 0 0 0 0 0 0 0 0 0 0 0 0 0 0 0 0 0 0 0 0 0 0 0 0 0 0 
0 0 0 0 0 0 0 0 0 0 0 0 0 0 0 0 0 0 0 0 0 0 0 0 0 0 0 0 0 0 0 0 0 0 0 0 0 0 0 0 0 0 0 0 0 0 0 0 0 0 0 0 0 0 0 0 0 0 0 0 0 0 0 0 0 0 0 0 0 0 0 0 0 0 0 0 0 0 0 0 0 0 0 0 0 0 0 0 0 0 
0 0 0 0 0 0 0 0 0 0 0 0 0 0 0 0 0 0 0 0 0 0 0 0 0 0 0 0 0 0 0 0 0 0 0 0 0 0 0 0 0 0 0 0 0 0 0 0 0 0 0 0 0 0 0 0 0 0 0 0 0 0 0 0 0 0 0 0 0 0 0 0 0 0 0 0 0 0 0 0 0 0 0 0 0 0 0 0 0 0 
0 0 0 0 0 0 0 0 0 0 0 0 0 0 0 0 0 0 0 0 0 0 0 0 0 0 0 0 0 0 0 0 0 0 0 0 0 0 0 0 0 0 0 0 0 0 0 0 0 0 0 0 0 0 0 0 0 0 0 0 0 0 0 0 0 0 0 0 0 0 0 0 0 0 0 0 0 0 0 0 0 0 0 0 0 0 0 0 0 0 
0 0 0 0 0 0 0 0 0 0 0 0 0 0 0 0 0 0 0 0 0 0 0 0 0 0 0 0 0 0 0 0 0 0 0 0 0 0 0 0 0 0 0 0 0 0 0 0 0 0 0 0 0 0 0 0 0 0 0 0 0 0 0 0 0 0 0 0 0 0 0 0 0 0 0 0 0 0 0 0 0 0 0 0 0 0 0 0 0 0 
0 0 0 0 0 0 0 0 0 0 0 0 0 0 0 0 0 0 0 0 0 0 0 0 0 0 0 0 0 0 0 0 0 0 0 0 0 0 0 0 0 0 0 0 0 0 0 0 0 0 0 0 0 0 0 0 0 0 0 0 0 0 0 0 0 0 0 0 0 0 0 0 0 0 0 0 0 0 0 0 0 0 0 0 0 0 0 0 0 0 
0 0 0 0 0 0 0 0 0 0 0 0 0 0 0 0 0 0 0 0 0 0 0 0 0 0 0 0 0 0 0 0 0 0 0 0 0 0 0 0 0 0 0 0 0 0 0 0 0 0 0 0 0 0 0 0 0 0 0 0 0 0 0 0 0 0 0 0 0 0 0 0 0 0 0 0 0 0 0 0 0 0 0 0 0 0 0 0 0 0 
0 0 0 0 0 0 0 0 0 0 0 0 0 0 0 0 0 0 0 0 0 0 0 0 0 0 0 0 0 0 0 0 0 0 0 0 0 0 0 0 0 0 0 0 0 0 0 0 0 0 0 0 0 0 0 0 0 0 0 0 0 0 0 0 0 0 0 0 0 0 0 0 0 0 0 0 0 0 0 0 0 0 0 0 0 0 0 0 0 0 
0 0 0 0 0 0 0 0 0 0 0 0 0 0 0 0 0 0 0 0 0 0 0 0 0 0 0 0 0 0 0 0 0 0 0 0 0 0 0 0 0 0 0 0 0 0 0 0 0 0 0 0 0 0 0 0 0 0 0 0 0 0 0 0 0 0 0 0 0 0 0 0 0 0 0 0 0 0 0 0 0 0 0 0 0 0 0 0 0 0 
0 0 0 0 0 0 0 0 0 0 0 0 0 0 0 0 0 0 0 0 0 0 0 0 0 0 0 0 0 0 0 0 0 0 0 0 0 0 0 0 0 0 0 0 0 0 0 0 0 0 0 0 0 0 0 0 0 0 0 0 0 0 0 0 0 0 0 0 0 0 0 0 0 0 0 0 0 0 0 0 0 0 0 0 0 0 0 0 0 0 
0 0 0 0 0 0 0 0 0 0 0 0 0 0 0 0 0 0 0 0 0 0 0 0 0 0 0 0 0 0 0 0 0 0 0 0 0 0 0 0 0 0 0 0 0 0 0 0 0 0 0 0 0 0 0 0 0 0 0 0 0 0 0 0 0 0 0 0 0 0 0 0 0 0 0 0 0 0 0 0 0 0 0 0 0 0 0 0 0 0 
0 0 0 0 0 0 0 0 0 0 0 0 0 0 0 0 0 0 0 0 0 0 0 0 0 0 0 0 0 0 0 0 0 0 0 0 0 0 0 0 0 0 0 0 0 0 0 0 0 0 0 0 0 0 0 0 0 0 0 0 0 0 0 0 0 0 0 0 0 0 0 0 0 0 0 0 0 0 0 0 0 0 0 0 0 0 0 0 0 0 
0 0 0 0 0 0 0 0 0 0 0 0 0 0 0 0 0 0 0 0 0 0 0 0 0 0 0 0 0 0 0 0 0 0 0 0 0 0 0 0 0 0 0 0 0 0 0 0 0 0 0 0 0 0 0 0 0 0 0 0 0 0 0 0 0 0 0 0 0 0 0 0 0 0 0 0 0 0 0 0 0 0 0 0 0 0 0 0 0 0 
0 0 0 0 0 0 0 0 0 0 0 0 0 0 0 0 0 0 0 0 0 0 0 0 0 0 0 0 0 0 0 0 0 0 0 0 0 0 0 0 0 0 0 0 0 0 0 0 0 0 0 0 0 0 0 0 0 0 0 0 0 0 0 0 0 0 0 0 0 0 0 0 0 0 0 0 0 0 0 0 0 0 0 0 0 0 0 0 0 0 
0 0 0 0 0 0 0 0 0 0 0 0 0 0 0 0 0 0 0 0 0 0 0 0 0 0 0 0 0 0 0 0 0 0 0 0 0 0 0 0 0 0 0 0 0 0 0 0 0 0 0 0 0 0 0 0 0 0 0 0 0 0 0 0 0 0 0 0 0 0 0 0 0 0 0 0 0 0 0 0 0 0 0 0 0 0 0 0 0 0 
0 0 0 0 0 0 0 0 0 0 0 0 0 0 0 0 0 0 0 0 0 0 0 0 0 0 0 0 0 0 0 0 0 0 0 0 0 0 0 0 0 0 0 0 0 0 0 0 0 0 0 0 0 0 0 0 0 0 0 0 0 0 0 0 0 0 0 0 0 0 0 0 0 0 0 0 0 0 0 0 0 0 0 0 0 0 0 0 0 0 
0 0 0 0 0 0 0 0 0 0 0 0 0 0 0 0 0 0 0 0 0 0 0 0 0 0 0 0 0 0 0 0 0 0 0 0 0 0 0 0 0 0 0 0 0 0 0 0 0 0 0 0 0 0 0 0 0 0 0 0 0 0 0 0 0 0 0 0 0 0 0 0 0 0 0 0 0 0 0 0 0 0 0 0 0 0 0 0 0 0 
0 0 0 0 0 0 0 0 0 0 0 0 0 0 0 0 0 0 0 0 0 0 0 0 0 0 0 0 0 0 0 0 0 0 0 0 0 0 0 0 0 0 0 0 0 0 0 0 0 0 0 0 0 0 0 0 0 0 0 0 0 0 0 0 0 0 0 0 0 0 0 0 0 0 0 0 0 0 0 0 0 0 0 0 0 0 0 0 0 0 
0 0 0 0 0 0 0 0 0 0 0 0 0 0 0 0 0 0 0 0 0 0 0 0 0 0 0 0 0 0 0 0 0 0 0 0 0 0 0 0 0 0 0 0 0 0 0 0 0 0 0 0 0 0 0 0 0 0 0 0 0 0 0 0 0 0 0 0 0 0 0 0 0 0 0 0 0 0 0 0 0 0 0 0 0 0 0 0 0 0 
0 0 0 0 0 0 0 0 0 0 0 0 0 0 0 0 0 0 0 0 0 0 0 0 0 0 0 0 0 0 0 0 0 0 0 0 0 0 0 0 0 0 0 0 0 0 0 0 0 0 0 0 0 0 0 0 0 0 0 0 0 0 0 0 0 0 0 0 0 0 0 0 0 0 0 0 0 0 0 0 0 0 0 0 0 0 0 0 0 0 
0 0 0 0 0 0 0 0 0 0 0 0 0 0 0 0 0 0 0 0 0 0 0 0 0 0 0 0 0 0 0 0 0 0 0 0 0 0 0 0 0 0 0 0 0 0 0 0 0 0 0 0 0 0 0 0 0 0 0 0 0 0 0 0 0 0 0 0 0 0 0 0 0 0 0 0 0 0 0 0 0 0 0 0 0 0 0 0 0 0 
0 0 0 0 0 0 0 0 0 0 0 0 0 0 0 0 0 0 0 0 0 0 0 0 0 0 0 0 0 0 0 0 0 0 0 0 0 0 0 0 0 0 0 0 0 0 0 0 0 0 0 0 0 0 0 0 0 0 0 0 0 0 0 0 0 0 0 0 0 0 0 0 0 0 0 0 0 0 0 0 0 0 0 0 0 0 0 0 0 0 
0 0 0 0 0 0 0 0 0 0 0 0 0 0 0 0 0 0 0 0 0 0 0 0 0 0 0 0 0 0 0 0 0 0 0 0 0 0 0 0 0 0 0 0 0 0 0 0 0 0 0 0 0 0 0 0 0 0 0 0 0 0 0 0 0 0 0 0 0 0 0 0 0 0 0 0 0 0 0 0 0 0 0 0 0 0 0 0 0 0 
0 0 0 0 0 0 0 0 0 0 0 0 0 0 0 0 0 0 0 0 0 0 0 0 0 0 0 0 0 0 0 0 0 0 0 0 0 0 0 0 0 0 0 0 0 0 0 0 0 0 0 0 0 0 0 0 0 0 0 0 0 0 0 0 0 0 0 0 0 0 0 0 0 0 0 0 0 0 0 0 0 0 0 0 0 0 0 0 0 0 
0 0 0 0 0 0 0 0 0 0 0 0 0 0 0 0 0 0 0 0 0 0 0 0 0 0 0 0 0 0 0 0 0 0 0 0 0 0 0 0 0 0 0 0 0 0 0 0 0 0 0 0 0 0 0 0 0 0 0 0 0 0 0 0 0 0 0 0 0 0 0 0 0 0 0 0 0 0 0 0 0 0 0 0 0 0 0 0 0 0 
11.66401051 0 0 0 0 0 0 0 0 12.78046688 0 0 0 0 0 0 0 0 0 0 0 0 0 0 0 0 0 0 0 0 0 0 0 0 0 0 0 0 0 0 0 0 0 0 0 0 0 0 0 0 0 0 0 0 0 0 0 0 0 0 0 0 0 0 0 0 0 0 0 0 0 0 0 0 0 0 0 0 0 0 0 0 0 0 0 0 0 0 0 0 
0 0 0 0 0 0 0 0 0 0 0 0 0 0 0 0 0 0 0 0 0 0 0 0 0 0 0 0 0 0 0 0 0 0 0 0 0 0 0 0 0 0 0 0 0 0 0 0 0 0 0 0 0 0 0 0 0 0 0 0 0 0 0 0 0 0 0 0 0 0 0 0 0 0 0 0 0 0 0 0 0 0 0 0 0 0 0 0 0 0 
0 7.314544934 14.04925404 0 0 22.88642862 0 0 0 14.4293301 0 0 0 0 0 0 0 0 0 0 0 0 0 0 0 0 0 0 0 0 0 0 0 0 0 0 0 0 0 0 0 0 0 0 0 0 0 0 0 0 0 0 0 0 0 0 0 0 0 0 0 0 0 0 0 0 0 0 0 0 0 0 0 0 0 0 0 0 0 0 0 0 0 0 0 0 0 0 0 0 
0 0 33.66740372 14.82724229 14.17897575 0 0 0 0 0 10.5088597 0 0 0 0 0 0 0 0 0 0 0 0 0 0 0 0 0 0 0 0 0 0 0 0 0 0 0 0 0 0 0 0 0 0 0 0 0 0 0 0 0 0 0 0 0 0 0 0 0 0 0 0 0 0 0 0 0 0 0 0 0 0 0 0 0 0 0 0 0 0 0 0 0 0 0 0 0 0 0 
0 0 0 0 0 9.357390955 0 5.550318627 0 0 0 0 0 0 0 0 0 0 0 0 0 0 0 0 0 0 0 0 0 0 0 0 0 0 0 0 0 0 0 0 0 0 0 0 0 0 0 0 0 0 0 0 0 0 0 0 0 0 0 0 0 0 0 0 0 0 0 0 0 0 0 0 0 0 0 0 0 0 0 0 0 0 0 0 0 0 0 0 0 0 
40.77589612 14.03415436 14.15818314 9.153945083 0 0 11.90605247 0 14.36420967 14.10181795 0 0 0 0 0 0 0 0 0 0 0 0 0 10.32185406 0 0 0 0 0 0 0 0 0 0 0 0 0 0 0 0 0 0 0 0 0 0 0 0 0 0 0 0 0 0 0 0 0 0 0 0 0 0 0 0 0 0 0 0 0 0 0 0 0 0 0 0 0 0 0 0 0 0 0 0 0 0 0 0 0 0 
14.47852377 23.18931663 18.02711761 40.37599318 11.96532871 12.79766063 12.16530747 24.7600843 0 10.0005575 7.091864263 0 6.984711871 12.44519621 0 0 0 0 0 0 0 0 0 0 0 0 0 0 0 0 0 0 0 0 0 0 0 0 0 0 0 0 0 0 0 0 0 0 0 0 0 0 0 0 0 0 0 0 0 0 0 0 0 0 0 0 0 0 0 0 0 0 0 0 0 0 0 0 0 0 0 0 0 0 0 0 0 0 0 0 
8.95962191 9.197676168 17.80840631 0 11.93216724 11.47429695 0 37.2803213 8.837035774 8.829230858 12.63854723 0 23.40679361 0 0 0 0 0 0 0 12.63493346 0 12.06207026 13.46927004 0 0 0 0 0 0 0 0 0 0 0 0 0 0 0 0 0 0 0 0 0 0 0 0 0 0 0 0 0 0 0 0 0 0 0 0 0 0 0 0 0 0 0 0 0 0 0 0 0 0 0 0 0 0 0 0 0 0 0 0 0 0 0 0 0 0 
39.76589469 0 26.99459323 12.75857937 35.17118568 28.21510874 0 5.437409908 13.96689998 0 5.462369955 33.97328927 12.80367415 7.592535512 14.13201528 4.173954818 0 3.204642024 0 0 0 0 4.581939957 0 0 0 3.174032097 0 0 0 0 0 0 0 0 0 0 0 0 0 0 0 0 0 0 0 0 0 0 0 0 0 0 0 0 0 0 0 0 0 0 0 0 0 0 0 0 0 0 0 0 0 0 0 0 0 0 0 0 0 0 0 0 0 0 0 0 0 0 0 
62.76271439 11.36372618 28.27793662 0 0 10.84715786 17.71883412 13.02416738 29.22232922 17.81820995 0 0 0 0 19.65630004 24.37599577 13.26781571 0 11.59745081 10.82541344 14.65122193 14.90997669 0 11.18381115 0 0 0 0 0 0 0 0 0 0 0 0 0 0 0 0 0 0 0 0 0 0 0 0 0 0 0 0 0 0 0 0 0 0 0 0 0 0 0 0 0 0 0 0 0 0 0 0 0 0 0 0 0 0 0 0 0 0 0 0 0 0 0 0 0 0 
12.93065296 65.71039029 14.3997959 21.77044475 14.31168507 79.98010091 35.9711666 24.40242547 22.95928478 0 8.221112775 41.96345046 0 0 15.96604177 0 5.092883084 15.31580694 27.1837358 0 0 0 0 0 0 0 0 8.883783314 0 0 0 0 0 0 0 0 0 0 0 0 0 0 0 0 0 0 0 0 0 0 0 0 0 0 0 0 0 0 0 0 0 0 0 0 0 0 0 0 0 0 0 0 0 0 0 0 0 0 0 0 0 0 0 0 0 0 0 0 0 0 
0 24.15589829 13.27619179 24.63374479 35.2033631 27.27013084 64.30653982 7.636771491 14.29965322 12.3175887 25.15364716 14.34352865 38.67035029 26.5430296 40.87552297 0 14.3416099 14.59372394 0 7.584279368 0 10.31122409 11.21414363 0 0 0 0 0 0 0 0 0 0 0 0 0 0 0 0 12.44532393 0 0 0 0 0 0 0 0 0 0 0 0 0 0 0 0 0 0 0 0 0 0 0 0 0 0 0 0 0 0 0 0 0 0 0 0 0 0 0 0 0 0 0 0 0 0 0 0 0 0 
37.35758395 37.05193825 55.4396425 36.96652001 46.80390613 47.12332159 39.02372086 51.38768517 47.96392324 46.2584034 47.20211901 7.61600944 17.30503616 40.73053595 13.95061983 0 0 14.83136737 16.01388312 12.03004808 15.68294349 14.86347844 0 0 10.45972971 0 13.96849162 14.53315797 0 0 0 0 0 15.28224471 0 0 0 0 0 0 0 0 0 0 0 0 0 0 0 0 0 0 0 0 0 0 0 0 0 0 0 0 0 0 0 0 0 0 0 0 0 0 0 0 0 0 0 0 0 0 0 0 0 0 0 0 0 0 0 0 
68.65130094 50.70848832 74.50528059 94.51495685 52.09996464 59.59992019 39.75926009 12.86311642 41.64937399 29.85948499 12.3285966 0 13.02304095 27.1762376 30.34799876 25.40152741 41.17621339 13.61219969 0 27.31631225 14.19677751 15.19807067 43.86838492 0 0 5.884080335 0 0 0 0 0 0 0 0 0 0 0 0 0 16.62065127 0 0 0 0 0 0 0 0 0 0 0 0 0 0 0 0 0 0 0 0 0 0 0 0 0 0 0 0 0 0 0 0 0 0 0 0 0 0 0 0 0 0 0 0 0 0 0 0 0 0 
73.00938769 28.88179893 81.39255893 39.56713239 62.7913904 52.66205934 42.58058583 47.92992912 46.83957144 28.86614246 39.46292423 37.76585982 32.04823364 33.04348136 14.69083636 14.47448557 16.75584005 11.99075232 59.41948069 44.18406962 30.60178343 21.98074768 24.44229462 0 29.29222454 14.03580636 40.13163957 7.042395822 15.87761162 29.3947585 0 0 0 0 0 0 0 0 0 0 0 0 0 0 0 0 0 0 0 0 0 0 0 0 0 0 0 0 0 0 0 0 0 0 0 0 0 0 0 0 0 0 0 0 0 0 0 0 0 0 0 0 0 0 0 0 0 0 0 0 
47.59625908 12.41013464 101.1333031 51.22799634 38.03088035 38.72150119 71.4417092 76.44611797 12.7490873 26.77277001 29.59326193 50.40148306 55.33697971 42.44857657 26.05357645 44.64705112 24.19482036 4.642605358 0 0 28.21002275 0 0 0 14.30939627 0 12.83716609 28.36094444 0 0 0 0 0 0 0 0 0 8.348244399 13.76218706 0 0 0 0 0 0 0 0 0 0 0 0 0 0 0 0 0 0 0 0 0 0 0 0 0 0 0 0 0 0 0 0 0 0 0 0 0 0 0 0 0 0 0 0 0 0 0 0 0 0 0 
77.87705466 104.7734112 72.39802621 51.14578276 65.84804572 79.45884651 86.13635001 14.82248926 84.79427943 33.62736643 38.35890707 26.79193861 42.43208656 25.53411158 42.00533633 54.08267216 19.91418695 45.28626747 28.95506007 10.74979094 0 52.48350061 33.86617868 57.67530352 38.07791423 23.37171689 14.54529282 13.46636797 0 0 0 0 0 3.638270182 0 0 0 15.34570929 0 0 0 0 0 0 0 0 0 0 0 0 0 0 0 0 0 0 0 0 0 0 0 0 0 0 0 0 0 0 0 0 0 0 0 0 0 0 0 0 0 0 0 0 0 0 0 0 0 0 0 0 
58.60889978 108.7629343 31.99639781 44.89700368 122.3322882 46.08285756 46.58296703 18.29090903 56.05263686 89.36225801 72.22587864 10.11096025 66.09547807 55.12034247 53.07258396 36.02312268 26.50119738 9.262284802 15.1281254 15.27279453 53.10240955 21.15426212 48.6366434 11.43385863 0 11.45690601 0 9.836171945 15.65522116 0 15.45516407 0 0 16.51165248 0 6.455497274 0 0 0 0 0 0 0 0 0 0 0 0 0 0 0 0 0 0 0 0 0 0 0 0 0 0 0 0 0 0 0 0 0 0 0 0 0 0 0 0 0 0 0 0 0 0 0 0 0 0 0 0 0 0 
34.66480911 34.05257206 52.64796798 77.42293675 45.60258887 86.41914535 144.3272466 50.78079059 74.25184732 63.10292938 9.132429227 48.95557966 78.05686057 23.09456328 48.28614921 15.23904924 14.27590888 40.6196799 31.85117294 47.03410566 9.380701345 60.76778916 42.74623904 26.52191345 23.94539163 22.30313378 39.01247906 22.84200715 58.02853368 15.46264171 14.54813904 3.406614107 0 0 11.25670437 0 9.566994705 0 0 17.45099283 0 0 0 0 0 0 0 0 0 0 0 0 0 0 0 0 0 0 0 0 0 0 0 0 0 0 0 0 0 0 0 0 0 0 0 0 0 0 0 0 0 0 0 0 0 0 0 0 0 0 
74.09273544 101.8280538 90.35505383 88.70705125 111.9075548 71.04069099 86.70725501 66.95187829 80.12239346 45.17118009 86.49697738 40.84563131 29.99168923 20.59781326 36.36260611 67.93031466 76.62081315 31.62922221 41.77476062 42.57159972 60.75867591 40.48246919 16.74191414 39.55342589 53.20127294 33.13903835 30.44655967 38.05394144 47.94666509 15.83887699 30.15339756 53.36158953 39.66771346 10.25397655 1.807920304 0 0 0 0 0 0 0 0 0 0 0 0 0 0 0 0 0 0 0 0 0 0 0 0 0 0 0 0 0 0 0 0 0 0 0 0 0 0 0 0 0 0 0 0 0 0 0 0 0 0 0 0 0 0 0 
59.04834155 123.1710684 28.1364277 53.70015957 109.7551667 37.59963371 104.6491705 85.23806192 77.04817198 42.34699025 70.70629598 89.89980626 103.9246055 43.77591314 79.22064685 65.14259421 89.53736345 46.10313221 63.14017134 57.28282407 84.88928668 60.66084079 43.32180319 54.89767543 29.26899969 43.8636769 41.05403658 36.18060948 42.0588025 9.173479346 0 26.64583693 37.12418312 1.80659832 23.20251225 0 29.95911195 0 0 0 16.62244718 0 0 14.76808797 0 0 0 0 0 0 0 0 0 0 0 0 0 0 0 0 0 0 0 0 0 0 0 0 0 0 0 0 0 0 0 0 0 0 0 0 0 0 0 0 0 0 0 0 0 0 
83.68146956 47.51010924 113.4077603 140.2712409 120.2001533 170.5158302 77.08687651 52.02452103 88.43589716 99.83530013 82.45188574 37.66530369 86.26098993 81.01316187 62.69104247 101.1634602 73.02283998 81.94182091 90.55154337 101.8671331 34.87588466 34.41379898 82.65859127 19.41228816 37.63163195 26.36327702 12.43070266 37.21694187 15.74180125 45.0965869 40.18278122 26.91238192 9.645332297 14.50778166 0 47.42007405 31.27270945 27.27281468 19.99172493 0 25.20471843 0 14.57836752 0 16.72693527 11.01088612 0 0 15.19340984 0 0 0 0 0 0 0 0 0 0 0 0 0 0 0 0 0 0 0 0 0 0 0 0 0 0 0 0 0 0 0 0 0 0 0 0 0 0 0 0 0 
91.02321796 88.22267159 91.51924602 90.55778355 51.85624276 109.0531903 102.1441449 79.73963653 69.48596178 56.73189334 23.15990094 58.25849247 62.44548295 66.89491932 87.0720343 62.42151766 128.0003761 72.48349601 32.12441376 44.34587513 37.86904441 84.34517837 47.22812306 71.3517576 53.8116972 73.75344872 23.39391302 21.51912099 57.68459339 27.63868266 18.34548082 48.81864508 0 29.30307136 0 11.6126866 0 16.96553678 18.93785879 40.89856957 23.52125076 0 15.11395957 0 0 15.59633942 0 16.42687888 0 0 0 0 0 0 0 0 0 0 0 0 0 0 0 0 0 0 0 0 0 0 0 0 0 0 0 0 0 0 0 0 0 0 0 0 0 0 0 0 0 0 
69.72330448 66.94856541 54.78928627 64.31338093 116.0244786 64.78220002 91.6346904 105.5671586 143.885601 90.12750071 66.74955748 108.5426923 72.11270171 34.94430863 58.06977844 58.67771711 69.27156491 41.78772374 59.96517259 26.4364788 130.3778293 38.64429509 102.560961 40.38024477 23.23372703 56.2149299 61.53594426 96.09790361 74.80513319 10.41045995 26.52754797 14.45219477 16.64525205 26.20775904 30.41712518 55.9647727 46.10864793 16.89775896 10.19254813 40.05094663 0 16.49127259 13.22732111 0 0 0 0 10.35100827 10.51593579 14.53787974 0 0 0 12.67994185 0 0 0 0 0 0 0 0 0 0 0 0 0 0 0 0 0 0 0 0 0 0 0 0 0 0 0 0 0 0 0 0 0 0 0 0 
27.63500477 50.78498244 84.66303846 106.6737705 105.2791744 54.61685245 108.874104 57.51474752 56.66346741 62.83440687 57.76850378 68.78601666 123.957871 62.99182516 119.3346362 80.53115476 101.7648052 49.78908833 68.30770685 124.0246067 29.18147628 82.75750809 95.11379998 63.25255217 78.37805175 100.7380417 111.1338647 65.62405585 14.18821311 20.29128883 42.50408303 60.88147295 55.8437682 36.49968972 37.96444269 61.49565638 43.5586675 22.23671364 13.52396493 15.81425606 12.64121399 13.87576082 0 0 36.61828798 44.52087345 4.56329838 0 6.51168904 0 0 31.70411178 13.93340703 0 0 0 0 0 0 0 0 0 0 0 0 0 0 0 0 0 0 0 0 0 0 0 0 0 0 0 0 0 0 0 0 0 0 0 0 0 
77.53266029 95.86725885 63.98344924 106.050571 118.7342275 135.6105614 80.70685041 107.0534721 82.74135612 93.75167535 128.2874401 94.45500222 97.43765214 142.3964136 123.6306758 120.7740103 124.5692809 125.3858249 105.5091688 87.05911303 127.9092345 141.3513221 45.30453258 68.07400164 103.3438985 52.73675414 56.4770968 77.62596561 62.68324228 32.16496329 69.13921258 47.73603765 64.74044126 63.73232435 32.4034152 44.33800956 56.23690072 79.91565736 64.90135966 35.12804794 14.19429661 14.37035 0 25.76401439 13.12267716 31.4137217 0 32.67960841 0 0 33.67628658 8.82793597 0 0 0 0 0 0 0 0 0 0 0 0 0 0 0 0 0 0 0 0 0 0 0 0 0 0 0 0 0 0 0 0 0 0 0 0 0 0 
138.1797468 72.12515751 82.76643739 98.39115781 132.4189985 120.5821734 73.43191659 116.3376222 65.58175963 99.62760445 83.04150064 59.29668007 140.4788319 23.5811638 156.3520697 102.7704538 117.3941348 97.06266739 96.66067091 98.61802935 91.18913253 152.1339707 85.81005022 38.95547977 138.0290947 42.72881569 90.83625966 115.5588287 28.43570396 78.48800667 66.75677307 75.65340799 43.45218838 72.3896543 15.52874041 13.3875678 57.8998199 57.00162422 15.58076149 24.20888966 48.3515187 33.52269867 26.33108874 20.77350319 15.2256373 0 31.48741809 0 0 15.77903514 46.55350359 0 0 0 0 0 0 0 7.682842413 0 0 0 0 0 0 0 0 0 0 0 0 0 0 0 0 0 0 0 0 0 0 0 0 0 0 0 0 0 0 0 
84.39778621 57.37784382 117.7336178 80.67043374 74.08398256 58.1601151 98.50220359 57.91910638 70.17938589 79.00109446 99.73353346 124.1816698 81.43252326 88.63331897 107.166412 132.2373523 44.04378656 69.78614803 125.6628622 138.8760208 140.7213904 99.50723602 76.81103631 117.1215674 74.82033859 91.57954588 92.14205518 109.7634883 44.57971383 36.67110943 46.57993801 23.08675472 145.1345311 29.49695522 95.88694605 42.14242104 68.84254737 40.75571621 26.53844532 32.03235397 30.16474964 31.31883897 32.02121325 38.89665901 25.06107161 37.45268126 0 15.57124485 7.791844276 15.06338362 0 0 0 15.09046174 15.8937165 0 0 14.75371483 0 0 0 0 0 0 0 0 0 0 0 0 0 0 0 0 0 0 0 0 0 0 0 0 0 0 0 0 0 0 0 0 
58.85234213 110.213424 151.6033205 57.2858136 52.78361711 110.3130554 138.4418948 124.9402265 178.0887689 77.49343837 55.42855328 92.50114006 90.59496926 91.44786899 93.38726157 40.18490361 67.6738661 80.61897533 47.35447331 82.48986085 124.2444262 103.6608647 37.71169747 65.91590921 96.78690176 43.78342975 156.9713137 76.39624575 54.84601749 126.9520883 160.3579446 121.0979274 60.84927711 161.5826317 64.96618951 34.98662305 54.00040493 65.27700527 0 82.03066276 79.52753225 74.92438804 43.92686034 12.48550935 0 32.28916299 49.72939907 33.95163138 16.98546712 6.606417449 9.196349359 8.106356792 0 16.02131426 0 0 15.03553575 0 0 0 0 0 0 0 0 0 0 0 0 0 0 0 0 0 0 0 0 0 0 0 0 0 0 0 0 0 0 0 0 0 
105.0539701 67.34493691 62.72547666 44.88379649 89.52745785 36.54882197 97.50109126 74.47955011 118.6168618 90.72287088 133.723815 104.5106417 74.99714701 56.32811641 193.2030601 58.28663259 97.18622236 24.87290937 138.2184102 92.66364726 57.68144789 140.5648146 133.6245961 65.53410737 130.1834686 69.19606781 104.9937693 62.39159072 93.57774905 61.99916778 40.8531383 57.60543554 115.0831445 48.43652981 93.6924539 60.13642091 42.36570895 52.46219188 83.36911187 100.0273597 41.44347285 13.02913049 53.97097253 34.51473051 33.49718471 41.40116667 32.73510264 67.21399417 26.66665602 34.72000204 16.01504919 14.82869348 0 16.58492336 0 0 16.22171728 16.47351929 0 19.56517856 0 0 0 0 0 0 0 0 0 0 0 0 0 0 0 0 0 0 0 0 0 0 0 0 0 0 0 0 0 0 
30.78402071 106.2299505 80.45638848 43.33672024 119.7707092 27.60464314 92.65854587 47.94767001 51.53214653 93.77886912 45.642207 159.7131706 87.34037687 69.59837424 118.0834509 44.55624573 111.3902658 131.543917 151.3433641 59.85452789 118.6759524 197.3345567 130.9110106 85.9920836 82.32324309 73.15776845 139.1305444 68.23651749 60.83933907 49.9779629 81.51586936 63.3461815 114.8002501 67.76852849 36.11397835 74.88447688 64.65279253 51.73539377 41.99664481 85.99526009 62.513682 46.72304616 38.45612466 13.37516924 38.13178332 49.9475268 34.6546446 39.46629361 19.20397516 33.40665944 0 40.30149163 30.87647824 13.36392511 15.17918412 0 0 0 0 0 0 17.0956408 0 0 0 0 0 0 0 0 0 0 0 0 0 0 0 0 0 0 0 0 0 0 0 0 0 0 0 0 
92.56035904 85.90936366 109.5357905 98.00780067 43.73635788 34.86465358 66.15656665 131.0762164 124.7193991 116.2523586 116.7185814 101.8440841 63.16759883 79.53110983 51.5861229 57.59371718 62.60053921 133.6099422 177.3392309 109.8565975 106.4608307 77.34527786 100.3860991 73.29368995 141.6360604 50.52947652 169.3266862 77.6642425 162.6447233 134.5732859 76.73977345 99.83941802 78.89291308 94.58752008 15.98350993 62.37345005 60.98897582 77.93606002 83.16857241 51.78893237 60.31793809 34.61012905 37.55459084 32.45826774 29.86465651 27.42459609 26.82916705 42.26899728 17.24298914 0 28.52164153 6.552426235 25.94588021 0 12.39166404 13.65777239 0 32.19116499 0 13.86375191 15.54541106 0 0 16.20643217 0 0 0 0 0 0 0 0 0 0 0 0 0 0 0 0 0 0 0 0 0 0 0 0 0 0 
82.83279829 39.25034113 144.7973683 102.4715468 61.71995687 84.2756296 82.89553264 129.8151689 46.59824453 82.50926478 96.74085955 40.53710294 41.0606945 117.5829119 103.0934604 128.8162788 105.8813761 122.636873 89.43504786 105.9336478 84.59402876 60.49969394 87.10104071 76.93025281 69.24962479 93.25925252 121.3662822 74.97615978 95.10689189 119.5808619 165.5026994 111.5646079 43.11539198 20.65238525 55.47763905 88.40991189 68.75949364 93.62910429 60.70753045 68.38301313 60.81324873 84.31344178 90.73805048 48.58591771 44.99677317 64.14497037 26.64905273 42.84505772 62.76488948 11.57177115 29.69909851 46.56347975 14.30955186 40.3086107 14.64144213 15.52275405 30.79963057 15.09979024 14.25302713 34.04767229 17.12416465 0 0 24.11251071 0 0 0 0 0 0 0 0 0 0 0 0 0 0 0 0 0 0 0 0 0 0 0 0 0 0 
95.84949449 100.822643 69.63493159 47.83522664 41.10134717 100.9729982 58.05607964 124.0350241 158.9068274 47.89192692 60.81137853 108.4030637 81.67654824 95.18067003 116.199213 62.30928196 150.8125705 88.797524 115.3885999 76.0737878 70.34087578 115.018509 95.78745716 58.12505911 125.2806893 130.4099347 90.85474977 53.04300863 66.48451331 67.38887008 77.00708084 129.6119205 147.7788117 149.5430333 58.57459006 76.0968827 71.21769836 25.24677604 93.95080423 114.812462 72.06957208 117.6684151 100.7252168 11.5281357 101.1551372 41.62147773 66.70405904 31.28773105 41.8151578 70.69927699 28.6681859 57.47309272 12.46203475 24.41383355 10.95163587 47.18260188 40.64926398 17.82878364 27.4841256 0 0 0 0 30.80097112 0 0 0 0 0 13.06038926 0 13.56771324 2.755055516 0 0 0 0 0 0 0 0 0 0 0 0 0 0 0 0 0 
53.30201194 35.56565974 103.7166958 95.11440956 101.3115756 46.46042617 142.2764025 74.54076786 77.84559081 103.0570824 84.45983131 111.6608845 137.4017661 59.1906639 110.0522273 39.53561153 105.1242698 92.00734182 110.4395458 70.42964082 55.58574468 117.0535075 110.6882912 75.95012651 105.0197085 111.5747511 112.0736895 60.34337161 41.30920553 55.2544062 148.2969378 101.418811 111.2121861 121.4973496 68.76076322 156.5382787 116.0970518 28.22836033 101.4839303 106.6150056 155.291079 63.39803966 86.99389047 38.07921866 57.44819894 51.06257871 86.2471374 10.89509725 32.9376686 12.37141847 54.01428448 24.43229953 25.62052541 14.75285844 14.99006062 11.21944492 56.16866213 15.1931296 50.67682256 23.82095593 43.19167925 16.33162726 0 15.60676688 0 0 0 17.04430659 11.98721272 0 0 0 0 0 0 0 0 0 0 0 0 0 0 0 0 0 0 0 0 0 
57.21150998 103.1675253 84.19134378 28.79148352 47.44199438 21.54648128 17.67862984 47.18346544 62.07941406 74.34684025 89.15794469 66.64148088 111.347769 125.3052684 120.9451184 116.2594113 91.79317923 116.8625451 58.04938559 73.54431858 53.31002236 95.56707434 65.84536671 110.2527398 171.8468283 49.49166837 119.2696472 133.2583399 109.1554898 78.70596607 98.60210942 143.2417056 148.5616354 109.5060449 87.38740054 116.1912427 186.7009048 75.12381439 110.5844922 44.13857717 32.75444459 150.9591031 51.93483206 26.47294777 60.68862393 75.12385779 81.77858566 29.13280561 35.72212383 47.6637372 31.90631609 60.95685819 77.4364805 15.30577299 83.85622008 17.17631195 30.70672154 67.14961238 11.94557002 28.59837236 16.95348157 0 0 15.61996888 15.8595206 16.7883801 0 17.52605159 0 16.95251544 0 0 0 0 0 0 0 0 0 0 0 0 11.7275667 0 0 0 0 0 0 0 
84.4788537 53.91194614 55.38435597 26.95499497 16.40451764 117.5836053 134.0706532 24.71271253 105.0739757 62.27068243 59.53214588 25.60826637 78.19076859 33.0597788 112.4239497 86.88686727 46.66137854 115.5190591 75.52223932 79.36458524 103.4268426 125.3464578 119.4904962 146.5251514 81.16987956 161.2510412 46.19335909 96.5679361 77.98824438 144.6592126 84.09853975 159.1909934 29.79664753 106.305555 135.1573981 34.96351397 91.14239421 118.0459908 87.79188463 92.93826505 141.6134219 16.14941768 71.59892583 50.93202338 99.62948321 38.39427447 143.5476093 66.6598818 64.04507085 88.19317768 93.29204762 42.79332699 77.56865656 70.33598793 42.22115474 68.85463 20.5946153 28.18871958 0 59.87138788 10.28114938 0 73.85163268 31.44091036 15.52070667 14.44913375 14.89960173 25.87773584 0 15.47909801 0 0 0 0 0 0 0 0 0 0 0 0 0 0 0 0 0 0 0 0 
63.22957506 53.42686517 56.54152755 75.82229875 47.3371431 39.03756919 102.4532118 153.2993349 99.23522534 87.82476798 59.09757414 80.86859599 55.94871943 99.0908555 101.497595 66.33697102 95.46446704 82.14065645 125.6371078 98.89467461 82.88273419 73.03314522 87.97815894 142.0015694 86.03173897 96.27711352 146.3346987 67.20599053 133.4180141 102.0175776 94.75402921 83.4154385 36.47723917 65.30893914 73.97046099 69.74665305 50.73925487 49.3092879 81.15596694 185.7319157 100.8452598 119.4859742 44.97147352 66.97976122 94.50921267 51.31196606 27.24059727 17.09876527 128.0000158 49.30383851 74.54940496 105.2666067 78.85499748 31.10981074 25.9270216 56.05360605 45.69787671 52.67130601 27.20075529 0 40.47722689 48.75290657 0 12.94152285 0 32.92162524 0 0 0 0 0 0 0 17.57669297 0 0 0 0 0 0 0 0 0 0 0 0 0 0 0 0 
70.20139121 121.4228653 99.46687629 39.44744873 79.5123995 34.54397246 45.76419849 77.07957462 134.6114083 101.0738488 149.1521842 117.3624856 66.67582469 93.92976324 95.97147883 51.05254455 84.26402601 125.6440145 129.3812135 133.1511944 56.96366297 46.22516806 35.10942511 113.5568475 94.7167194 42.52837237 92.91094859 71.05787088 69.65712347 108.8995464 77.78530394 78.74241188 140.7518256 136.4610196 45.8295065 98.22155013 91.77080211 52.71876762 43.85200705 103.3562483 87.60923763 20.97767642 123.1657836 99.11896943 51.03095211 42.20840042 58.83301028 117.4700766 74.95550555 126.7865309 73.80898348 74.59867293 158.0097871 51.78328448 52.25251342 142.6608292 32.82647307 48.75037259 35.82499232 84.01681393 25.3057494 52.88541942 5.771527132 42.31702193 15.82861646 16.30910603 31.5365469 13.5994374 36.27158751 14.82494873 13.21344065 0 0 0 0 0 0.5447497432 0 0 0 0 0 0 14.01304634 0 0 0 0 0 0 
60.38218858 74.63241484 62.0090213 31.68622487 67.95231925 87.32708587 47.38675814 49.07848109 61.89259886 49.04745767 94.59699929 13.2733492 58.68766234 48.65264643 65.02886487 36.70111911 90.44320716 125.6842951 46.00560546 162.5989085 59.6231442 90.84753953 71.157493 65.56544603 64.73685602 83.14130861 88.03609416 151.9697129 108.4383 86.48303045 70.06367329 47.38738373 125.3086713 97.92408133 175.5498244 128.7078204 122.4657419 130.4186466 138.0382907 104.499453 85.52020838 98.40017878 117.9481511 53.8735104 78.96301307 61.94323199 61.8431815 96.30332979 64.23507567 91.61827061 87.67060175 26.61448417 63.7805262 96.54051216 95.79629731 116.4434396 38.14523649 57.89824609 0 38.08256566 17.46770117 45.13262443 13.35326987 29.15807804 14.69938821 18.99283098 13.51925155 0 0 0 0 0 0 11.85976952 0 18.70148513 0 0 0 0 0 0 0 0 0 0 0 0 0 0 
94.50588551 61.72679534 51.76340421 98.69702727 20.6906338 45.03322975 67.60331142 32.30490679 14.56106359 24.77328686 73.15080041 39.01589017 77.54417535 43.30497911 69.79852994 65.73004997 79.23373479 47.10138924 84.53057251 83.34790651 39.56026939 93.31390397 42.56256333 46.71969963 107.0216996 57.7174848 91.96144422 87.94868936 73.00787362 128.4596345 49.79500126 34.5918595 118.9172081 96.61410444 123.8893372 104.2188642 72.97267299 166.2254953 45.57934574 27.89863223 77.91308595 41.8290953 83.62530014 30.21054853 69.75645673 106.3783474 162.1768648 114.0194398 66.6705531 112.4165809 64.00132112 71.51590859 27.89499783 78.43040603 33.56467194 38.22888524 61.83280448 35.33985417 50.43767157 65.24560086 28.39392104 95.00635256 26.92023254 13.89619497 16.58633829 31.31945673 16.08130811 10.32965804 32.15309339 18.48460653 0 12.17201864 33.69756546 13.02197199 16.39475894 0 0 18.88233017 0 0 0 0 0 0 0 0 0 0 0 0 
# Errors [psd_monitor3/analyser3_psd.dat] I_err:
0 0 0 0 0 0 0 0 0 0 0 0 0 0 0 0 0 0 0 0 0 0 0 0 0 0 0 0 0 0 0 0 0 0 0 0 0 0 0 0 0 0 0 0 0 0 0 0 0 0 0 0 0 0 0 0 0 0 0 0 0 0 0 0 0 0 0 0 0 0 0 0 0 0 0 0 0 0 0 0 0 0 0 0 0 0 0 0 0 0 
0 0 0 0 0 0 0 0 0 0 0 0 0 0 0 0 0 0 0 0 0 0 0 0 0 0 0 0 0 0 0 0 0 0 0 0 0 0 0 0 0 0 0 0 0 0 0 0 0 0 0 0 0 0 0 0 0 0 0 0 0 0 0 0 0 0 0 0 0 0 0 0 0 0 0 0 0 0 0 0 0 0 0 0 0 0 0 0 0 0 
0 0 0 0 0 0 0 0 0 0 0 0 0 0 0 0 0 0 0 0 0 0 0 0 0 0 0 0 0 0 0 0 0 0 0 0 0 0 0 0 0 0 0 0 0 0 0 0 0 0 0 0 0 0 0 0 0 0 0 0 0 0 0 0 0 0 0 0 0 0 0 0 0 0 0 0 0 0 0 0 0 0 0 0 0 0 0 0 0 0 
0 0 0 0 0 0 0 0 0 0 0 0 0 0 0 0 0 0 0 0 0 0 0 0 0 0 0 0 0 0 0 0 0 0 0 0 0 0 0 0 0 0 0 0 0 0 0 0 0 0 0 0 0 0 0 0 0 0 0 0 0 0 0 0 0 0 0 0 0 0 0 0 0 0 0 0 0 0 0 0 0 0 0 0 0 0 0 0 0 0 
0 0 0 0 0 0 0 0 0 0 0 0 0 0 0 0 0 0 0 0 0 0 0 0 0 0 0 0 0 0 0 0 0 0 0 0 0 0 0 0 0 0 0 0 0 0 0 0 0 0 0 0 0 0 0 0 0 0 0 0 0 0 0 0 0 0 0 0 0 0 0 0 0 0 0 0 0 0 0 0 0 0 0 0 0 0 0 0 0 0 
0 0 0 0 0 0 0 0 0 0 0 0 0 0 0 0 0 0 0 0 0 0 0 0 0 0 0 0 0 0 0 0 0 0 0 0 0 0 0 0 0 0 0 0 0 0 0 0 0 0 0 0 0 0 0 0 0 0 0 0 0 0 0 0 0 0 0 0 0 0 0 0 0 0 0 0 0 0 0 0 0 0 0 0 0 0 0 0 0 0 
0 0 0 0 0 0 0 0 0 0 0 0 0 0 0 0 0 0 0 0 0 0 0 0 0 0 0 0 0 0 0 0 0 0 0 0 0 0 0 0 0 0 0 0 0 0 0 0 0 0 0 0 0 0 0 0 0 0 0 0 0 0 0 0 0 0 0 0 0 0 0 0 0 0 0 0 0 0 0 0 0 0 0 0 0 0 0 0 0 0 
0 0 0 0 0 0 0 0 0 0 0 0 0 0 0 0 0 0 0 0 0 0 0 0 0 0 0 0 0 0 0 0 0 0 0 0 0 0 0 0 0 0 0 0 0 0 0 0 0 0 0 0 0 0 0 0 0 0 0 0 0 0 0 0 0 0 0 0 0 0 0 0 0 0 0 0 0 0 0 0 0 0 0 0 0 0 0 0 0 0 
0 0 0 0 0 0 0 0 0 0 0 0 0 0 0 0 0 0 0 0 0 0 0 0 0 0 0 0 0 0 0 0 0 0 0 0 0 0 0 0 0 0 0 0 0 0 0 0 0 0 0 0 0 0 0 0 0 0 0 0 0 0 0 0 0 0 0 0 0 0 0 0 0 0 0 0 0 0 0 0 0 0 0 0 0 0 0 0 0 0 
0 0 0 0 0 0 0 0 0 0 0 0 0 0 0 0 0 0 0 0 0 0 0 0 0 0 0 0 0 0 0 0 0 0 0 0 0 0 0 0 0 0 0 0 0 0 0 0 0 0 0 0 0 0 0 0 0 0 0 0 0 0 0 0 0 0 0 0 0 0 0 0 0 0 0 0 0 0 0 0 0 0 0 0 0 0 0 0 0 0 
0 0 0 0 0 0 0 0 0 0 0 0 0 0 0 0 0 0 0 0 0 0 0 0 0 0 0 0 0 0 0 0 0 0 0 0 0 0 0 0 0 0 0 0 0 0 0 0 0 0 0 0 0 0 0 0 0 0 0 0 0 0 0 0 0 0 0 0 0 0 0 0 0 0 0 0 0 0 0 0 0 0 0 0 0 0 0 0 0 0 
0 0 0 0 0 0 0 0 0 0 0 0 0 0 0 0 0 0 0 0 0 0 0 0 0 0 0 0 0 0 0 0 0 0 0 0 0 0 0 0 0 0 0 0 0 0 0 0 0 0 0 0 0 0 0 0 0 0 0 0 0 0 0 0 0 0 0 0 0 0 0 0 0 0 0 0 0 0 0 0 0 0 0 0 0 0 0 0 0 0 
0 0 0 0 0 0 0 0 0 0 0 0 0 0 0 0 0 0 0 0 0 0 0 0 0 0 0 0 0 0 0 0 0 0 0 0 0 0 0 0 0 0 0 0 0 0 0 0 0 0 0 0 0 0 0 0 0 0 0 0 0 0 0 0 0 0 0 0 0 0 0 0 0 0 0 0 0 0 0 0 0 0 0 0 0 0 0 0 0 0 
0 0 0 0 0 0 0 0 0 0 0 0 0 0 0 0 0 0 0 0 0 0 0 0 0 0 0 0 0 0 0 0 0 0 0 0 0 0 0 0 0 0 0 0 0 0 0 0 0 0 0 0 0 0 0 0 0 0 0 0 0 0 0 0 0 0 0 0 0 0 0 0 0 0 0 0 0 0 0 0 0 0 0 0 0 0 0 0 0 0 
0 0 0 0 0 0 0 0 0 0 0 0 0 0 0 0 0 0 0 0 0 0 0 0 0 0 0 0 0 0 0 0 0 0 0 0 0 0 0 0 0 0 0 0 0 0 0 0 0 0 0 0 0 0 0 0 0 0 0 0 0 0 0 0 0 0 0 0 0 0 0 0 0 0 0 0 0 0 0 0 0 0 0 0 0 0 0 0 0 0 
0 0 0 0 0 0 0 0 0 0 0 0 0 0 0 0 0 0 0 0 0 0 0 0 0 0 0 0 0 0 0 0 0 0 0 0 0 0 0 0 0 0 0 0 0 0 0 0 0 0 0 0 0 0 0 0 0 0 0 0 0 0 0 0 0 0 0 0 0 0 0 0 0 0 0 0 0 0 0 0 0 0 0 0 0 0 0 0 0 0 
0 0 0 0 0 0 0 0 0 0 0 0 0 0 0 0 0 0 0 0 0 0 0 0 0 0 0 0 0 0 0 0 0 0 0 0 0 0 0 0 0 0 0 0 0 0 0 0 0 0 0 0 0 0 0 0 0 0 0 0 0 0 0 0 0 0 0 0 0 0 0 0 0 0 0 0 0 0 0 0 0 0 0 0 0 0 0 0 0 0 
0 0 0 0 0 0 0 0 0 0 0 0 0 0 0 0 0 0 0 0 0 0 0 0 0 0 0 0 0 0 0 0 0 0 0 0 0 0 0 0 0 0 0 0 0 0 0 0 0 0 0 0 0 0 0 0 0 0 0 0 0 0 0 0 0 0 0 0 0 0 0 0 0 0 0 0 0 0 0 0 0 0 0 0 0 0 0 0 0 0 
0 0 0 0 0 0 0 0 0 0 0 0 0 0 0 0 0 0 0 0 0 0 0 0 0 0 0 0 0 0 0 0 0 0 0 0 0 0 0 0 0 0 0 0 0 0 0 0 0 0 0 0 0 0 0 0 0 0 0 0 0 0 0 0 0 0 0 0 0 0 0 0 0 0 0 0 0 0 0 0 0 0 0 0 0 0 0 0 0 0 
0 0 0 0 0 0 0 0 0 0 0 0 0 0 0 0 0 0 0 0 0 0 0 0 0 0 0 0 0 0 0 0 0 0 0 0 0 0 0 0 0 0 0 0 0 0 0 0 0 0 0 0 0 0 0 0 0 0 0 0 0 0 0 0 0 0 0 0 0 0 0 0 0 0 0 0 0 0 0 0 0 0 0 0 0 0 0 0 0 0 
0 0 0 0 0 0 0 0 0 0 0 0 0 0 0 0 0 0 0 0 0 0 0 0 0 0 0 0 0 0 0 0 0 0 0 0 0 0 0 0 0 0 0 0 0 0 0 0 0 0 0 0 0 0 0 0 0 0 0 0 0 0 0 0 0 0 0 0 0 0 0 0 0 0 0 0 0 0 0 0 0 0 0 0 0 0 0 0 0 0 
0 0 0 0 0 0 0 0 0 0 0 0 0 0 0 0 0 0 0 0 0 0 0 0 0 0 0 0 0 0 0 0 0 0 0 0 0 0 0 0 0 0 0 0 0 0 0 0 0 0 0 0 0 0 0 0 0 0 0 0 0 0 0 0 0 0 0 0 0 0 0 0 0 0 0 0 0 0 0 0 0 0 0 0 0 0 0 0 0 0 
0 0 0 0 0 0 0 0 0 0 0 0 0 0 0 0 0 0 0 0 0 0 0 0 0 0 0 0 0 0 0 0 0 0 0 0 0 0 0 0 0 0 0 0 0 0 0 0 0 0 0 0 0 0 0 0 0 0 0 0 0 0 0 0 0 0 0 0 0 0 0 0 0 0 0 0 0 0 0 0 0 0 0 0 0 0 0 0 0 0 
0 0 0 0 0 0 0 0 0 0 0 0 0 0 0 0 0 0 0 0 0 0 0 0 0 0 0 0 0 0 0 0 0 0 0 0 0 0 0 0 0 0 0 0 0 0 0 0 0 0 0 0 0 0 0 0 0 0 0 0 0 0 0 0 0 0 0 0 0 0 0 0 0 0 0 0 0 0 0 0 0 0 0 0 0 0 0 0 0 0 
0 0 0 0 0 0 0 0 0 0 0 0 0 0 0 0 0 0 0 0 0 0 0 0 0 0 0 0 0 0 0 0 0 0 0 0 0 0 0 0 0 0 0 0 0 0 0 0 0 0 0 0 0 0 0 0 0 0 0 0 0 0 0 0 0 0 0 0 0 0 0 0 0 0 0 0 0 0 0 0 0 0 0 0 0 0 0 0 0 0 
0 0 0 0 0 0 0 0 0 0 0 0 0 0 0 0 0 0 0 0 0 0 0 0 0 0 0 0 0 0 0 0 0 0 0 0 0 0 0 0 0 0 0 0 0 0 0 0 0 0 0 0 0 0 0 0 0 0 0 0 0 0 0 0 0 0 0 0 0 0 0 0 0 0 0 0 0 0 0 0 0 0 0 0 0 0 0 0 0 0 
0 0 0 0 0 0 0 0 0 0 0 0 0 0 0 0 0 0 0 0 0 0 0 0 0 0 0 0 0 0 0 0 0 0 0 0 0 0 0 0 0 0 0 0 0 0 0 0 0 0 0 0 0 0 0 0 0 0 0 0 0 0 0 0 0 0 0 0 0 0 0 0 0 0 0 0 0 0 0 0 0 0 0 0 0 0 0 0 0 0 
0 0 0 0 0 0 0 0 0 0 0 0 0 0 0 0 0 0 0 0 0 0 0 0 0 0 0 0 0 0 0 0 0 0 0 0 0 0 0 0 0 0 0 0 0 0 0 0 0 0 0 0 0 0 0 0 0 0 0 0 0 0 0 0 0 0 0 0 0 0 0 0 0 0 0 0 0 0 0 0 0 0 0 0 0 0 0 0 0 0 
0 0 0 0 0 0 0 0 0 0 0 0 0 0 0 0 0 0 0 0 0 0 0 0 0 0 0 0 0 0 0 0 0 0 0 0 0 0 0 0 0 0 0 0 0 0 0 0 0 0 0 0 0 0 0 0 0 0 0 0 0 0 0 0 0 0 0 0 0 0 0 0 0 0 0 0 0 0 0 0 0 0 0 0 0 0 0 0 0 0 
0 0 0 0 0 0 0 0 0 0 0 0 0 0 0 0 0 0 0 0 0 0 0 0 0 0 0 0 0 0 0 0 0 0 0 0 0 0 0 0 0 0 0 0 0 0 0 0 0 0 0 0 0 0 0 0 0 0 0 0 0 0 0 0 0 0 0 0 0 0 0 0 0 0 0 0 0 0 0 0 0 0 0 0 0 0 0 0 0 0 
0 0 0 0 0 0 0 0 0 0 0 0 0 0 0 0 0 0 0 0 0 0 0 0 0 0 0 0 0 0 0 0 0 0 0 0 0 0 0 0 0 0 0 0 0 0 0 0 0 0 0 0 0 0 0 0 0 0 0 0 0 0 0 0 0 0 0 0 0 0 0 0 0 0 0 0 0 0 0 0 0 0 0 0 0 0 0 0 0 0 
0 0 0 0 0 0 0 0 0 0 0 0 0 0 0 0 0 0 0 0 0 0 0 0 0 0 0 0 0 0 0 0 0 0 0 0 0 0 0 0 0 0 0 0 0 0 0 0 0 0 0 0 0 0 0 0 0 0 0 0 0 0 0 0 0 0 0 0 0 0 0 0 0 0 0 0 0 0 0 0 0 0 0 0 0 0 0 0 0 0 
0 0 0 0 0 0 0 0 0 0 0 0 0 0 0 0 0 0 0 0 0 0 0 0 0 0 0 0 0 0 0 0 0 0 0 0 0 0 0 0 0 0 0 0 0 0 0 0 0 0 0 0 0 0 0 0 0 0 0 0 0 0 0 0 0 0 0 0 0 0 0 0 0 0 0 0 0 0 0 0 0 0 0 0 0 0 0 0 0 0 
0 0 0 0 0 0 0 0 0 0 0 0 0 0 0 0 0 0 0 0 0 0 0 0 0 0 0 0 0 0 0 0 0 0 0 0 0 0 0 0 0 0 0 0 0 0 0 0 0 0 0 0 0 0 0 0 0 0 0 0 0 0 0 0 0 0 0 0 0 0 0 0 0 0 0 0 0 0 0 0 0 0 0 0 0 0 0 0 0 0 
0 0 0 0 0 0 0 0 0 0 0 0 0 0 0 0 0 0 0 0 0 0 0 0 0 0 0 0 0 0 0 0 0 0 0 0 0 0 0 0 0 0 0 0 0 0 0 0 0 0 0 0 0 0 0 0 0 0 0 0 0 0 0 0 0 0 0 0 0 0 0 0 0 0 0 0 0 0 0 0 0 0 0 0 0 0 0 0 0 0 
0 0 0 0 0 0 0 0 0 0 0 0 0 0 0 0 0 0 0 0 0 0 0 0 0 0 0 0 0 0 0 0 0 0 0 0 0 0 0 0 0 0 0 0 0 0 0 0 0 0 0 0 0 0 0 0 0 0 0 0 0 0 0 0 0 0 0 0 0 0 0 0 0 0 0 0 0 0 0 0 0 0 0 0 0 0 0 0 0 0 
0 0 0 0 0 0 0 0 0 0 0 0 0 0 0 0 0 0 0 0 0 0 0 0 0 0 0 0 0 0 0 0 0 0 0 0 0 0 0 0 0 0 0 0 0 0 0 0 0 0 0 0 0 0 0 0 0 0 0 0 0 0 0 0 0 0 0 0 0 0 0 0 0 0 0 0 0 0 0 0 0 0 0 0 0 0 0 0 0 0 
0 0 0 0 0 0 0 0 0 0 0 0 0 0 0 0 0 0 0 0 0 0 0 0 0 0 0 0 0 0 0 0 0 0 0 0 0 0 0 0 0 0 0 0 0 0 0 0 0 0 0 0 0 0 0 0 0 0 0 0 0 0 0 0 0 0 0 0 0 0 0 0 0 0 0 0 0 0 0 0 0 0 0 0 0 0 0 0 0 0 
0 0 0 0 0 0 0 0 0 0 0 0 0 0 0 0 0 0 0 0 0 0 0 0 0 0 0 0 0 0 0 0 0 0 0 0 0 0 0 0 0 0 0 0 0 0 0 0 0 0 0 0 0 0 0 0 0 0 0 0 0 0 0 0 0 0 0 0 0 0 0 0 0 0 0 0 0 0 0 0 0 0 0 0 0 0 0 0 0 0 
0 0 0 0 0 0 0 0 0 0 0 0 0 0 0 0 0 0 0 0 0 0 0 0 0 0 0 0 0 0 0 0 0 0 0 0 0 0 0 0 0 0 0 0 0 0 0 0 0 0 0 0 0 0 0 0 0 0 0 0 0 0 0 0 0 0 0 0 0 0 0 0 0 0 0 0 0 0 0 0 0 0 0 0 0 0 0 0 0 0 
0 0 0 0 0 0 0 0 0 0 0 0 0 0 0 0 0 0 0 0 0 0 0 0 0 0 0 0 0 0 0 0 0 0 0 0 0 0 0 0 0 0 0 0 0 0 0 0 0 0 0 0 0 0 0 0 0 0 0 0 0 0 0 0 0 0 0 0 0 0 0 0 0 0 0 0 0 0 0 0 0 0 0 0 0 0 0 0 0 0 
0 0 0 0 0 0 0 0 0 0 0 0 0 0 0 0 0 0 0 0 0 0 0 0 0 0 0 0 0 0 0 0 0 0 0 0 0 0 0 0 0 0 0 0 0 0 0 0 0 0 0 0 0 0 0 0 0 0 0 0 0 0 0 0 0 0 0 0 0 0 0 0 0 0 0 0 0 0 0 0 0 0 0 0 0 0 0 0 0 0 
0 0 0 0 0 0 0 0 0 0 0 0 0 0 0 0 0 0 0 0 0 0 0 0 0 0 0 0 0 0 0 0 0 0 0 0 0 0 0 0 0 0 0 0 0 0 0 0 0 0 0 0 0 0 0 0 0 0 0 0 0 0 0 0 0 0 0 0 0 0 0 0 0 0 0 0 0 0 0 0 0 0 0 0 0 0 0 0 0 0 
0 0 0 0 0 0 0 0 0 0 0 0 0 0 0 0 0 0 0 0 0 0 0 0 0 0 0 0 0 0 0 0 0 0 0 0 0 0 0 0 0 0 0 0 0 0 0 0 0 0 0 0 0 0 0 0 0 0 0 0 0 0 0 0 0 0 0 0 0 0 0 0 0 0 0 0 0 0 0 0 0 0 0 0 0 0 0 0 0 0 
0 0 0 0 0 0 0 0 0 0 0 0 0 0 0 0 0 0 0 0 0 0 0 0 0 0 0 0 0 0 0 0 0 0 0 0 0 0 0 0 0 0 0 0 0 0 0 0 0 0 0 0 0 0 0 0 0 0 0 0 0 0 0 0 0 0 0 0 0 0 0 0 0 0 0 0 0 0 0 0 0 0 0 0 0 0 0 0 0 0 
0 0 0 0 0 0 0 0 0 0 0 0 0 0 0 0 0 0 0 0 0 0 0 0 0 0 0 0 0 0 0 0 0 0 0 0 0 0 0 0 0 0 0 0 0 0 0 0 0 0 0 0 0 0 0 0 0 0 0 0 0 0 0 0 0 0 0 0 0 0 0 0 0 0 0 0 0 0 0 0 0 0 0 0 0 0 0 0 0 0 
0 0 0 0 0 0 0 0 0 0 0 0 0 0 0 0 0 0 0 0 0 0 0 0 0 0 0 0 0 0 0 0 0 0 0 0 0 0 0 0 0 0 0 0 0 0 0 0 0 0 0 0 0 0 0 0 0 0 0 0 0 0 0 0 0 0 0 0 0 0 0 0 0 0 0 0 0 0 0 0 0 0 0 0 0 0 0 0 0 0 
0 0 0 0 0 0 0 0 0 0 0 0 0 0 0 0 0 0 0 0 0 0 0 0 0 0 0 0 0 0 0 0 0 0 0 0 0 0 0 0 0 0 0 0 0 0 0 0 0 0 0 0 0 0 0 0 0 0 0 0 0 0 0 0 0 0 0 0 0 0 0 0 0 0 0 0 0 0 0 0 0 0 0 0 0 0 0 0 0 0 
0 0 0 0 0 0 0 0 0 0 0 0 0 0 0 0 0 0 0 0 0 0 0 0 0 0 0 0 0 0 0 0 0 0 0 0 0 0 0 0 0 0 0 0 0 0 0 0 0 0 0 0 0 0 0 0 0 0 0 0 0 0 0 0 0 0 0 0 0 0 0 0 0 0 0 0 0 0 0 0 0 0 0 0 0 0 0 0 0 0 
11.66401051 0 0 0 0 0 0 0 0 12.78046688 0 0 0 0 0 0 0 0 0 0 0 0 0 0 0 0 0 0 0 0 0 0 0 0 0 0 0 0 0 0 0 0 0 0 0 0 0 0 0 0 0 0 0 0 0 0 0 0 0 0 0 0 0 0 0 0 0 0 0 0 0 0 0 0 0 0 0 0 0 0 0 0 0 0 0 0 0 0 0 0 
0 0 0 0 0 0 0 0 0 0 0 0 0 0 0 0 0 0 0 0 0 0 0 0 0 0 0 0 0 0 0 0 0 0 0 0 0 0 0 0 0 0 0 0 0 0 0 0 0 0 0 0 0 0 0 0 0 0 0 0 0 0 0 0 0 0 0 0 0 0 0 0 0 0 0 0 0 0 0 0 0 0 0 0 0 0 0 0 0 0 
0 7.314544934 14.04925404 0 0 16.31177542 0 0 0 14.4293301 0 0 0 0 0 0 0 0 0 0 0 0 0 0 0 0 0 0 0 0 0 0 0 0 0 0 0 0 0 0 0 0 0 0 0 0 0 0 0 0 0 0 0 0 0 0 0 0 0 0 0 0 0 0 0 0 0 0 0 0 0 0 0 0 0 0 0 0 0 0 0 0 0 0 0 0 0 0 0 0 
0 0 20.61134221 14.82724229 14.17897575 0 0 0 0 0 10.5088597 0 0 0 0 0 0 0 0 0 0 0 0 0 0 0 0 0 0 0 0 0 0 0 0 0 0 0 0 0 0 0 0 0 0 0 0 0 0 0 0 0 0 0 0 0 0 0 0 0 0 0 0 0 0 0 0 0 0 0 0 0 0 0 0 0 0 0 0 0 0 0 0 0 0 0 0 0 0 0 
0 0 0 0 0 9.357390955 0 5.550318627 0 0 0 0 0 0 0 0 0 0 0 0 0 0 0 0 0 0 0 0 0 0 0 0 0 0 0 0 0 0 0 0 0 0 0 0 0 0 0 0 0 0 0 0 0 0 0 0 0 0 0 0 0 0 0 0 0 0 0 0 0 0 0 0 0 0 0 0 0 0 0 0 0 0 0 0 0 0 0 0 0 0 
22.11943575 14.03415436 14.15818314 9.153945083 0 0 11.90605247 0 14.36420967 14.10181795 0 0 0 0 0 0 0 0 0 0 0 0 0 10.32185406 0 0 0 0 0 0 0 0 0 0 0 0 0 0 0 0 0 0 0 0 0 0 0 0 0 0 0 0 0 0 0 0 0 0 0 0 0 0 0 0 0 0 0 0 0 0 0 0 0 0 0 0 0 0 0 0 0 0 0 0 0 0 0 0 0 0 
14.47852377 16.7800716 16.77637528 23.39138652 11.96532871 9.049681449 12.16530747 17.51205755 0 10.0005575 7.091864263 0 6.984711871 12.44519621 0 0 0 0 0 0 0 0 0 0 0 0 0 0 0 0 0 0 0 0 0 0 0 0 0 0 0 0 0 0 0 0 0 0 0 0 0 0 0 0 0 0 0 0 0 0 0 0 0 0 0 0 0 0 0 0 0 0 0 0 0 0 0 0 0 0 0 0 0 0 0 0 0 0 0 0 
8.95962191 9.197676168 13.84632231 0 11.93216724 11.47429695 0 22.04206993 8.837035774 8.829230858 12.63854723 0 17.60214177 0 0 0 0 0 0 0 12.63493346 0 12.06207026 13.46927004 0 0 0 0 0 0 0 0 0 0 0 0 0 0 0 0 0 0 0 0 0 0 0 0 0 0 0 0 0 0 0 0 0 0 0 0 0 0 0 0 0 0 0 0 0 0 0 0 0 0 0 0 0 0 0 0 0 0 0 0 0 0 0 0 0 0 
19.04242118 0 19.09391403 12.75857937 20.86790285 20.00663253 0 5.437409908 13.96689998 0 5.462369955 20.33948049 12.80367415 7.592535512 14.13201528 4.173954818 0 3.204642024 0 0 0 0 4.581939957 0 0 0 3.174032097 0 0 0 0 0 0 0 0 0 0 0 0 0 0 0 0 0 0 0 0 0 0 0 0 0 0 0 0 0 0 0 0 0 0 0 0 0 0 0 0 0 0 0 0 0 0 0 0 0 0 0 0 0 0 0 0 0 0 0 0 0 0 0 
28.2071753 11.36372618 20.02378021 0 0 10.84715786 13.05405706 10.65962781 17.45013725 15.21602404 0 0 0 0 14.70623819 17.94948845 13.26781571 0 11.59745081 10.82541344 14.65122193 14.90997669 0 11.18381115 0 0 0 0 0 0 0 0 0 0 0 0 0 0 0 0 0 0 0 0 0 0 0 0 0 0 0 0 0 0 0 0 0 0 0 0 0 0 0 0 0 0 0 0 0 0 0 0 0 0 0 0 0 0 0 0 0 0 0 0 0 0 0 0 0 0 
12.93065296 28.21379291 13.3664777 16.00094313 14.31168507 33.15838423 19.29278875 17.36551972 17.00813842 0 8.221112775 24.31793249 0 0 15.96604177 0 5.092883084 15.31580694 19.22841185 0 0 0 0 0 0 0 0 8.883783314 0 0 0 0 0 0 0 0 0 0 0 0 0 0 0 0 0 0 0 0 0 0 0 0 0 0 0 0 0 0 0 0 0 0 0 0 0 0 0 0 0 0 0 0 0 0 0 0 0 0 0 0 0 0 0 0 0 0 0 0 0 0 
0 14.61131285 13.27619179 15.77431508 20.48937769 19.37082037 27.15584115 7.636771491 14.29965322 12.3175887 17.78885296 14.34352865 22.43046804 15.37626406 22.51538216 0 14.3416099 14.59372394 0 7.584279368 0 10.31122409 11.21414363 0 0 0 0 0 0 0 0 0 0 0 0 0 0 0 0 12.44532393 0 0 0 0 0 0 0 0 0 0 0 0 0 0 0 0 0 0 0 0 0 0 0 0 0 0 0 0 0 0 0 0 0 0 0 0 0 0 0 0 0 0 0 0 0 0 0 0 0 0 
20.55072201 21.40674044 26.88677518 20.28915815 23.65825658 23.77632092 22.78803241 25.89764629 24.60939728 26.71348938 25.32421354 7.61600944 18.78407829 23.61110164 13.95061983 0 0 14.83136737 16.01388312 12.03004808 15.68294349 14.86347844 0 0 10.45972971 0 13.96849162 14.53315797 0 0 0 0 0 15.28224471 0 0 0 0 0 0 0 0 0 0 0 0 0 0 0 0 0 0 0 0 0 0 0 0 0 0 0 0 0 0 0 0 0 0 0 0 0 0 0 0 0 0 0 0 0 0 0 0 0 0 0 0 0 0 0 0 
28.58738113 25.51350206 29.88865864 33.67076415 24.98136957 28.09344942 23.03653428 12.86311642 23.35531894 18.40032539 12.3285966 0 9.540785845 18.96899238 21.45930485 18.16281927 23.93953828 13.61219969 0 19.38490434 14.19677751 15.19807067 25.43823082 0 0 5.884080335 0 0 0 0 0 0 0 0 0 0 0 0 0 16.62065127 0 0 0 0 0 0 0 0 0 0 0 0 0 0 0 0 0 0 0 0 0 0 0 0 0 0 0 0 0 0 0 0 0 0 0 0 0 0 0 0 0 0 0 0 0 0 0 0 0 0 
28.53213366 18.35540209 32.32696514 23.17446275 28.18209531 24.93870797 24.76183737 22.83051242 24.71796171 17.29439774 22.91847482 22.13986272 18.79196868 20.0731567 14.69083636 14.47448557 13.16654235 11.99075232 27.05832098 25.52592783 21.69816278 15.67768013 17.41471688 0 20.71320598 14.03580636 23.17856223 7.042395822 15.87761162 20.95949593 0 0 0 0 0 0 0 0 0 0 0 0 0 0 0 0 0 0 0 0 0 0 0 0 0 0 0 0 0 0 0 0 0 0 0 0 0 0 0 0 0 0 0 0 0 0 0 0 0 0 0 0 0 0 0 0 0 0 0 0 
23.86755354 12.41013464 35.39386416 24.7340866 22.05927646 20.85932013 30.93627672 30.26183807 12.7490873 19.51366413 20.9989647 25.79437536 25.3292644 23.02885225 18.43392561 25.81806463 16.90616164 4.642605358 0 0 19.95963716 0 0 0 14.30939627 0 12.83716609 20.34739021 0 0 0 0 0 0 0 0 0 8.348244399 13.76218706 0 0 0 0 0 0 0 0 0 0 0 0 0 0 0 0 0 0 0 0 0 0 0 0 0 0 0 0 0 0 0 0 0 0 0 0 0 0 0 0 0 0 0 0 0 0 0 0 0 0 0 
31.87607559 36.99079692 31.50685977 22.45865306 29.84618481 32.07880367 34.02379213 14.82248926 34.78150259 21.06410451 22.28786177 19.65069386 22.40085834 18.48298668 24.52703314 24.40036934 14.64249786 23.50451004 20.7062013 10.74979094 0 26.42403239 21.96864771 28.9581052 21.87639315 16.95563041 14.54529282 13.46636797 0 0 0 0 0 3.638270182 0 0 0 15.34570929 0 0 0 0 0 0 0 0 0 0 0 0 0 0 0 0 0 0 0 0 0 0 0 0 0 0 0 0 0 0 0 0 0 0 0 0 0 0 0 0 0 0 0 0 0 0 0 0 0 0 0 0 
26.78090443 36.94111435 19.47631669 23.3511669 39.19511096 23.5730507 21.57919681 13.18243873 25.8994249 33.83489568 32.3823904 10.11096025 26.38009846 28.23510306 26.98340173 21.12012876 18.88952299 9.262284802 15.1281254 15.27279453 24.89754152 15.9895134 25.11961683 11.43385863 0 11.45690601 0 9.836171945 15.65522116 0 15.45516407 0 0 16.51165248 0 6.455497274 0 0 0 0 0 0 0 0 0 0 0 0 0 0 0 0 0 0 0 0 0 0 0 0 0 0 0 0 0 0 0 0 0 0 0 0 0 0 0 0 0 0 0 0 0 0 0 0 0 0 0 0 0 0 
20.52941878 20.97570253 23.93187676 31.86521763 22.96989868 34.44984099 41.17584317 25.42304422 33.44470975 28.87117704 9.132429227 25.57977988 30.73754117 16.55322008 24.68295251 11.28108971 14.27590888 23.47018137 19.84820473 24.32601022 9.380701345 27.77129107 22.40211219 19.39407061 16.9347365 15.80852866 22.70508446 16.19978807 29.44517233 15.46264171 11.79990726 3.406614107 0 0 11.25670437 0 9.566994705 0 0 17.45099283 0 0 0 0 0 0 0 0 0 0 0 0 0 0 0 0 0 0 0 0 0 0 0 0 0 0 0 0 0 0 0 0 0 0 0 0 0 0 0 0 0 0 0 0 0 0 0 0 0 0 
30.02928653 33.76563819 33.71249009 34.44967496 35.9717631 30.28356513 34.55796053 30.12127588 32.84248547 23.40327965 34.02562817 21.13589592 18.34736995 15.02758771 21.65908294 30.71192483 31.68081833 20.50332593 23.90644339 24.60373044 27.58302399 23.67497361 12.04932908 20.78615828 24.497778 19.9712169 21.66557472 22.09165303 24.22828083 15.83887699 21.32692645 27.43045154 24.42619119 10.25397655 1.807920304 0 0 0 0 0 0 0 0 0 0 0 0 0 0 0 0 0 0 0 0 0 0 0 0 0 0 0 0 0 0 0 0 0 0 0 0 0 0 0 0 0 0 0 0 0 0 0 0 0 0 0 0 0 0 0 
26.84014084 39.97849594 19.98144799 23.71774338 36.5660147 21.77968691 36.32366012 33.43987817 29.15896041 24.46633164 31.76141504 34.30193805 35.47320322 25.44435645 32.86245904 29.45373737 34.8224723 23.22917376 28.58384066 28.72200913 33.31618186 28.89023529 25.01198697 28.11789582 17.49195953 23.70900066 20.9127475 21.48129326 24.51467804 9.173479346 0 18.92643398 21.51111361 1.80659832 19.38221225 0 21.45687781 0 0 0 16.62244718 0 0 14.76808797 0 0 0 0 0 0 0 0 0 0 0 0 0 0 0 0 0 0 0 0 0 0 0 0 0 0 0 0 0 0 0 0 0 0 0 0 0 0 0 0 0 0 0 0 0 0 
33.42188085 23.90514145 37.11296399 42.30334768 39.23577047 48.33310373 29.50011418 25.02835757 33.93418016 36.13004539 34.30509526 21.67132875 33.7438372 29.86885144 27.81924378 36.76084045 29.16892748 33.7036887 35.44417938 36.92699709 20.64896181 21.58304309 32.67444592 18.06734219 23.43283939 19.2304378 12.43070266 21.36418696 15.74180125 26.35900532 24.23471329 19.43609032 9.645332297 14.50778166 0 27.55205119 22.29149478 19.52650949 14.16780175 0 18.07391396 0 14.57836752 0 11.83430473 11.01088612 0 0 15.19340984 0 0 0 0 0 0 0 0 0 0 0 0 0 0 0 0 0 0 0 0 0 0 0 0 0 0 0 0 0 0 0 0 0 0 0 0 0 0 0 0 0 
32.8622772 34.55406979 32.58008489 33.77345639 24.14770385 38.58668987 36.7133625 32.11979779 29.41500831 28.71379245 15.42074919 26.66611189 28.42996656 28.40533683 31.04628697 28.32482881 41.52642368 32.13692128 16.82985294 25.72399597 22.56717413 32.4161823 24.8287454 30.01430744 26.97910078 33.45355329 18.88560401 15.29470913 26.65710892 19.54416228 13.65885381 25.72397516 0 21.03760781 0 11.6126866 0 16.96553678 14.89256481 24.15312384 18.00928095 0 15.11395957 0 0 15.59633942 0 16.42687888 0 0 0 0 0 0 0 0 0 0 0 0 0 0 0 0 0 0 0 0 0 0 0 0 0 0 0 0 0 0 0 0 0 0 0 0 0 0 0 0 0 0 
29.02797819 28.89641771 25.03317873 28.53201354 37.34627438 29.11755185 33.50984131 38.01544036 44.41013021 31.9994864 29.57085385 37.75885346 28.78212288 21.87832844 26.72552713 26.90427255 30.26427248 24.31094172 29.51039459 18.69678214 43.81427972 23.3395 38.55345747 24.16305624 14.94392123 25.69758902 30.80483748 35.82908731 32.34495356 10.41045995 19.69237232 10.28878289 16.64525205 19.10295276 21.62765073 28.35179873 26.79107055 16.89775896 10.19254813 24.39579722 0 16.49127259 13.22732111 0 0 0 0 10.35100827 10.51593579 14.53787974 0 0 0 12.67994185 0 0 0 0 0 0 0 0 0 0 0 0 0 0 0 0 0 0 0 0 0 0 0 0 0 0 0 0 0 0 0 0 0 0 0 0 
17.89447464 26.4708887 30.78899326 38.17031504 35.74819321 25.14295859 36.73149846 27.0143823 26.91559751 28.02638727 26.519967 32.34732932 41.76158324 25.14955578 40.1215437 32.90481952 34.77359879 24.74365446 29.27564479 42.18527134 20.6692032 34.12235703 36.37901689 29.63489302 35.1923233 38.35368486 40.7271715 29.94243044 14.18821311 14.55681196 24.62395403 30.72330205 28.48411804 22.22930258 20.58228569 29.45840465 25.24120034 16.19402512 13.52396493 15.81425606 12.64121399 13.87576082 0 0 21.73707682 23.3492819 4.56329838 0 6.51168904 0 0 22.57160273 13.93340703 0 0 0 0 0 0 0 0 0 0 0 0 0 0 0 0 0 0 0 0 0 0 0 0 0 0 0 0 0 0 0 0 0 0 0 0 0 
31.10979585 38.02704124 29.02265622 38.34412843 40.19976643 43.44790669 31.49777999 37.24946385 32.69775796 35.93348635 40.35807251 36.18869938 36.38775651 44.09475404 42.19419798 40.04927721 39.57749284 40.00652727 38.3148751 35.89754472 41.22841979 44.35228539 26.23430889 29.23715596 37.25972837 27.64957784 28.29147517 32.66745812 29.14242375 22.74748621 31.27221901 26.0418966 30.52169897 29.07884298 22.91557978 25.5992843 28.85808786 33.88922602 29.51485568 22.89804757 14.19429661 14.37035 0 18.55977041 13.12267716 22.05416896 0 23.10933622 0 0 23.83054919 8.82793597 0 0 0 0 0 0 0 0 0 0 0 0 0 0 0 0 0 0 0 0 0 0 0 0 0 0 0 0 0 0 0 0 0 0 0 0 0 0 
41.74302363 32.34354227 34.02014007 34.97622899 41.79997287 40.64407375 30.50998108 39.80017661 29.84799471 35.78735481 34.16691044 29.14314599 43.43096509 17.66325854 46.73320776 36.43435607 39.38062322 35.59896525 36.08182775 37.30598267 34.84834031 44.86357386 34.78497884 19.22570632 41.88521059 24.82236821 35.95174336 39.47207518 17.08205413 33.75867482 30.46602883 33.8879178 22.04070581 32.39059543 15.52874041 13.3875678 29.64217262 28.9681973 15.58076149 18.53837368 28.03230177 23.71047155 19.09846776 17.75741668 15.2256373 0 22.38184909 0 0 15.77903514 26.90477769 0 0 0 0 0 0 0 7.682842413 0 0 0 0 0 0 0 0 0 0 0 0 0 0 0 0 0 0 0 0 0 0 0 0 0 0 0 0 0 0 0 
32.65247848 28.85003072 40.84033207 33.18406404 30.42830269 27.11715604 36.67294121 28.66041974 30.0361447 32.3509615 37.09198813 40.5576418 34.03509414 34.01581552 36.58410081 42.56276966 26.15207027 32.05109111 39.5553859 43.18906519 43.28173186 38.19891638 31.90218119 40.89614249 30.56471053 35.37849171 35.85120163 37.65441941 23.64770199 21.64711568 26.90101991 16.82988622 46.48671367 18.64438026 39.27603304 24.78016207 30.35335616 20.18499964 19.2303099 22.65032791 21.39463179 22.15353158 22.88522573 22.60847919 18.43396119 20.73024827 0 15.57124485 7.791844276 15.06338362 0 0 0 15.09046174 15.8937165 0 0 14.75371483 0 0 0 0 0 0 0 0 0 0 0 0 0 0 0 0 0 0 0 0 0 0 0 0 0 0 0 0 0 0 0 0 
25.86072928 39.37039676 46.26538137 27.61171358 25.84633388 40.38764265 42.27337037 41.53568058 48.6687227 32.45653431 25.61097297 33.67396994 32.35879457 35.19478619 34.5423845 22.98776315 32.14341117 33.24679693 26.32893762 32.80085123 41.87590299 36.96821088 22.65018288 28.16732572 35.52025783 23.33125173 45.4524056 31.51314014 25.25887872 41.38584701 47.21609781 39.20082007 30.55731902 47.96342483 29.34492819 21.06891019 27.82711957 29.98728265 0 34.47122043 33.34947517 32.41610597 25.5317427 12.48550935 0 22.83231569 25.7032943 24.00744297 16.98546712 6.606417449 9.196349359 8.106356792 0 16.02131426 0 0 15.03553575 0 0 0 0 0 0 0 0 0 0 0 0 0 0 0 0 0 0 0 0 0 0 0 0 0 0 0 0 0 0 0 0 0 
37.88553989 28.93100707 28.550664 26.27924435 33.36726147 20.89192132 36.57421315 31.43780531 38.68537483 34.70457555 42.90677279 36.2961578 31.48688633 28.41015592 49.77089381 29.18176146 38.38785647 17.61288947 44.33624602 36.7903149 28.60926805 42.38879173 42.15067255 28.29988752 39.61202702 31.61086705 39.07015124 28.99223092 38.16095773 28.3605304 22.52255505 26.79275496 40.93962971 25.77877214 36.82799881 27.79088948 24.59014677 26.4940329 32.56967349 36.61933218 21.91977245 13.02913049 24.69512883 21.52390649 23.69877749 23.9573182 20.05053889 30.30159766 19.19823866 23.20156767 16.01504919 14.82869348 0 16.58492336 0 0 16.22171728 16.47351929 0 15.56723675 0 0 0 0 0 0 0 0 0 0 0 0 0 0 0 0 0 0 0 0 0 0 0 0 0 0 0 0 0 0 
21.77788579 39.65807576 31.87846126 23.2110125 40.17679463 16.66988227 36.33434147 22.05022015 27.60409157 33.95166463 22.97229606 46.11771867 34.2315944 31.55437412 41.96932852 24.58867728 39.52979682 42.04546467 45.41644773 30.17697465 41.38267764 51.67291977 41.50238456 31.56947968 33.98521325 33.41418485 44.35993076 30.71358381 27.7183714 25.26936354 33.53277103 28.78467246 40.16107694 33.03337354 20.96287184 31.72828394 31.83704792 24.72739368 23.29363436 35.45931997 28.21079593 26.99374867 23.07649052 13.37516924 23.99867287 26.32192677 21.74704856 23.80800664 14.92800829 20.43561148 0 23.61136246 18.92350657 13.36392511 15.17918412 0 0 0 0 0 0 17.0956408 0 0 0 0 0 0 0 0 0 0 0 0 0 0 0 0 0 0 0 0 0 0 0 0 0 0 0 0 
38.09399572 33.28823009 39.31112191 38.47747978 25.35233476 20.71844225 29.79998334 42.47835482 40.6968672 41.38085373 38.12255653 38.89477931 27.71473104 32.74872549 24.46763183 26.5882402 29.33965922 43.14856031 48.83698595 39.28593493 37.48604269 31.39261544 33.7447667 30.27407579 42.74451531 25.72076728 48.16407714 32.04338915 46.8554909 42.06977833 32.00128663 36.61122937 35.38274793 36.22471601 15.98350993 29.99756547 27.6778427 33.29163108 34.07673071 24.72205282 28.99463618 21.24899756 22.0992232 22.98996269 21.16048888 17.25357991 19.00354196 22.16548022 17.24298914 0 20.16827114 6.552426235 18.6662794 0 12.39166404 13.65777239 0 22.80647325 0 13.86375191 15.54541106 0 0 16.20643217 0 0 0 0 0 0 0 0 0 0 0 0 0 0 0 0 0 0 0 0 0 0 0 0 0 0 
35.08682728 23.25235685 46.84979027 37.64351043 30.88574848 32.78805384 32.50800722 43.30106936 24.50815263 33.78858236 37.30178409 23.93879029 24.22661706 40.51653848 37.7548963 43.23032588 39.0264255 40.73153406 36.78084913 40.62607381 33.53944648 28.67625608 34.48266119 32.31478176 27.99304895 37.2966495 41.92947574 31.31741284 38.97431292 39.42354836 47.15021708 39.90422689 24.24531198 16.51999804 28.3774053 36.26806127 31.27849472 38.00369018 27.24031528 31.62188872 28.36665206 33.75973488 35.22983947 24.7266812 26.16926867 29.55844108 16.35354905 24.80524262 31.46361954 11.57177115 19.46243396 27.04502154 14.30955186 23.98784932 14.64144213 15.52275405 21.79260344 15.09979024 14.25302713 24.10797105 17.12416465 0 0 17.05012452 0 0 0 0 0 0 0 0 0 0 0 0 0 0 0 0 0 0 0 0 0 0 0 0 0 0 
35.07563515 37.09976549 34.91974885 24.74741801 22.96023468 38.63206866 29.17090175 41.11802723 48.72372245 24.87890441 28.74506297 38.34871027 32.31406012 36.33835211 39.66855602 27.74583148 46.04184991 32.52119802 37.06908866 31.57768442 29.30514971 37.30242381 38.19059295 27.76685523 40.22874225 44.32621165 37.16486408 27.00972785 29.45272373 31.45557709 31.95196001 44.07429936 47.40978624 46.3538031 29.46803981 32.77163107 33.00618042 18.01769296 36.58679541 39.6720367 30.45503766 41.8784007 34.75661141 11.5281357 39.68863713 23.58272456 32.95327105 18.65568964 22.81817657 31.53728896 20.28611053 29.86080291 12.46203475 19.52727821 10.95163587 24.40354195 26.00653947 17.82878364 20.2555057 0 0 0 0 21.93383426 0 0 0 0 0 13.06038926 0 13.56771324 2.755055516 0 0 0 0 0 0 0 0 0 0 0 0 0 0 0 0 0 
28.48479473 21.86758889 39.7399624 36.92351206 37.61789963 26.93287342 47.94590794 34.45847549 34.82863822 37.13214187 32.71158546 39.21293517 44.8399974 26.55311861 38.09403791 23.27460081 37.82607818 35.96078915 40.12367745 29.56831378 27.71757681 41.33860248 37.83358491 32.61229913 38.34140835 38.68145718 42.47222647 27.56781153 23.85611387 27.83060018 44.15507497 38.68193532 40.5131158 39.96786515 30.9294723 45.18360494 40.0117409 16.74152729 38.83407608 39.23891641 47.48607547 29.99908598 34.27178141 22.27172132 28.81738602 29.48202329 36.08090704 10.89509725 23.30862825 12.37141847 27.95313104 16.435979 20.17246943 14.75285844 14.99006062 11.21944492 29.31861158 10.96614788 25.94638771 18.12867429 25.16911927 16.33162726 0 15.60676688 0 0 0 17.04430659 11.98721272 0 0 0 0 0 0 0 0 0 0 0 0 0 0 0 0 0 0 0 0 0 
29.42251247 38.18774856 34.97877524 20.2063991 24.50032819 17.37785032 13.63599411 27.47142587 29.15939307 30.53851318 34.72292573 30.03359167 39.37544228 40.92798184 42.82674204 41.71249273 38.10446227 41.61607844 27.39946352 33.69138223 27.84431799 37.20112774 30.10123211 39.95084996 48.59590194 25.93660196 42.64705658 43.01327909 37.59227048 31.40494188 35.58244754 42.6307231 46.69961473 39.66643935 33.79749789 41.09099259 51.42384886 32.11786981 39.22241 25.55591764 23.35561773 47.25955782 26.32577932 18.72008602 30.45366844 30.62233514 32.74454426 21.35420831 19.63379137 25.78826537 22.56514892 30.49610367 35.3551977 15.30577299 35.68081854 12.574721 22.13803888 30.65477816 11.94557002 20.61419541 16.95348157 0 0 15.61996888 15.8595206 16.7883801 0 17.52605159 0 16.95251544 0 0 0 0 0 0 0 0 0 0 0 0 11.7275667 0 0 0 0 0 0 0 
37.78409433 28.42272466 28.82595657 20.34701427 16.40451764 41.19761753 45.8491812 17.52825991 38.51688603 27.0614791 31.31875021 18.78340424 32.91444112 23.73828932 39.46941774 35.00271457 23.97974226 41.67403662 34.19798361 32.54677748 39.812188 44.80463512 41.34112051 47.92723357 33.70560728 50.40561954 21.35231139 37.1979579 31.58065233 45.61740316 35.20345907 48.56554256 17.65359973 37.74066274 45.23414974 21.78499684 33.61365913 41.29252316 34.60844339 35.87946364 45.45164215 16.77903502 29.92149415 27.80133707 38.54415126 23.51213725 46.06671058 30.27381613 30.43173009 35.62983838 36.08380459 24.85410466 34.8683105 32.12133882 25.25630536 29.76667268 14.74318366 19.95049077 0 30.25849975 10.28114938 0 35.70489076 22.27422874 15.52070667 14.44913375 14.89960173 18.64662715 0 15.47909801 0 0 0 0 0 0 0 0 0 0 0 0 0 0 0 0 0 0 0 0 
30.0452129 26.86120081 27.25780239 34.53644709 25.81454716 24.80140461 39.07097376 46.01244734 37.9275835 37.12409906 29.46350231 36.17570198 29.36301008 39.6891353 36.19484829 30.67951378 36.68042054 35.7977098 40.11937104 38.38152397 34.88930746 32.84563932 34.06798336 44.1327535 33.84579678 37.29214253 45.41614114 31.90030039 45.07920683 37.77702183 36.49375459 34.33141214 18.46030851 29.93188076 30.77204606 31.6189295 24.06974714 25.30250233 33.78643817 52.69419915 38.58869093 43.24796606 22.61681617 30.51066797 36.65507294 24.13250874 17.14954906 17.09876527 43.55866429 28.71061217 32.25351446 35.60953072 33.05349324 22.00408735 21.7749453 29.50631506 23.06249727 28.24834069 19.36585158 0 24.06052168 28.26567316 0 12.94152285 0 20.38351916 0 0 0 0 0 0 0 17.57669297 0 0 0 0 0 0 0 0 0 0 0 0 0 0 0 0 
31.83710542 43.21354781 38.64833618 20.84820713 36.20100896 24.44062875 25.82886788 35.06316926 46.17530982 38.77044144 45.69206779 40.97575308 29.44669499 34.05517748 36.901816 25.97284484 35.0924507 42.43891472 44.24799303 45.53531315 28.77640854 26.95441518 20.83715448 41.06743388 37.07496787 23.59249625 38.32807711 32.01118859 27.98264077 38.76367073 34.2296155 32.45817971 46.01373858 45.91051468 27.3629309 37.5043551 36.3948399 24.40811536 25.34332646 39.64008964 34.73787094 16.50101712 42.20842283 35.8158524 26.13784246 21.3084839 30.30465626 41.88444887 34.25304179 45.83541887 31.37936102 33.42225493 49.19865378 29.95854402 28.44799693 47.30996565 23.25737378 25.70657484 21.89608632 34.55986685 19.78582625 30.534251 5.771527132 24.61795396 15.82861646 16.30910603 22.40368836 13.5994374 25.66203689 14.82494873 13.21344065 0 0 0 0 0 0.5447497432 0 0 0 0 0 0 14.01304634 0 0 0 0 0 0 
28.61694297 34.54819564 29.21719993 20.52407962 32.22168729 34.71147981 27.36022942 25.13977862 31.15835241 28.50059118 36.80568968 13.2733492 29.48268484 28.1328322 30.42137317 21.93986217 37.25151269 45.02629677 25.23290951 50.07437032 29.98540206 38.10657794 31.54023801 28.28662284 32.6292405 33.274398 34.16907135 45.61667499 41.33217347 34.61254197 32.17277144 24.26316809 44.73315204 35.50587375 46.32637829 43.41993071 43.43008117 44.04882555 43.50569041 38.21334269 35.89394909 37.92659551 42.23708157 28.85231103 32.83382431 31.11590766 29.17454294 36.50435181 30.69975175 37.54859763 36.22215162 19.98776964 31.92740143 37.59047906 39.67664872 42.32364817 23.47673571 29.38682959 0 22.32122675 17.46770117 24.91266893 13.35326987 20.69026065 14.69938821 15.86171999 13.51925155 0 0 0 0 0 0 11.85976952 0 18.70148513 0 0 0 0 0 0 0 0 0 0 0 0 0 0 
36.84185927 31.07993041 26.78798758 37.68905631 20.24335674 24.74396847 31.30799587 20.64210745 8.513071061 19.07863026 33.41896436 22.90384961 33.53005332 25.17366762 30.60294087 30.23075246 33.0947149 24.7196531 35.2162185 34.25678604 24.13394527 35.77341169 26.45147703 27.29182201 41.41823218 29.43178926 36.75584009 36.34250787 33.32430589 43.95463693 28.78241452 20.1552689 41.43254145 37.23607998 42.91212169 38.56600678 33.16367332 51.41630167 22.64165599 17.08581774 35.17665602 24.5653847 35.02645151 15.74783926 32.21624367 40.51407167 51.01557102 38.24753854 31.18449565 40.38415693 32.15389367 33.12480241 21.06255602 33.53321295 19.75070312 22.2193537 31.6344018 21.73954812 26.24833619 32.91540517 21.49457703 37.53095648 19.48096442 13.89619497 16.58633829 22.32767 16.08130811 10.32965804 22.76863088 15.54103946 0 12.17201864 23.85624895 13.02197199 16.39475894 0 0 18.88233017 0 0 0 0 0 0 0 0 0 0 0 0 
# Events [psd_monitor3/analyser3_psd.dat] N:
0 0 0 0 0 0 0 0 0 0 0 0 0 0 0 0 0 0 0 0 0 0 0 0 0 0 0 0 0 0 0 0 0 0 0 0 0 0 0 0 0 0 0 0 0 0 0 0 0 0 0 0 0 0 0 0 0 0 0 0 0 0 0 0 0 0 0 0 0 0 0 0 0 0 0 0 0 0 0 0 0 0 0 0 0 0 0 0 0 0 
0 0 0 0 0 0 0 0 0 0 0 0 0 0 0 0 0 0 0 0 0 0 0 0 0 0 0 0 0 0 0 0 0 0 0 0 0 0 0 0 0 0 0 0 0 0 0 0 0 0 0 0 0 0 0 0 0 0 0 0 0 0 0 0 0 0 0 0 0 0 0 0 0 0 0 0 0 0 0 0 0 0 0 0 0 0 0 0 0 0 
0 0 0 0 0 0 0 0 0 0 0 0 0 0 0 0 0 0 0 0 0 0 0 0 0 0 0 0 0 0 0 0 0 0 0 0 0 0 0 0 0 0 0 0 0 0 0 0 0 0 0 0 0 0 0 0 0 0 0 0 0 0 0 0 0 0 0 0 0 0 0 0 0 0 0 0 0 0 0 0 0 0 0 0 0 0 0 0 0 0 
0 0 0 0 0 0 0 0 0 0 0 0 0 0 0 0 0 0 0 0 0 0 0 0 0 0 0 0 0 0 0 0 0 0 0 0 0 0 0 0 0 0 0 0 0 0 0 0 0 0 0 0 0 0 0 0 0 0 0 0 0 0 0 0 0 0 0 0 0 0 0 0 0 0 0 0 0 0 0 0 0 0 0 0 0 0 0 0 0 0 
0 0 0 0 0 0 0 0 0 0 0 0 0 0 0 0 0 0 0 0 0 0 0 0 0 0 0 0 0 0 0 0 0 0 0 0 0 0 0 0 0 0 0 0 0 0 0 0 0 0 0 0 0 0 0 0 0 0 0 0 0 0 0 0 0 0 0 0 0 0 0 0 0 0 0 0 0 0 0 0 0 0 0 0 0 0 0 0 0 0 
0 0 0 0 0 0 0 0 0 0 0 0 0 0 0 0 0 0 0 0 0 0 0 0 0 0 0 0 0 0 0 0 0 0 0 0 0 0 0 0 0 0 0 0 0 0 0 0 0 0 0 0 0 0 0 0 0 0 0 0 0 0 0 0 0 0 0 0 0 0 0 0 0 0 0 0 0 0 0 0 0 0 0 0 0 0 0 0 0 0 
0 0 0 0 0 0 0 0 0 0 0 0 0 0 0 0 0 0 0 0 0 0 0 0 0 0 0 0 0 0 0 0 0 0 0 0 0 0 0 0 0 0 0 0 0 0 0 0 0 0 0 0 0 0 0 0 0 0 0 0 0 0 0 0 0 0 0 0 0 0 0 0 0 0 0 0 0 0 0 0 0 0 0 0 0 0 0 0 0 0 
0 0 0 0 0 0 0 0 0 0 0 0 0 0 0 0 0 0 0 0 0 0 0 0 0 0 0 0 0 0 0 0 0 0 0 0 0 0 0 0 0 0 0 0 0 0 0 0 0 0 0 0 0 0 0 0 0 0 0 0 0 0 0 0 0 0 0 0 0 0 0 0 0 0 0 0 0 0 0 0 0 0 0 0 0 0 0 0 0 0 
0 0 0 0 0 0 0 0 0 0 0 0 0 0 0 0 0 0 0 0 0 0 0 0 0 0 0 0 0 0 0 0 0 0 0 0 0 0 0 0 0 0 0 0 0 0 0 0 0 0 0 0 0 0 0 0 0 0 0 0 0 0 0 0 0 0 0 0 0 0 0 0 0 0 0 0 0 0 0 0 0 0 0 0 0 0 0 0 0 0 
0 0 0 0 0 0 0 0 0 0 0 0 0 0 0 0 0 0 0 0 0 0 0 0 0 0 0 0 0 0 0 0 0 0 0 0 0 0 0 0 0 0 0 0 0 0 0 0 0 0 0 0 0 0 0 0 0 0 0 0 0 0 0 0 0 0 0 0 0 0 0 0 0 0 0 0 0 0 0 0 0 0 0 0 0 0 0 0 0 0 
0 0 0 0 0 0 0 0 0 0 0 0 0 0 0 0 0 0 0 0 0 0 0 0 0 0 0 0 0 0 0 0 0 0 0 0 0 0 0 0 0 0 0 0 0 0 0 0 0 0 0 0 0 0 0 0 0 0 0 0 0 0 0 0 0 0 0 0 0 0 0 0 0 0 0 0 0 0 0 0 0 0 0 0 0 0 0 0 0 0 
0 0 0 0 0 0 0 0 0 0 0 0 0 0 0 0 0 0 0 0 0 0 0 0 0 0 0 0 0 0 0 0 0 0 0 0 0 0 0 0 0 0 0 0 0 0 0 0 0 0 0 0 0 0 0 0 0 0 0 0 0 0 0 0 0 0 0 0 0 0 0 0 0 0 0 0 0 0 0 0 0 0 0 0 0 0 0 0 0 0 
0 0 0 0 0 0 0 0 0 0 0 0 0 0 0 0 0 0 0 0 0 0 0 0 0 0 0 0 0 0 0 0 0 0 0 0 0 0 0 0 0 0 0 0 0 0 0 0 0 0 0 0 0 0 0 0 0 0 0 0 0 0 0 0 0 0 0 0 0 0 0 0 0 0 0 0 0 0 0 0 0 0 0 0 0 0 0 0 0 0 
0 0 0 0 0 0 0 0 0 0 0 0 0 0 0 0 0 0 0 0 0 0 0 0 0 0 0 0 0 0 0 0 0 0 0 0 0 0 0 0 0 0 0 0 0 0 0 0 0 0 0 0 0 0 0 0 0 0 0 0 0 0 0 0 0 0 0 0 0 0 0 0 0 0 0 0 0 0 0 0 0 0 0 0 0 0 0 0 0 0 
0 0 0 0 0 0 0 0 0 0 0 0 0 0 0 0 0 0 0 0 0 0 0 0 0 0 0 0 0 0 0 0 0 0 0 0 0 0 0 0 0 0 0 0 0 0 0 0 0 0 0 0 0 0 0 0 0 0 0 0 0 0 0 0 0 0 0 0 0 0 0 0 0 0 0 0 0 0 0 0 0 0 0 0 0 0 0 0 0 0 
0 0 0 0 0 0 0 0 0 0 0 0 0 0 0 0 0 0 0 0 0 0 0 0 0 0 0 0 0 0 0 0 0 0 0 0 0 0 0 0 0 0 0 0 0 0 0 0 0 0 0 0 0 0 0 0 0 0 0 0 0 0 0 0 0 0 0 0 0 0 0 0 0 0 0 0 0 0 0 0 0 0 0 0 0 0 0 0 0 0 
0 0 0 0 0 0 0 0 0 0 0 0 0 0 0 0 0 0 0 0 0 0 0 0 0 0 0 0 0 0 0 0 0 0 0 0 0 0 0 0 0 0 0 0 0 0 0 0 0 0 0 0 0 0 0 0 0 0 0 0 0 0 0 0 0 0 0 0 0 0 0 0 0 0 0 0 0 0 0 0 0 0 0 0 0 0 0 0 0 0 
0 0 0 0 0 0 0 0 0 0 0 0 0 0 0 0 0 0 0 0 0 0 0 0 0 0 0 0 0 0 0 0 0 0 0 0 0 0 0 0 0 0 0 0 0 0 0 0 0 0 0 0 0 0 0 0 0 0 0 0 0 0 0 0 0 0 0 0 0 0 0 0 0 0 0 0 0 0 0 0 0 0 0 0 0 0 0 0 0 0 
0 0 0 0 0 0 0 0 0 0 0 0 0 0 0 0 0 0 0 0 0 0 0 0 0 0 0 0 0 0 0 0 0 0 0 0 0 0 0 0 0 0 0 0 0 0 0 0 0 0 0 0 0 0 0 0 0 0 0 0 0 0 0 0 0 0 0 0 0 0 0 0 0 0 0 0 0 0 0 0 0 0 0 0 0 0 0 0 0 0 
0 0 0 0 0 0 0 0 0 0 0 0 0 0 0 0 0 0 0 0 0 0 0 0 0 0 0 0 0 0 0 0 0 0 0 0 0 0 0 0 0 0 0 0 0 0 0 0 0 0 0 0 0 0 0 0 0 0 0 0 0 0 0 0 0 0 0 0 0 0 0 0 0 0 0 0 0 0 0 0 0 0 0 0 0 0 0 0 0 0 
0 0 0 0 0 0 0 0 0 0 0 0 0 0 0 0 0 0 0 0 0 0 0 0 0 0 0 0 0 0 0 0 0 0 0 0 0 0 0 0 0 0 0 0 0 0 0 0 0 0 0 0 0 0 0 0 0 0 0 0 0 0 0 0 0 0 0 0 0 0 0 0 0 0 0 0 0 0 0 0 0 0 0 0 0 0 0 0 0 0 
0 0 0 0 0 0 0 0 0 0 0 0 0 0 0 0 0 0 0 0 0 0 0 0 0 0 0 0 0 0 0 0 0 0 0 0 0 0 0 0 0 0 0 0 0 0 0 0 0 0 0 0 0 0 0 0 0 0 0 0 0 0 0 0 0 0 0 0 0 0 0 0 0 0 0 0 0 0 0 0 0 0 0 0 0 0 0 0 0 0 
0 0 0 0 0 0 0 0 0 0 0 0 0 0 0 0 0 0 0 0 0 0 0 0 0 0 0 0 0 0 0 0 0 0 0 0 0 0 0 0 0 0 0 0 0 0 0 0 0 0 0 0 0 0 0 0 0 0 0 0 0 0 0 0 0 0 0 0 0 0 0 0 0 0 0 0 0 0 0 0 0 0 0 0 0 0 0 0 0 0 
0 0 0 0 0 0 0 0 0 0 0 0 0 0 0 0 0 0 0 0 0 0 0 0 0 0 0 0 0 0 0 0 0 0 0 0 0 0 0 0 0 0 0 0 0 0 0 0 0 0 0 0 0 0 0 0 0 0 0 0 0 0 0 0 0 0 0 0 0 0 0 0 0 0 0 0 0 0 0 0 0 0 0 0 0 0 0 0 0 0 
0 0 0 0 0 0 0 0 0 0 0 0 0 0 0 0 0 0 0 0 0 0 0 0 0 0 0 0 0 0 0 0 0 0 0 0 0 0 0 0 0 0 0 0 0 0 0 0 0 0 0 0 0 0 0 0 0 0 0 0 0 0 0 0 0 0 0 0 0 0 0 0 0 0 0 0 0 0 0 0 0 0 0 0 0 0 0 0 0 0 
0 0 0 0 0 0 0 0 0 0 0 0 0 0 0 0 0 0 0 0 0 0 0 0 0 0 0 0 0 0 0 0 0 0 0 0 0 0 0 0 0 0 0 0 0 0 0 0 0 0 0 0 0 0 0 0 0 0 0 0 0 0 0 0 0 0 0 0 0 0 0 0 0 0 0 0 0 0 0 0 0 0 0 0 0 0 0 0 0 0 
0 0 0 0 0 0 0 0 0 0 0 0 0 0 0 0 0 0 0 0 0 0 0 0 0 0 0 0 0 0 0 0 0 0 0 0 0 0 0 0 0 0 0 0 0 0 0 0 0 0 0 0 0 0 0 0 0 0 0 0 0 0 0 0 0 0 0 0 0 0 0 0 0 0 0 0 0 0 0 0 0 0 0 0 0 0 0 0 0 0 
0 0 0 0 0 0 0 0 0 0 0 0 0 0 0 0 0 0 0 0 0 0 0 0 0 0 0 0 0 0 0 0 0 0 0 0 0 0 0 0 0 0 0 0 0 0 0 0 0 0 0 0 0 0 0 0 0 0 0 0 0 0 0 0 0 0 0 0 0 0 0 0 0 0 0 0 0 0 0 0 0 0 0 0 0 0 0 0 0 0 
0 0 0 0 0 0 0 0 0 0 0 0 0 0 0 0 0 0 0 0 0 0 0 0 0 0 0 0 0 0 0 0 0 0 0 0 0 0 0 0 0 0 0 0 0 0 0 0 0 0 0 0 0 0 0 0 0 0 0 0 0 0 0 0 0 0 0 0 0 0 0 0 0 0 0 0 0 0 0 0 0 0 0 0 0 0 0 0 0 0 
0 0 0 0 0 0 0 0 0 0 0 0 0 0 0 0 0 0 0 0 0 0 0 0 0 0 0 0 0 0 0 0 0 0 0 0 0 0 0 0 0 0 0 0 0 0 0 0 0 0 0 0 0 0 0 0 0 0 0 0 0 0 0 0 0 0 0 0 0 0 0 0 0 0 0 0 0 0 0 0 0 0 0 0 0 0 0 0 0 0 
0 0 0 0 0 0 0 0 0 0 0 0 0 0 0 0 0 0 0 0 0 0 0 0 0 0 0 0 0 0 0 0 0 0 0 0 0 0 0 0 0 0 0 0 0 0 0 0 0 0 0 0 0 0 0 0 0 0 0 0 0 0 0 0 0 0 0 0 0 0 0 0 0 0 0 0 0 0 0 0 0 0 0 0 0 0 0 0 0 0 
0 0 0 0 0 0 0 0 0 0 0 0 0 0 0 0 0 0 0 0 0 0 0 0 0 0 0 0 0 0 0 0 0 0 0 0 0 0 0 0 0 0 0 0 0 0 0 0 0 0 0 0 0 0 0 0 0 0 0 0 0 0 0 0 0 0 0 0 0 0 0 0 0 0 0 0 0 0 0 0 0 0 0 0 0 0 0 0 0 0 
0 0 0 0 0 0 0 0 0 0 0 0 0 0 0 0 0 0 0 0 0 0 0 0 0 0 0 0 0 0 0 0 0 0 0 0 0 0 0 0 0 0 0 0 0 0 0 0 0 0 0 0 0 0 0 0 0 0 0 0 0 0 0 0 0 0 0 0 0 0 0 0 0 0 0 0 0 0 0 0 0 0 0 0 0 0 0 0 0 0 
0 0 0 0 0 0 0 0 0 0 0 0 0 0 0 0 0 0 0 0 0 0 0 0 0 0 0 0 0 0 0 0 0 0 0 0 0 0 0 0 0 0 0 0 0 0 0 0 0 0 0 0 0 0 0 0 0 0 0 0 0 0 0 0 0 0 0 0 0 0 0 0 0 0 0 0 0 0 0 0 0 0 0 0 0 0 0 0 0 0 
0 0 0 0 0 0 0 0 0 0 0 0 0 0 0 0 0 0 0 0 0 0 0 0 0 0 0 0 0 0 0 0 0 0 0 0 0 0 0 0 0 0 0 0 0 0 0 0 0 0 0 0 0 0 0 0 0 0 0 0 0 0 0 0 0 0 0 0 0 0 0 0 0 0 0 0 0 0 0 0 0 0 0 0 0 0 0 0 0 0 
0 0 0 0 0 0 0 0 0 0 0 0 0 0 0 0 0 0 0 0 0 0 0 0 0 0 0 0 0 0 0 0 0 0 0 0 0 0 0 0 0 0 0 0 0 0 0 0 0 0 0 0 0 0 0 0 0 0 0 0 0 0 0 0 0 0 0 0 0 0 0 0 0 0 0 0 0 0 0 0 0 0 0 0 0 0 0 0 0 0 
0 0 0 0 0 0 0 0 0 0 0 0 0 0 0 0 0 0 0 0 0 0 0 0 0 0 0 0 0 0 0 0 0 0 0 0 0 0 0 0 0 0 0 0 0 0 0 0 0 0 0 0 0 0 0 0 0 0 0 0 0 0 0 0 0 0 0 0 0 0 0 0 0 0 0 0 0 0 0 0 0 0 0 0 0 0 0 0 0 0 
0 0 0 0 0 0 0 0 0 0 0 0 0 0 0 0 0 0 0 0 0 0 0 0 0 0 0 0 0 0 0 0 0 0 0 0 0 0 0 0 0 0 0 0 0 0 0 0 0 0 0 0 0 0 0 0 0 0 0 0 0 0 0 0 0 0 0 0 0 0 0 0 0 0 0 0 0 0 0 0 0 0 0 0 0 0 0 0 0 0 
0 0 0 0 0 0 0 0 0 0 0 0 0 0 0 0 0 0 0 0 0 0 0 0 0 0 0 0 0 0 0 0 0 0 0 0 0 0 0 0 0 0 0 0 0 0 0 0 0 0 0 0 0 0 0 0 0 0 0 0 0 0 0 0 0 0 0 0 0 0 0 0 0 0 0 0 0 0 0 0 0 0 0 0 0 0 0 0 0 0 
0 0 0 0 0 0 0 0 0 0 0 0 0 0 0 0 0 0 0 0 0 0 0 0 0 0 0 0 0 0 0 0 0 0 0 0 0 0 0 0 0 0 0 0 0 0 0 0 0 0 0 0 0 0 0 0 0 0 0 0 0 0 0 0 0 0 0 0 0 0 0 0 0 0 0 0 0 0 0 0 0 0 0 0 0 0 0 0 0 0 
0 0 0 0 0 0 0 0 0 0 0 0 0 0 0 0 0 0 0 0 0 0 0 0 0 0 0 0 0 0 0 0 0 0 0 0 0 0 0 0 0 0 0 0 0 0 0 0 0 0 0 0 0 0 0 0 0 0 0 0 0 0 0 0 0 0 0 0 0 0 0 0 0 0 0 0 0 0 0 0 0 0 0 0 0 0 0 0 0 0 
0 0 0 0 0 0 0 0 0 0 0 0 0 0 0 0 0 0 0 0 0 0 0 0 0 0 0 0 0 0 0 0 0 0 0 0 0 0 0 0 0 0 0 0 0 0 0 0 0 0 0 0 0 0 0 0 0 0 0 0 0 0 0 0 0 0 0 0 0 0 0 0 0 0 0 0 0 0 0 0 0 0 0 0 0 0 0 0 0 0 
0 0 0 0 0 0 0 0 0 0 0 0 0 0 0 0 0 0 0 0 0 0 0 0 0 0 0 0 0 0 0 0 0 0 0 0 0 0 0 0 0 0 0 0 0 0 0 0 0 0 0 0 0 0 0 0 0 0 0 0 0 0 0 0 0 0 0 0 0 0 0 0 0 0 0 0 0 0 0 0 0 0 0 0 0 0 0 0 0 0 
0 0 0 0 0 0 0 0 0 0 0 0 0 0 0 0 0 0 0 0 0 0 0 0 0 0 0 0 0 0 0 0 0 0 0 0 0 0 0 0 0 0 0 0 0 0 0 0 0 0 0 0 0 0 0 0 0 0 0 0 0 0 0 0 0 0 0 0 0 0 0 0 0 0 0 0 0 0 0 0 0 0 0 0 0 0 0 0 0 0 
0 0 0 0 0 0 0 0 0 0 0 0 0 0 0 0 0 0 0 0 0 0 0 0 0 0 0 0 0 0 0 0 0 0 0 0 0 0 0 0 0 0 0 0 0 0 0 0 0 0 0 0 0 0 0 0 0 0 0 0 0 0 0 0 0 0 0 0 0 0 0 0 0 0 0 0 0 0 0 0 0 0 0 0 0 0 0 0 0 0 
0 0 0 0 0 0 0 0 0 0 0 0 0 0 0 0 0 0 0 0 0 0 0 0 0 0 0 0 0 0 0 0 0 0 0 0 0 0 0 0 0 0 0 0 0 0 0 0 0 0 0 0 0 0 0 0 0 0 0 0 0 0 0 0 0 0 0 0 0 0 0 0 0 0 0 0 0 0 0 0 0 0 0 0 0 0 0 0 0 0 
0 0 0 0 0 0 0 0 0 0 0 0 0 0 0 0 0 0 0 0 0 0 0 0 0 0 0 0 0 0 0 0 0 0 0 0 0 0 0 0 0 0 0 0 0 0 0 0 0 0 0 0 0 0 0 0 0 0 0 0 0 0 0 0 0 0 0 0 0 0 0 0 0 0 0 0 0 0 0 0 0 0 0 0 0 0 0 0 0 0 
0 0 0 0 0 0 0 0 0 0 0 0 0 0 0 0 0 0 0 0 0 0 0 0 0 0 0 0 0 0 0 0 0 0 0 0 0 0 0 0 0 0 0 0 0 0 0 0 0 0 0 0 0 0 0 0 0 0 0 0 0 0 0 0 0 0 0 0 0 0 0 0 0 0 0 0 0 0 0 0 0 0 0 0 0 0 0 0 0 0 
0 0 0 0 0 0 0 0 0 0 0 0 0 0 0 0 0 0 0 0 0 0 0 0 0 0 0 0 0 0 0 0 0 0 0 0 0 0 0 0 0 0 0 0 0 0 0 0 0 0 0 0 0 0 0 0 0 0 0 0 0 0 0 0 0 0 0 0 0 0 0 0 0 0 0 0 0 0 0 0 0 0 0 0 0 0 0 0 0 0 
1 0 0 0 0 0 0 0 0 1 0 0 0 0 0 0 0 0 0 0 0 0 0 0 0 0 0 0 0 0 0 0 0 0 0 0 0 0 0 0 0 0 0 0 0 0 0 0 0 0 0 0 0 0 0 0 0 0 0 0 0 0 0 0 0 0 0 0 0 0 0 0 0 0 0 0 0 0 0 0 0 0 0 0 0 0 0 0 0 0 
0 0 0 0 0 0 0 0 0 0 0 0 0 0 0 0 0 0 0 0 0 0 0 0 0 0 0 0 0 0 0 0 0 0 0 0 0 0 0 0 0 0 0 0 0 0 0 0 0 0 0 0 0 0 0 0 0 0 0 0 0 0 0 0 0 0 0 0 0 0 0 0 0 0 0 0 0 0 0 0 0 0 0 0 0 0 0 0 0 0 
0 1 1 0 0 2 0 0 0 1 0 0 0 0 0 0 0 0 0 0 0 0 0 0 0 0 0 0 0 0 0 0 0 0 0 0 0 0 0 0 0 0 0 0 0 0 0 0 0 0 0 0 0 0 0 0 0 0 0 0 0 0 0 0 0 0 0 0 0 0 0 0 0 0 0 0 0 0 0 0 0 0 0 0 0 0 0 0 0 0 
0 0 3 1 1 0 0 0 0 0 1 0 0 0 0 0 0 0 0 0 0 0 0 0 0 0 0 0 0 0 0 0 0 0 0 0 0 0 0 0 0 0 0 0 0 0 0 0 0 0 0 0 0 0 0 0 0 0 0 0 0 0 0 0 0 0 0 0 0 0 0 0 0 0 0 0 0 0 0 0 0 0 0 0 0 0 0 0 0 0 
0 0 0 0 0 1 0 1 0 0 0 0 0 0 0 0 0 0 0 0 0 0 0 0 0 0 0 0 0 0 0 0 0 0 0 0 0 0 0 0 0 0 0 0 0 0 0 0 0 0 0 0 0 0 0 0 0 0 0 0 0 0 0 0 0 0 0 0 0 0 0 0 0 0 0 0 0 0 0 0 0 0 0 0 0 0 0 0 0 0 
4 1 1 1 0 0 1 0 1 1 0 0 0 0 0 0 0 0 0 0 0 0 0 1 0 0 0 0 0 0 0 0 0 0 0 0 0 0 0 0 0 0 0 0 0 0 0 0 0 0 0 0 0 0 0 0 0 0 0 0 0 0 0 0 0 0 0 0 0 0 0 0 0 0 0 0 0 0 0 0 0 0 0 0 0 0 0 0 0 0 
1 2 2 3 1 2 1 2 0 1 1 0 1 1 0 0 0 0 0 0 0 0 0 0 0 0 0 0 0 0 0 0 0 0 0 0 0 0 0 0 0 0 0 0 0 0 0 0 0 0 0 0 0 0 0 0 0 0 0 0 0 0 0 0 0 0 0 0 0 0 0 0 0 0 0 0 0 0 0 0 0 0 0 0 0 0 0 0 0 0 
1 1 2 0 1 1 0 3 1 1 1 0 2 0 0 0 0 0 0 0 1 0 1 1 0 0 0 0 0 0 0 0 0 0 0 0 0 0 0 0 0 0 0 0 0 0 0 0 0 0 0 0 0 0 0 0 0 0 0 0 0 0 0 0 0 0 0 0 0 0 0 0 0 0 0 0 0 0 0 0 0 0 0 0 0 0 0 0 0 0 
5 0 2 1 3 2 0 1 1 0 1 3 1 1 1 1 0 1 0 0 0 0 1 0 0 0 1 0 0 0 0 0 0 0 0 0 0 0 0 0 0 0 0 0 0 0 0 0 0 0 0 0 0 0 0 0 0 0 0 0 0 0 0 0 0 0 0 0 0 0 0 0 0 0 0 0 0 0 0 0 0 0 0 0 0 0 0 0 0 0 
5 1 2 0 0 1 2 2 3 2 0 0 0 0 2 2 1 0 1 1 1 1 0 1 0 0 0 0 0 0 0 0 0 0 0 0 0 0 0 0 0 0 0 0 0 0 0 0 0 0 0 0 0 0 0 0 0 0 0 0 0 0 0 0 0 0 0 0 0 0 0 0 0 0 0 0 0 0 0 0 0 0 0 0 0 0 0 0 0 0 
1 6 2 2 1 6 4 2 2 0 1 3 0 0 1 0 1 1 2 0 0 0 0 0 0 0 0 1 0 0 0 0 0 0 0 0 0 0 0 0 0 0 0 0 0 0 0 0 0 0 0 0 0 0 0 0 0 0 0 0 0 0 0 0 0 0 0 0 0 0 0 0 0 0 0 0 0 0 0 0 0 0 0 0 0 0 0 0 0 0 
0 3 1 3 3 2 6 1 1 1 2 1 3 3 4 0 1 1 0 1 0 1 1 0 0 0 0 0 0 0 0 0 0 0 0 0 0 0 0 1 0 0 0 0 0 0 0 0 0 0 0 0 0 0 0 0 0 0 0 0 0 0 0 0 0 0 0 0 0 0 0 0 0 0 0 0 0 0 0 0 0 0 0 0 0 0 0 0 0 0 
4 3 5 4 4 4 3 4 4 3 4 1 2 3 1 0 0 1 1 1 1 1 0 0 1 0 1 1 0 0 0 0 0 1 0 0 0 0 0 0 0 0 0 0 0 0 0 0 0 0 0 0 0 0 0 0 0 0 0 0 0 0 0 0 0 0 0 0 0 0 0 0 0 0 0 0 0 0 0 0 0 0 0 0 0 0 0 0 0 0 
6 4 7 8 5 5 3 1 4 3 1 0 2 3 2 2 3 1 0 2 1 1 3 0 0 1 0 0 0 0 0 0 0 0 0 0 0 0 0 1 0 0 0 0 0 0 0 0 0 0 0 0 0 0 0 0 0 0 0 0 0 0 0 0 0 0 0 0 0 0 0 0 0 0 0 0 0 0 0 0 0 0 0 0 0 0 0 0 0 0 
7 3 7 3 6 6 4 5 4 3 3 3 3 3 1 1 2 1 5 3 2 2 2 0 2 1 3 1 1 2 0 0 0 0 0 0 0 0 0 0 0 0 0 0 0 0 0 0 0 0 0 0 0 0 0 0 0 0 0 0 0 0 0 0 0 0 0 0 0 0 0 0 0 0 0 0 0 0 0 0 0 0 0 0 0 0 0 0 0 0 
4 1 9 5 3 4 6 7 1 2 2 4 5 4 2 3 3 1 0 0 2 0 0 0 1 0 1 2 0 0 0 0 0 0 0 0 0 1 1 0 0 0 0 0 0 0 0 0 0 0 0 0 0 0 0 0 0 0 0 0 0 0 0 0 0 0 0 0 0 0 0 0 0 0 0 0 0 0 0 0 0 0 0 0 0 0 0 0 0 0 
6 9 6 6 5 7 7 1 6 3 3 2 4 2 3 6 3 4 3 1 0 4 3 4 4 2 1 1 0 0 0 0 0 1 0 0 0 1 0 0 0 0 0 0 0 0 0 0 0 0 0 0 0 0 0 0 0 0 0 0 0 0 0 0 0 0 0 0 0 0 0 0 0 0 0 0 0 0 0 0 0 0 0 0 0 0 0 0 0 0 
5 9 3 4 11 4 5 2 5 7 6 1 7 4 4 3 2 1 1 1 5 2 4 1 0 1 0 1 1 0 1 0 0 1 0 1 0 0 0 0 0 0 0 0 0 0 0 0 0 0 0 0 0 0 0 0 0 0 0 0 0 0 0 0 0 0 0 0 0 0 0 0 0 0 0 0 0 0 0 0 0 0 0 0 0 0 0 0 0 0 
4 3 5 6 4 7 14 4 5 5 1 4 7 3 4 2 1 3 3 4 1 5 4 2 2 2 3 2 4 1 2 1 0 0 1 0 1 0 0 1 0 0 0 0 0 0 0 0 0 0 0 0 0 0 0 0 0 0 0 0 0 0 0 0 0 0 0 0 0 0 0 0 0 0 0 0 0 0 0 0 0 0 0 0 0 0 0 0 0 0 
7 10 8 7 10 6 7 5 7 4 7 4 3 2 3 5 6 3 4 3 5 3 2 4 5 3 2 3 4 1 2 4 3 1 1 0 0 0 0 0 0 0 0 0 0 0 0 0 0 0 0 0 0 0 0 0 0 0 0 0 0 0 0 0 0 0 0 0 0 0 0 0 0 0 0 0 0 0 0 0 0 0 0 0 0 0 0 0 0 0 
5 10 2 6 10 3 9 7 8 4 5 7 9 3 6 5 7 4 5 4 7 5 3 4 3 4 4 3 3 1 0 2 3 1 2 0 2 0 0 0 1 0 0 1 0 0 0 0 0 0 0 0 0 0 0 0 0 0 0 0 0 0 0 0 0 0 0 0 0 0 0 0 0 0 0 0 0 0 0 0 0 0 0 0 0 0 0 0 0 0 
7 4 10 12 10 13 7 6 7 8 6 5 7 8 6 8 7 6 7 8 4 4 8 2 3 2 1 4 1 3 3 2 1 1 0 3 2 2 2 0 2 0 1 0 2 1 0 0 1 0 0 0 0 0 0 0 0 0 0 0 0 0 0 0 0 0 0 0 0 0 0 0 0 0 0 0 0 0 0 0 0 0 0 0 0 0 0 0 0 0 
8 7 9 8 5 9 8 7 6 4 3 6 5 6 9 5 10 6 4 3 3 8 5 6 4 5 2 2 5 2 2 4 0 2 0 1 0 1 2 3 2 0 1 0 0 1 0 1 0 0 0 0 0 0 0 0 0 0 0 0 0 0 0 0 0 0 0 0 0 0 0 0 0 0 0 0 0 0 0 0 0 0 0 0 0 0 0 0 0 0 
6 6 6 6 10 5 8 8 11 9 6 9 7 3 5 5 6 3 5 2 9 3 8 3 3 5 4 8 6 1 2 2 1 2 2 4 3 1 1 3 0 1 1 0 0 0 0 1 1 1 0 0 0 1 0 0 0 0 0 0 0 0 0 0 0 0 0 0 0 0 0 0 0 0 0 0 0 0 0 0 0 0 0 0 0 0 0 0 0 0 
4 4 8 8 9 6 10 5 5 6 5 5 9 7 9 6 9 5 7 9 2 6 7 5 5 7 8 5 1 2 3 4 5 3 4 5 3 2 1 1 1 1 0 0 3 4 1 0 1 0 0 2 1 0 0 0 0 0 0 0 0 0 0 0 0 0 0 0 0 0 0 0 0 0 0 0 0 0 0 0 0 0 0 0 0 0 0 0 0 0 
7 7 5 8 9 11 8 9 7 8 11 8 8 11 9 10 12 10 8 6 10 11 3 6 8 4 4 6 5 2 5 4 5 5 2 3 4 6 5 3 1 1 0 2 1 3 0 2 0 0 2 1 0 0 0 0 0 0 0 0 0 0 0 0 0 0 0 0 0 0 0 0 0 0 0 0 0 0 0 0 0 0 0 0 0 0 0 0 0 0 
12 5 6 9 11 9 6 9 5 8 6 5 11 2 13 9 10 8 8 8 7 12 7 5 12 3 7 9 3 6 5 5 4 5 1 1 4 5 1 2 3 2 2 2 1 0 2 0 0 1 3 0 0 0 0 0 0 0 1 0 0 0 0 0 0 0 0 0 0 0 0 0 0 0 0 0 0 0 0 0 0 0 0 0 0 0 0 0 0 0 
7 4 9 6 6 5 8 5 6 6 8 10 6 7 9 10 3 5 11 12 11 7 6 9 7 7 7 10 4 3 3 2 10 3 6 3 6 5 2 2 2 2 2 3 2 4 0 1 1 1 0 0 0 1 1 0 0 1 0 0 0 0 0 0 0 0 0 0 0 0 0 0 0 0 0 0 0 0 0 0 0 0 0 0 0 0 0 0 0 0 
6 8 11 5 5 8 12 11 15 6 5 8 9 7 9 4 5 6 4 8 9 8 3 6 8 4 13 6 5 10 12 10 4 13 5 3 5 5 0 6 6 6 3 1 0 2 4 2 1 1 1 1 0 1 0 0 1 0 0 0 0 0 0 0 0 0 0 0 0 0 0 0 0 0 0 0 0 0 0 0 0 0 0 0 0 0 0 0 0 0 
8 6 6 3 8 4 8 6 10 7 11 10 6 4 17 4 7 2 11 7 5 12 11 6 12 5 8 5 7 5 4 5 8 4 7 5 3 4 7 9 4 1 5 3 2 3 3 5 2 3 1 1 0 1 0 0 1 1 0 2 0 0 0 0 0 0 0 0 0 0 0 0 0 0 0 0 0 0 0 0 0 0 0 0 0 0 0 0 0 0 
2 8 7 4 10 3 7 5 4 8 5 13 8 5 8 4 8 10 12 4 9 15 11 8 6 5 11 5 6 4 6 5 9 5 4 7 5 5 4 6 5 3 3 1 3 4 3 3 2 3 0 3 3 1 1 0 0 0 0 0 0 1 0 0 0 0 0 0 0 0 0 0 0 0 0 0 0 0 0 0 0 0 0 0 0 0 0 0 0 0 
6 7 8 7 3 3 6 10 10 8 11 7 6 6 5 5 5 11 14 9 9 7 10 7 12 4 13 6 14 11 6 8 5 7 1 5 5 6 7 5 5 3 4 2 2 3 2 4 1 0 2 1 2 0 1 1 0 2 0 1 1 0 0 1 0 0 0 0 0 0 0 0 0 0 0 0 0 0 0 0 0 0 0 0 0 0 0 0 0 0 
6 3 10 9 4 7 7 10 4 6 7 3 3 9 8 10 8 10 6 7 7 6 7 7 7 7 9 6 6 11 13 8 4 2 4 6 5 7 6 5 5 7 7 4 3 5 4 3 4 1 3 3 1 3 1 1 2 1 1 2 1 0 0 2 0 0 0 0 0 0 0 0 0 0 0 0 0 0 0 0 0 0 0 0 0 0 0 0 0 0 
9 8 4 4 4 7 4 10 11 4 5 9 7 8 9 6 11 9 11 6 6 10 7 5 12 9 6 4 6 5 6 9 11 11 4 6 5 2 7 9 6 8 10 1 7 4 5 3 4 6 2 4 1 2 1 4 3 1 2 0 0 0 0 2 0 0 0 0 0 1 0 1 1 0 0 0 0 0 0 0 0 0 0 0 0 0 0 0 0 0 
4 3 7 7 8 3 9 5 5 8 8 9 10 6 9 3 8 7 9 7 5 9 9 6 8 10 7 5 3 4 12 7 8 10 5 13 9 3 7 8 11 5 7 3 5 3 6 1 2 1 4 3 2 1 1 1 4 2 4 2 3 1 0 1 0 0 0 1 1 0 0 0 0 0 0 0 0 0 0 0 0 0 0 0 0 0 0 0 0 0 
4 9 6 3 4 2 2 3 6 7 7 5 9 11 8 8 6 8 5 5 4 7 5 8 13 4 8 10 9 8 8 12 11 9 7 9 15 6 9 3 2 11 4 2 4 7 7 2 4 4 2 4 5 1 6 2 2 6 1 2 1 0 0 1 1 1 0 1 0 1 0 0 0 0 0 0 0 0 0 0 0 0 1 0 0 0 0 0 0 0 
5 4 4 2 1 9 9 2 8 6 4 2 6 2 9 7 5 8 5 6 7 8 9 10 6 12 5 7 7 11 6 11 4 9 9 3 8 9 7 7 10 2 6 4 7 3 10 5 5 7 7 3 5 5 3 6 2 2 0 4 1 0 5 2 1 1 1 2 0 1 0 0 0 0 0 0 0 0 0 0 0 0 0 0 0 0 0 0 0 0 
5 4 5 5 4 3 7 12 7 6 5 5 4 7 9 5 7 7 11 7 6 5 8 11 8 7 11 5 9 8 8 6 5 5 6 5 5 4 6 13 8 8 4 5 7 5 3 1 10 3 6 10 6 2 3 4 4 4 2 0 3 3 0 1 0 3 0 0 0 0 0 0 0 1 0 0 0 0 0 0 0 0 0 0 0 0 0 0 0 0 
5 8 7 4 5 2 4 5 9 7 11 9 6 9 7 4 7 10 9 9 4 3 3 8 7 4 6 5 7 9 6 7 10 9 3 7 7 5 3 7 7 2 10 9 4 5 4 8 5 8 6 5 11 3 4 10 2 4 3 6 2 3 1 3 1 1 2 1 2 1 1 0 0 0 0 0 1 0 0 0 0 0 0 1 0 0 0 0 0 0 
5 5 5 3 5 7 3 4 4 3 7 1 4 3 5 3 6 8 4 11 4 6 6 6 4 7 8 12 8 7 5 4 8 9 15 9 8 9 11 8 6 7 8 4 6 4 5 8 6 6 6 2 4 7 6 8 3 4 0 3 1 4 1 2 1 2 1 0 0 0 0 0 0 1 0 1 0 0 0 0 0 0 0 0 0 0 0 0 0 0 
7 4 4 7 2 4 5 3 3 2 5 3 6 3 6 5 6 4 6 6 4 7 3 3 7 4 7 6 5 9 3 4 9 7 9 8 5 11 5 3 5 3 6 4 5 7 11 10 5 8 4 5 2 6 3 3 4 3 4 4 2 7 2 1 1 2 1 1 2 2 0 1 2 1 1 0 0 1 0 0 0 0 0 0 0 0 0 0 0 0 
