# Format: McCode with text headers
# URL: http://www.mccode.org
# Creator: McStas 2.5beta01 - Nov. 03, 2018
# Instrument: Full_simple_noSqq.instr
# Ncount: 6250000
# Trace: no
# Gravitation: no
# Seed: 1544487088
# Directory: Magnon_rerun_events_C_noEfocus_noSqq/61
# Nodes: 16
# Param: WaveMin=2.75
# Param: WaveMax=4.4
# Param: E_0=4
# Param: L_0=0
# Param: chopPulseOpening=0.004
# Param: DivSlit0_width=0.1
# Param: DivSlit1_width=0.1
# Param: DivSlit2_width=0.1
# Param: DivSlit3_width=0.1
# Param: Npulse=1
# Param: print=0
# Param: makeVirtualSource=0
# Param: printMValues=0
# Param: power=2
# Param: BWopen=161
# Param: OMA=37.072
# Param: TTA=74.1432
# Param: OMA2=30.628
# Param: TTA2=61.256
# Param: phi=37
# Param: dphi=0.332
# Param: MCPLfile=BIFROST_mcpl.gz
# Param: ax=0
# Param: ay=2.14
# Param: az=-1.24
# Param: bx=0
# Param: by=0
# Param: bz=2.47
# Param: cx=6.71
# Param: cy=0
# Param: cz=0
# Param: Omega=61
# Param: TwoTheta=15
# Param: lambda=10
# Param: dlambda=9.9
# Param: Rotation=0
# Param: inelastic=1
# Param: aa=6.28319
# Param: sample_J1=1.5
# Param: sample_J2=0
# Param: TT=300
# Param: FerroMagnet=0
# Param: Verbose=0
# Param: imultiplier=1
# Param: INCOH=0
# Param: INCOHspread=0
# Param: sample_focusW=2.1
# Param: sample_focusH=0.15
# Param: focus_EF=0
# Param: TOFmin=0.1172
# Param: TOFmax=0.186
# Param: TOFbins=256
# Date: Mon Dec 10 09:44:29 2018 (1544431469)
# type: array_2d(90, 90)
# Source: EGCESE (Full_simple_noSqq.instr)
# component: psd_monitor6
# position: 1.94354 -1.56124 0.906287
# title: PSD monitor
# Ncount: 100000000
# filename: analyser6_psd.dat
# statistics: X0=0.0208045; dX=1.12016; Y0=-11.1051; dY=2.87323;
# signal: Min=0; Max=249.544; Mean=7.47234;
# values: 60526 2074.63 932
# xvar: X 
# yvar: Y 
# xlabel: X position [cm]
# ylabel: Y position [cm]
# zvar: I
# zlabel: Signal per bin
# xylimits: -2 2 -15.595 15.595
# variables: I I_err N
# Data [psd_monitor6/analyser6_psd.dat] I:
0 0 0 76.16798333 0 0 0 0 0 127.2112811 0 0 85.85530157 9.285363287 0 59.45698634 0 0 0 0 0 215.8640793 0 65.01805999 0 103.2778076 0 0 0 0 0 0 0 0 45.09145296 0 0 76.41348052 50.92349722 0 31.14834642 0 0 0 0 0 0 72.14246904 75.91780404 0 0 84.49400878 101.163927 0 57.4724793 90.59101879 84.59936837 0 0 0 0 0 0 0 60.25841198 0 74.65882521 0 29.87446647 0 0 174.1578118 58.47941821 78.89190201 0 0 0 0 0 0 0 0 0 0 0 148.1912686 0 83.60757224 0 37.73749881 
0 68.56329038 0 0 0 0 0 59.8571301 0 0 71.46629946 0 0 0 0 92.21305087 77.66553906 121.0207726 74.34017359 0 0 0 0 88.54702252 0 136.3744445 66.93144744 0 0 74.45816725 0 0 0 87.93047292 0 0 0 0 88.75404418 0 121.3302238 18.84284584 85.45258138 0 0 0 0 0 55.73404895 169.3975084 0 0 0 0 24.42976339 0 0 0 88.90225356 0 0 30.76007976 0 0 81.15493999 0 102.2554818 0 0 0 0 0 0 68.03681969 102.6297749 0 0 90.7096443 0 0 0 50.69993429 0 0 142.1866433 0 0 0 0 0 
0 0 82.33582191 0 0 0 0 0 0 33.34242244 0 0 0 41.21244001 0 94.40257253 0 91.09743372 0 0 88.76876661 145.7322251 0 0 0 0 0 69.37655064 64.09227836 0 68.54351552 0 0 0 0 35.72806117 0 78.74572513 0 97.3238528 0 0 0 0 0 0 67.03917204 97.14143701 0 56.8127827 26.6363882 0 0 0 0 0 33.17822539 93.56387733 68.04979582 61.90010415 0 0 0 21.03365833 0 75.19869267 144.9075457 0 81.45899163 0 44.43388479 0 0 0 0 12.51382173 0 0 0 0 0 0 0 0 0 118.5078889 0 45.71288586 63.45814146 0 
0 0 0 36.35830887 0 0 0 0 142.3818535 68.5808092 0 49.44866734 62.20554626 54.74504223 0 0 0 0 44.68369361 0 64.2035008 67.92220375 58.32180533 0 85.53454957 105.2770067 0 0 0 0 59.82500287 78.76433564 64.29630886 0 0 0 0 79.92219588 0 0 0 19.13004213 0 0 0 144.8640515 0 127.8137593 0 63.87805252 0 77.63385797 0 0 0 0 51.95166458 37.11663597 73.28166926 59.68472298 0 0 83.00280616 0 0 93.8380317 179.3673999 76.05116113 84.43870685 0 0 0 0 0 0 37.1702419 0 0 0 0 0 0 0 89.8167062 0 0 92.21577782 0 15.33609346 109.6335643 
0 0 75.46372659 0 71.61265747 0 60.42396982 0 36.99659023 60.10262218 0 54.55821277 0 0 0 0 59.237332 0 84.57196869 89.67488399 66.51302418 90.8271284 86.6160346 59.05874117 51.95484504 0 0 47.32027569 0 72.24871306 0 59.99683621 76.78088987 0 0 66.01208024 0 0 56.24713146 0 0 0 0 49.42157564 0 65.89787235 83.41315761 0 0 63.48085042 0 49.92463178 0 49.79267723 85.50163154 0 21.73347386 55.12907271 0 0 0 0 28.39388485 0 82.08381673 0 0 0 0 0 0 0 0 0 0 0 90.0225081 0 0 91.46570472 0 0 0 67.44703923 0 146.370019 96.10275076 88.35701866 0 0 
0 0 0 0 58.64734973 0 0 0 66.20195371 0 0 54.51012506 0 82.5764597 69.72886614 34.96027166 0 0 46.936261 0 92.4523766 0 92.99417119 0 97.37385539 0 0 0 0 145.8770954 0 0 0 163.0326605 38.45647407 0 0 0 0 0 0 76.19599572 0 84.88271876 0 0 0 0 0 59.20340916 0 0 0 84.24204351 0 0 0 85.57194993 92.85393674 0 83.48317056 0 0 120.8322163 169.3180661 134.9776285 147.7055781 87.4717171 140.8418098 0 100.1807192 0 0 102.9517583 128.7536626 0 50.29907649 0 0 0 0 93.07380653 67.81686513 0 120.905516 85.01055065 0 0 80.38639958 0 
0 0 0 0 0 0 47.19389495 69.51724867 0 77.32977272 89.38994386 0 0 0 70.5171267 0 63.79649895 0 0 0 0 0 0 38.58892273 145.3195353 83.76385578 0 0 123.0491294 73.77086178 0 0 0 53.52414693 74.3756049 0 0 153.0937865 87.46783875 0 0 99.15627615 59.77666058 0 0 76.39873264 93.02953711 97.00786495 145.305476 0 0 24.20933862 72.06928821 0 0 0 0 0 69.04370503 160.085407 0 0 0 0 53.38939024 90.07176485 73.70260141 202.9542378 0 164.8465787 177.6840915 173.5109739 157.4684857 0 0 0 0 86.78057038 0 0 76.17744275 0 0 95.25426349 0 0 0 0 0 0 
0 0 0 0 0 83.37216524 66.46925135 0 41.47788585 0 0 0 0 0 0 0 0 0 0 0 0 62.06415175 55.48435789 0 29.08603241 0 0 18.0158114 0 0 0 49.5621711 0 0 79.21428383 153.9066747 0 75.24845184 41.90374692 0 130.3575044 0 42.96751775 185.1528241 60.470692 0 0 0 0 22.73469437 0 76.92584877 0 0 78.88236674 0 0 0 0 51.98856565 89.83852987 0 0 0 0 71.97200978 0 73.04420812 0 0 0 0 149.0234464 96.37860879 0 0 115.2912411 0 116.6860474 0 63.69080128 151.5882479 0 0 0 0 74.29103059 0 0 147.0740555 
0 0 0 0 0 0 0 80.70481948 166.1283319 0 0 36.1891189 0 0 0 157.7510479 0 0 0 84.82032029 66.61220721 137.2380239 0 0 0 123.8495053 53.11813317 0 0 0 0 0 66.57480144 0 0 125.8047574 0 0 0 0 0 74.45339187 0 0 83.27338592 87.93823522 70.793136 0 0 79.32152375 58.11121035 135.8517305 19.17012322 64.07596398 0 83.3699917 0 82.07173637 0 0 0 0 0 0 0 103.107279 52.47963115 0 0 0 0 0 185.6628881 17.16182086 0 0 0 0 84.6341372 0 94.86891201 0 0 66.91693442 45.74010331 78.9736961 82.0393711 0 0 91.41784005 
0 47.43561103 0 0 0 0 0 70.93193122 0 0 0 0 0 0 20.94966135 0 0 65.32344719 0 0 0 0 0 0 0 54.62834071 0 45.84173215 74.15244698 153.9331778 0 0 0 59.48892642 0 0 0 0 0 0 0 0 0 0 0 0 80.73434779 0 61.75091546 0 0 0 81.05897541 0 60.64912831 0 0 46.09820426 38.75726563 0 0 80.82817551 0 0 0 0 0 0 0 79.9113469 65.03077217 0 88.93688588 0 89.37481126 0 27.32810329 0 55.64795925 125.6407264 0 0 0 147.3169051 0 0 173.1252165 0 0 91.99173552 
0 0 61.73810622 0 75.1998399 0 0 84.92223825 52.93970229 63.70205683 0 0 0 0 0 0 91.85282392 0 0 155.1982673 0 0 0 44.88318076 31.89312594 64.3287933 0 0 0 0 47.68064825 76.28485061 41.95390673 0 63.14664203 72.46430225 8.397541094 67.68907568 0 0 70.30472607 0 0 0 0 0 0 0 0 0 0 0 93.35368379 99.81646606 0 0 0 0 0 66.51151844 0 151.8044585 98.76641399 0 0 0 0 0 86.35827572 0 0 0 0 0 77.45113177 0 0 68.64117019 94.43230232 0 0 92.16082679 0 0 0 104.8984738 0 0 0 0 
0 0 29.86674898 0 78.71153591 0 0 137.271588 0 0 0 68.34237142 35.98606576 0 0 0 68.82522455 0 75.09538423 0 0 0 0 62.38573487 0 0 61.07731338 0 0 8.001559015 0 0 0 0 0 0 74.9996403 0 96.03280288 0 0 62.69249416 0 0 69.99718341 0 77.77717902 0 0 0 0 0 19.29812497 54.21524781 0 0 152.2288973 22.42856655 0 60.84566742 0 0 0 0 76.26052438 0 0 0 107.425202 70.06380303 0 0 156.1074409 72.90236157 125.6560432 0 0 0 174.6964283 102.3670456 0 0 0 0 0 65.60723319 0 0 0 0 
78.41588564 0 0 0 0 0 0 0 0 0 0 42.6713913 84.97165432 143.8266334 0 0 0 0 65.57207868 0 0 0 0 0 0 0 140.3986113 12.69366248 0 46.49403458 191.0438398 0 0 0 0 0 0 0 51.1641797 40.871089 76.36877064 0 0 0 0 0 0 66.64107847 78.62035484 0 0 53.70576823 0 79.75903213 0 0 23.59884912 80.90716962 122.6727728 0 0 158.5264411 85.30087659 162.9610412 0 0 0 0 0 69.53817409 0 0 26.64462383 0 0 77.15367428 0 80.22500003 0 0 0 0 0 0 0 0 0 0 0 0 
70.05063004 0 0 63.1620103 63.45483536 0 56.47497032 119.9066912 67.44176438 0 0 44.19890717 0 0 74.950555 61.34189495 0 0 168.7057986 0 0 55.18024947 129.9042301 0 0 0 0 0 105.7393428 0 67.57399858 0 23.37929978 0 35.08992097 0 0 0 66.68849194 0 0 62.9094889 0 72.19992239 0 0 0 36.86004259 73.0568666 0 0 31.32162823 0 0 0 0 40.87162018 0 0 0 0 39.12853614 0 0 0 0 0 76.10123125 0 0 0 0 0 90.26863305 0 0 0 0 0 0 0 69.2836181 47.08480956 0 0 0 0 87.33490923 65.93856001 93.26508859 
42.87719098 0 0 0 80.32944094 0 0 0 55.33185568 0 0 0 27.45408127 33.71468784 0 0 0 117.1321851 0 0 0 110.6055693 0 0 0 61.74706209 0 0 0 0 142.6723898 0 0 0 0 0 176.8139596 0 23.06017308 104.2726818 0 0 0 0 0 0 0 70.4866961 67.41248795 0 77.00271401 0 0 0 0 0 0 66.71113645 0 89.09294928 0 0 0 0 0 0 0 84.59819963 0 77.11935522 0 50.11552986 0 0 0 0 78.04374605 0 97.55564905 0 75.06234021 0 0 100.9992939 0 0 0 0 0 0 
0 0 0 0 0 0 0 0 0 0 52.2485029 0 0 58.50479147 61.66114831 133.9288083 39.10823561 0 30.83737642 48.04089443 48.37937799 0 0 0 0 65.16311449 0 0 105.4751045 0 0 0 0 0 75.6398619 67.68431103 134.7854502 0 0 21.8662869 0 0 0 0 0 80.20713824 0 0 67.52208136 0 0 0 66.61632994 93.16820952 0 0 0 0 0 87.98072484 0 0 0 0 0 91.60882565 0 0 0 0 0 0 0 78.16660958 0 99.58149724 0 0 65.60796639 70.39687772 0 0 42.99577947 0 0 0 0 86.85410431 0 96.5544356 
0 0 22.13502578 0 19.62982038 70.49704722 0 148.3955034 0 0 0 0 0 61.07256943 0 0 0 0 0 0 0 43.41559368 0 0 0 0 68.38338638 0 0 0 0 0 0 0 0 0 0 66.98879159 0 0 75.09415762 0 0 77.91084061 0 0 0 73.87576935 82.84757613 60.37262424 0 137.1011509 0 0 0 0 0 0 72.87377053 0 0 0 0 0 126.6469131 0 0 0 0 138.6830813 0 0 88.2002867 0 68.47197649 0 37.03528473 0 155.5398074 78.52070225 0 85.07015631 0 9.585271459 0 0 0 0 71.92211776 82.52094155 
0 0 0 0 0 0 0 0 0 0 0 0 56.03702098 0 0 0 0 0 0 0 0 153.2055734 0 68.51256176 0 0 0 64.21406102 0 0 0 0 66.08072536 80.15207616 0 0 0 31.97018009 65.55659836 162.1784114 0 22.90637171 0 11.44637259 69.55801748 65.1092669 0 64.07494513 0 54.88006854 0 0 0 73.71951767 0 0 0 0 0 0 0 60.62321084 0 0 0 0 0 0 0 0 67.94266379 0 0 0 64.3314947 0 0 0 0 0 72.06524899 0 57.67235996 0 42.30057804 88.06433844 0 0 0 0 
0 48.86206642 0 25.26123449 69.97268648 62.42931838 0 56.20061895 65.76452064 0 46.27858548 51.82413648 0 0 0 0 0 0 61.57035341 0 94.95193095 0 0 0 0 0 79.73580886 0 91.98246947 0 0 61.3149767 0 0 65.69631434 0 0 127.248426 87.98107995 0 0 0 0 79.31172949 75.61245294 48.03035747 127.550243 0 82.19383913 84.71008619 55.11111558 0 0 0 0 0 0 0 25.10129778 65.3609966 0 63.93015729 0 0 87.84953279 0 0 0 0 57.31005982 147.5968759 74.3656918 0 0 0 0 0 0 0 0 0 0 50.03616255 0 0 55.4105902 0 80.63816898 0 0 
8.867222657 0 0 79.05830835 0 0 111.7817131 34.47350872 0 0 0 0 0 50.21793256 0 0 60.90893007 0 0 0 0 0 0 0 0 49.62561298 0 0 130.8534332 72.84902267 0 0 0 84.5190532 0 0 0 0 146.9143111 0 0 0 0 56.40718851 0 0 134.5778435 0 0 81.00054114 0 0 0 70.27057082 122.7791088 0 0 0 0 71.88250287 0 0 142.006158 0 0 0 0 0 70.25633937 0 0 0 59.83305704 70.5493564 0 0 0 88.7609348 90.82774555 0 249.5444002 0 0 80.87420959 0 80.68224584 0 0 0 0 
0 63.16678178 53.6135547 0 74.73361314 78.37055891 0 0 0 72.83015054 103.1850667 0 0 61.82938978 53.28005356 0 0 0 38.13477483 34.90145096 0 37.76156723 62.01284378 0 0 89.76450529 73.26409477 0 0 72.91933329 0 63.64934248 0 0 138.9202996 0 0 0 23.88026465 0 0 0 0 81.96277712 0 0 0 0 0 0 0 0 0 0 0 226.907305 80.76112332 0 0 50.42997649 0 0 0 0 0 86.87587436 0 33.83398447 0 0 0 135.2581543 0 80.18645191 0 0 167.5170798 65.90129396 0 47.98896442 0 0 0 0 107.7092659 0 0 0 121.2518149 0 
0 0 0 49.96140259 0 0 0 59.46821728 0 0 47.96013735 0 71.69323071 0 16.68391851 0 0 0 54.96197814 51.65446908 0 59.60475631 84.12442227 0 0 0 58.84002189 0 0 0 0 0 0 65.34628071 61.53622586 57.0724314 0 0 80.30432231 59.89135578 128.2022524 0 0 0 0 0 0 0 82.96751302 0 0 0 0 0 0 0 0 0 0 0 0 0 142.040564 0 0 0 0 0 0 0 0 0 0 81.92931949 0 0 0 0 32.32968261 0 0 0 0 0 0 87.41398415 0 0 0 0 
0 0 0 0 0 0 0 0 0 65.10554885 0 65.22284471 0 80.33328586 0 0 73.78759838 0 0 0 143.2708043 0 67.69693881 88.71894457 66.24431757 0 0 0 0 0 0 0 0 0 0 0 43.46910994 32.47784079 0 0 78.42071777 88.81048267 0 50.92208077 61.72477942 157.7094174 0 0 74.25778402 0 0 0 77.65497606 0 89.81418259 0 0 0 36.58310343 58.3624853 0 0 0 0 0 0 0 0 85.84166552 0 0 0 0 0 0 0 0 0 0 57.87964598 0 0 0 0 0 96.50060663 0 0 0 0 
0 0 55.60019033 0 0 0 0 0 0 0 0 0 0 0 0 0 0 0 0 0 0 0 43.61193339 0 0 0 0 0 0 0 0 0 0 0 0 0 0 0 74.1328063 0 0 0 31.42594534 0 0 0 0 0 0 152.3102513 0 0 0 88.74212033 51.97732551 0 0 0 0 0 0 0 0 0 0 0 0 91.29134151 0 0 0 87.44780617 0 0 0 0 83.52144587 0 36.78689314 0 0 0 0 43.95355109 0 0 0 0 0 0 
23.72919585 0 55.6191395 0 0 0 41.25461325 0 0 0 0 48.24232289 0 0 78.86031675 0 0 0 0 0 220.260365 0 0 0 0 0 0 0 0 0 0 0 0 0 0 0 0 0 0 89.82686392 0 0 0 0 0 0 0 105.2221762 0 0 66.85051801 0 0 65.34194769 0 89.26094085 76.34250121 0 0 0 0 0 0 0 0 0 0 0 0 0 95.95290393 0 0 0 0 0 0 0 0 0 0 0 0 0 0 0 0 0 0 0 
72.92412531 55.75898943 0 61.68714831 0 64.95468313 0 63.91254413 0 0 0 0 0 0 111.0761239 0 0 75.19275471 0 0 0 0 0 62.53524044 0 0 0 0 0 0 75.41094366 0 0 0 75.775263 0 24.59918817 0 0 0 39.00955216 0 0 0 0 0 0 0 39.83150673 0 0 64.3629677 0 0 0 78.44833076 0 74.116193 0 0 0 72.53733836 0 0 54.13607352 0 0 0 0 0 0 0 0 0 0 0 0 0 99.48340456 0 0 0 0 0 0 0 0 0 0 0 
0 0 0 0 0 0 0 0 47.19404297 63.23727328 0 0 48.2668084 127.2243579 58.16358388 0 0 0 0 30.13350716 49.14089923 0 0 0 0 0 66.81027483 0 62.00578382 65.28599165 0 0 0 77.76905426 0 63.89964196 30.72569666 16.24351858 59.29569968 0 0 0 0 0 0 0 0 0 0 0 0 0 0 0 59.62394658 0 0 0 0 0 110.5194303 0 8.88021536 0 0 0 0 0 0 86.54502577 0 0 0 41.20537475 0 0 0 0 0 0 0 0 0 0 0 0 0 77.94124174 0 0 
0 0 0 0 0 0 0 66.00299083 0 0 0 0 56.71730354 0 0 0 0 119.5590407 0 0 0 0 0 127.7580039 0 0 0 0 72.53974742 47.71766669 0 0 0 0 0 0 0 0 65.80660709 62.54488954 24.43932433 0 0 0 0 80.77287848 0 0 0 0 0 0 0 38.50227074 0 0 0 0 0 0 0 0 0 0 68.52762643 0 0 0 0 0 79.77499882 0 0 0 0 0 0 0 0 0 0 0 96.79201453 0 0 0 0 0 0 0 
0 0 0 0 0 67.27210361 0 0 0 67.80882393 0 0 0 0 0 0 0 0 0 0 0 0 32.09883094 0 0 0 0 0 0 0 0 43.6485902 0 0 161.3825657 0 0 55.31975663 0 0 0 0 0 0 0 0 0 0 0 0 0 0 0 0 0 0 0 0 0 0 0 0 0 0 0 0 0 0 0 0 0 0 0 0 0 0 0 0 0 0 0 0 0 0 0 0 0 0 0 0 
0 0 0 54.05705125 0 0 55.39318517 0 72.73254361 0 0 0 0 0 0 0 0 0 0 0 0 0 0 0 0 75.12453237 58.54410671 0 0 14.54614851 0 68.71710007 0 0 42.79338376 0 0 0 0 0 0 0 65.86618378 0 0 0 0 0 0 0 0 0 0 0 0 0 0 0 0 0 0 0 0 0 0 50.1657449 0 0 0 0 0 79.03020075 0 0 0 0 0 0 0 0 0 0 0 0 0 0 0 0 0 0 
0 0 0 0 0 0 0 0 0 72.19034377 0 0 0 0 68.75372307 0 0 46.1521141 0 0 0 58.97712608 0 57.81511662 0 0 0 0 0 0 0 0 0 0 0 0 0 0 0 0 0 0 0 0 0 0 0 0 0 0 0 0 0 0 0 0 0 0 0 0 0 0 0 0 0 0 0 0 0 88.17144225 0 0 0 0 0 0 0 0 0 0 0 0 0 0 0 0 0 0 0 74.80430898 
0 0 0 0 0 0 0 0 0 0 0 0 0 0 0 0 0 0 0 67.35198514 0 0 0 18.08728604 0 0 0 0 0 0 0 0 0 64.43532175 55.09040291 0 0 72.24630123 0 0 0 0 0 0 0 0 0 0 0 0 0 0 0 0 0 0 0 0 0 0 0 77.72865573 58.37048937 0 66.57561939 0 0 0 0 0 0 0 0 0 0 0 0 0 0 0 0 0 0 0 0 0 0 0 0 0 
0 0 0 0 0 0 0 52.37485841 0 0 0 0 0 0 0 0 0 0 0 0 0 0 0 0 0 0 37.05613334 0 0 0 0 0 0 0 0 0 0 0 0 0 0 0 0 0 0 0 0 0 0 0 0 0 0 0 0 0 0 0 0 0 0 0 28.15513769 0 0 0 0 0 0 0 0 0 0 0 0 0 0 0 0 0 0 0 0 0 0 0 0 0 0 0 
43.55747335 0 0 0 0 0 0 0 45.56486224 61.39477055 0 0 0 0 0 0 0 0 0 0 0 0 0 0 0 0 0 0 0 0 0 0 0 0 0 0 0 0 0 0 0 0 0 0 0 0 0 0 0 0 0 0 83.85263197 0 0 0 0 0 0 0 0 0 0 0 0 0 0 0 0 0 0 0 0 0 0 0 0 0 0 0 0 0 0 0 0 0 0 0 0 0 
0 0 0 0 0 0 0 0 0 0 0 0 0 0 0 49.10663919 71.03678082 0 0 0 0 0 0 0 0 0 0 0 0 0 0 0 0 0 0 0 0 0 0 0 0 0 0 0 0 0 0 0 0 0 0 0 0 0 0 0 0 0 0 0 0 0 0 0 0 0 0 0 0 0 0 0 0 0 0 0 0 0 0 0 0 0 0 0 0 0 0 0 0 0 
0 0 0 0 0 0 0 0 0 0 0 0 0 0 0 0 0 0 0 0 0 0 0 0 0 0 0 0 0 0 0 0 0 0 0 0 0 0 0 0 0 0 0 0 0 0 0 0 0 0 0 0 0 0 0 0 0 0 0 0 0 0 0 0 0 0 0 0 0 0 0 0 0 0 0 0 0 0 0 0 0 0 0 0 0 0 0 0 0 0 
0 0 0 0 0 0 0 0 0 0 0 0 0 0 0 0 0 0 0 0 0 0 0 0 0 0 0 0 0 0 0 0 0 0 0 0 0 0 0 0 0 0 0 0 0 0 0 0 0 0 0 0 0 0 0 0 0 0 0 0 0 0 0 0 0 0 0 0 0 0 0 0 0 0 0 0 0 0 0 0 0 0 0 0 0 0 0 0 0 0 
0 0 0 0 0 0 0 0 0 0 0 0 0 0 0 0 0 0 0 0 0 0 0 0 0 0 0 0 0 0 0 0 0 0 0 0 0 0 0 0 0 0 0 0 0 0 0 0 0 0 0 0 0 0 0 0 0 0 0 0 0 0 0 0 0 0 0 0 0 0 0 0 0 0 0 0 0 0 0 0 0 0 0 0 0 0 0 0 0 0 
0 0 0 0 0 0 0 0 0 0 64.02185917 0 0 0 0 0 0 0 0 0 0 0 0 0 0 0 0 0 0 0 0 0 0 0 0 0 0 0 0 0 0 0 0 0 0 0 0 0 0 0 0 0 0 0 0 0 0 0 0 0 0 0 0 0 0 0 0 0 0 0 0 0 0 0 0 0 0 0 0 0 0 0 0 0 0 0 0 0 0 0 
0 0 0 0 0 0 0 0 0 0 0 0 0 0 0 0 0 0 0 0 0 0 0 0 0 0 0 0 0 0 0 0 0 0 0 0 0 0 0 0 0 0 0 0 0 0 0 0 0 0 0 0 0 0 0 0 0 0 0 0 0 0 0 0 0 0 0 0 0 0 0 0 0 0 0 0 0 0 0 0 0 0 0 0 0 0 0 0 0 0 
0 0 0 0 0 0 0 0 0 0 0 0 0 0 0 0 0 0 0 0 0 0 0 0 0 0 0 0 0 0 0 0 0 0 0 0 0 0 0 0 0 0 0 0 0 0 0 0 0 0 0 0 0 0 0 0 0 0 0 0 0 0 0 0 0 0 0 0 0 0 0 0 0 0 0 0 0 0 0 0 0 0 0 0 0 0 0 0 0 0 
0 0 0 0 0 0 0 0 0 0 0 0 0 0 0 0 0 0 0 0 0 0 0 0 0 0 0 0 0 0 0 0 0 0 0 0 0 0 0 0 0 0 0 0 0 0 0 0 0 0 0 0 0 0 0 0 0 0 0 0 0 0 0 0 0 0 0 0 0 0 0 0 0 0 0 0 0 0 0 0 0 0 0 0 0 0 0 0 0 0 
0 0 0 0 0 0 0 0 0 0 0 0 0 0 0 0 0 0 0 0 0 0 0 0 0 0 0 0 0 0 0 0 0 0 0 0 0 0 0 0 0 0 0 0 0 0 0 0 0 0 0 0 0 0 0 0 0 0 0 0 0 0 0 0 0 0 0 0 0 0 0 0 0 0 0 0 0 0 0 0 0 0 0 0 0 0 0 0 0 0 
0 0 0 0 0 0 0 0 0 0 0 0 0 0 0 0 0 0 0 0 0 0 0 0 0 0 0 0 0 0 0 0 0 0 0 0 0 0 0 0 0 0 0 0 0 0 0 0 0 0 0 0 0 0 0 0 0 0 0 0 0 0 0 0 0 0 0 0 0 0 0 0 0 0 0 0 0 0 0 0 0 0 0 0 0 0 0 0 0 0 
0 0 0 0 0 0 0 0 0 0 0 0 0 0 0 0 0 0 0 0 0 0 0 0 0 0 0 0 0 0 0 0 0 0 0 0 0 0 0 0 0 0 0 0 0 0 0 0 0 0 0 0 0 0 0 0 0 0 0 0 0 0 0 0 0 0 0 0 0 0 0 0 0 0 0 0 0 0 0 0 0 0 0 0 0 0 0 0 0 0 
0 0 0 0 0 0 0 0 0 0 0 0 0 0 0 0 0 0 0 0 0 0 0 0 0 0 0 0 0 0 0 0 0 0 0 0 0 0 0 0 0 0 0 0 0 0 0 0 0 0 0 0 0 0 0 0 0 0 0 0 0 0 0 0 0 0 0 0 0 0 0 0 0 0 0 0 0 0 0 0 0 0 0 0 0 0 0 0 0 0 
0 0 0 0 0 0 0 0 0 0 0 0 0 0 0 0 0 0 0 0 0 0 0 0 0 0 0 0 0 0 0 0 0 0 0 0 0 0 0 0 0 0 0 0 0 0 0 0 0 0 0 0 0 0 0 0 0 0 0 0 0 0 0 0 0 0 0 0 0 0 0 0 0 0 0 0 0 0 0 0 0 0 0 0 0 0 0 0 0 0 
0 0 0 0 0 0 0 0 0 0 0 0 0 0 0 0 0 0 0 0 0 0 0 0 0 0 0 0 0 0 0 0 0 0 0 0 0 0 0 0 0 0 0 0 0 0 0 0 0 0 0 0 0 0 0 0 0 0 0 0 0 0 0 0 0 0 0 0 0 0 0 0 0 0 0 0 0 0 0 0 0 0 0 0 0 0 0 0 0 0 
0 0 0 0 0 0 0 0 0 0 0 0 0 0 0 0 0 0 0 0 0 0 0 0 0 0 0 0 0 0 0 0 0 0 0 0 0 0 0 0 0 0 0 0 0 0 0 0 0 0 0 0 0 0 0 0 0 0 0 0 0 0 0 0 0 0 0 0 0 0 0 0 0 0 0 0 0 0 0 0 0 0 0 0 0 0 0 0 0 0 
0 0 0 0 0 0 0 0 0 0 0 0 0 0 0 0 0 0 0 0 0 0 0 0 0 0 0 0 0 0 0 0 0 0 0 0 0 0 0 0 0 0 0 0 0 0 0 0 0 0 0 0 0 0 0 0 0 0 0 0 0 0 0 0 0 0 0 0 0 0 0 0 0 0 0 0 0 0 0 0 0 0 0 0 0 0 0 0 0 0 
0 0 0 0 0 0 0 0 0 0 0 0 0 0 0 0 0 0 0 0 0 0 0 0 0 0 0 0 0 0 0 0 0 0 0 0 0 0 0 0 0 0 0 0 0 0 0 0 0 0 0 0 0 0 0 0 0 0 0 0 0 0 0 0 0 0 0 0 0 0 0 0 0 0 0 0 0 0 0 0 0 0 0 0 0 0 0 0 0 0 
0 0 0 0 0 0 0 0 0 0 0 0 0 0 0 0 0 0 0 0 0 0 0 0 0 0 0 0 0 0 0 0 0 0 0 0 0 0 0 0 0 0 0 0 0 0 0 0 0 0 0 0 0 0 0 0 0 0 0 0 0 0 0 0 0 0 0 0 0 0 0 0 0 0 0 0 0 0 0 0 0 0 0 0 0 0 0 0 0 0 
0 0 0 0 0 0 0 0 0 0 0 0 0 0 0 0 0 0 0 0 0 0 0 0 0 0 0 0 0 0 0 0 0 0 0 0 0 0 0 0 0 0 0 0 0 0 0 0 0 0 0 0 0 0 0 0 0 0 0 0 0 0 0 0 0 0 0 0 0 0 0 0 0 0 0 0 0 0 0 0 0 0 0 0 0 0 0 0 0 0 
0 0 0 0 0 0 0 0 0 0 0 0 0 0 0 0 0 0 0 0 0 0 0 0 0 0 0 0 0 0 0 0 0 0 0 0 0 0 0 0 0 0 0 0 0 0 0 0 0 0 0 0 0 0 0 0 0 0 0 0 0 0 0 0 0 0 0 0 0 0 0 0 0 0 0 0 0 0 0 0 0 0 0 0 0 0 0 0 0 0 
0 0 0 0 0 0 0 0 0 0 0 0 0 0 0 0 0 0 0 0 0 0 0 0 0 0 0 0 0 0 0 0 0 0 0 0 0 0 0 0 0 0 0 0 0 0 0 0 0 0 0 0 0 0 0 0 0 0 0 0 0 0 0 0 0 0 0 0 0 0 0 0 0 0 0 0 0 0 0 0 0 0 0 0 0 0 0 0 0 0 
0 0 0 0 0 0 0 0 0 0 0 0 0 0 0 0 0 0 0 0 0 0 0 0 0 0 0 0 0 0 0 0 0 0 0 0 0 0 0 0 0 0 0 0 0 0 0 0 0 0 0 0 0 0 0 0 0 0 0 0 0 0 0 0 0 0 0 0 0 0 0 0 0 0 0 0 0 0 0 0 0 0 0 0 0 0 0 0 0 0 
0 0 0 0 0 0 0 0 0 0 0 0 0 0 0 0 0 0 0 0 0 0 0 0 0 0 0 0 0 0 0 0 0 0 0 0 0 0 0 0 0 0 0 0 0 0 0 0 0 0 0 0 0 0 0 0 0 0 0 0 0 0 0 0 0 0 0 0 0 0 0 0 0 0 0 0 0 0 0 0 0 0 0 0 0 0 0 0 0 0 
0 0 0 0 0 0 0 0 0 0 0 0 0 0 0 0 0 0 0 0 0 0 0 0 0 0 0 0 0 0 0 0 0 0 0 0 0 0 0 0 0 0 0 0 0 0 0 0 0 0 0 0 0 0 0 0 0 0 0 0 0 0 0 0 0 0 0 0 0 0 0 0 0 0 0 0 0 0 0 0 0 0 0 0 0 0 0 0 0 0 
0 0 0 0 0 0 0 0 0 0 0 0 0 0 0 0 0 0 0 0 0 0 0 0 0 0 0 0 0 0 0 0 0 0 0 0 0 0 0 0 0 0 0 0 0 0 0 0 0 0 0 0 0 0 0 0 0 0 0 0 0 0 0 0 0 0 0 0 0 0 0 0 0 0 0 0 0 0 0 0 0 0 0 0 0 0 0 0 0 0 
0 0 0 0 0 0 0 0 0 0 0 0 0 0 0 0 0 0 0 0 0 0 0 0 0 0 0 0 0 0 0 0 0 0 0 0 0 0 0 0 0 0 0 0 0 0 0 0 0 0 0 0 0 0 0 0 0 0 0 0 0 0 0 0 0 0 0 0 0 0 0 0 0 0 0 0 0 0 0 0 0 0 0 0 0 0 0 0 0 0 
0 0 0 0 0 0 0 0 0 0 0 0 0 0 0 0 0 0 0 0 0 0 0 0 0 0 0 0 0 0 0 0 0 0 0 0 0 0 0 0 0 0 0 0 0 0 0 0 0 0 0 0 0 0 0 0 0 0 0 0 0 0 0 0 0 0 0 0 0 0 0 0 0 0 0 0 0 0 0 0 0 0 0 0 0 0 0 0 0 0 
0 0 0 0 0 0 0 0 0 0 0 0 0 0 0 0 0 0 0 0 0 0 0 0 0 0 0 0 0 0 0 0 0 0 0 0 0 0 0 0 0 0 0 0 0 0 0 0 0 0 0 0 0 0 0 0 0 0 0 0 0 0 0 0 0 0 0 0 0 0 0 0 0 0 0 0 0 0 0 0 0 0 0 0 0 0 0 0 0 0 
0 0 0 0 0 0 0 0 0 0 0 0 0 0 0 0 0 0 0 0 0 0 0 0 0 0 0 0 0 0 0 0 0 0 0 0 0 0 0 0 0 0 0 0 0 0 0 0 0 0 0 0 0 0 0 0 0 0 0 0 0 0 0 0 0 0 0 0 0 0 0 0 0 0 0 0 0 0 0 0 0 0 0 0 0 0 0 0 0 0 
0 0 0 0 0 0 0 0 0 0 0 0 0 0 0 0 0 0 0 0 0 0 0 0 0 0 0 0 0 0 0 0 0 0 0 0 0 0 0 0 0 0 0 0 0 0 0 0 0 0 0 0 0 0 0 0 0 0 0 0 0 0 0 0 0 0 0 0 0 0 0 0 0 0 0 0 0 0 0 0 0 0 0 0 0 0 0 0 0 0 
0 0 0 0 0 0 0 0 0 0 0 0 0 0 0 0 0 0 0 0 0 0 0 0 0 0 0 0 0 0 0 0 0 0 0 0 0 0 0 0 0 0 0 0 0 0 0 0 0 0 0 0 0 0 0 0 0 0 0 0 0 0 0 0 0 0 0 0 0 0 0 0 0 0 0 0 0 0 0 0 0 0 0 0 0 0 0 0 0 0 
0 0 0 0 0 0 0 0 0 0 0 0 0 0 0 0 0 0 0 0 0 0 0 0 0 0 0 0 0 0 0 0 0 0 0 0 0 0 0 0 0 0 0 0 0 0 0 0 0 0 0 0 0 0 0 0 0 0 0 0 0 0 0 0 0 0 0 0 0 0 0 0 0 0 0 0 0 0 0 0 0 0 0 0 0 0 0 0 0 0 
0 0 0 0 0 0 0 0 0 0 0 0 0 0 0 0 0 0 0 0 0 0 0 0 0 0 0 0 0 0 0 0 0 0 0 0 0 0 0 0 0 0 0 0 0 0 0 0 0 0 0 0 0 0 0 0 0 0 0 0 0 0 0 0 0 0 0 0 0 0 0 0 0 0 0 0 0 0 0 0 0 0 0 0 0 0 0 0 0 0 
0 0 0 0 0 0 0 0 0 0 0 0 0 0 0 0 0 0 0 0 0 0 0 0 0 0 0 0 0 0 0 0 0 0 0 0 0 0 0 0 0 0 0 0 0 0 0 0 0 0 0 0 0 0 0 0 0 0 0 0 0 0 0 0 0 0 0 0 0 0 0 0 0 0 0 0 0 0 0 0 0 0 0 0 0 0 0 0 0 0 
0 0 0 0 0 0 0 0 0 0 0 0 0 0 0 0 0 0 0 0 0 0 0 0 0 0 0 0 0 0 0 0 0 0 0 0 0 0 0 0 0 0 0 0 0 0 0 0 0 0 0 0 0 0 0 0 0 0 0 0 0 0 0 0 0 0 0 0 0 0 0 0 0 0 0 0 0 0 0 0 0 0 0 0 0 0 0 0 0 0 
0 0 0 0 0 0 0 0 0 0 0 0 0 0 0 0 0 0 0 0 0 0 0 0 0 0 0 0 0 0 0 0 0 0 0 0 0 0 0 0 0 0 0 0 0 0 0 0 0 0 0 0 0 0 0 0 0 0 0 0 0 0 0 0 0 0 0 0 0 0 0 0 0 0 0 0 0 0 0 0 0 0 0 0 0 0 0 0 0 0 
0 0 0 0 0 0 0 0 0 0 0 0 0 0 0 0 0 0 0 0 0 0 0 0 0 0 0 0 0 0 0 0 0 0 0 0 0 0 0 0 0 0 0 0 0 0 0 0 0 0 0 0 0 0 0 0 0 0 0 0 0 0 0 0 0 0 0 0 0 0 0 0 0 0 0 0 0 0 0 0 0 0 0 0 0 0 0 0 0 0 
0 0 0 0 0 0 0 0 0 0 0 0 0 0 0 0 0 0 0 0 0 0 0 0 0 0 0 0 0 0 0 0 0 0 0 0 0 0 0 0 0 0 0 0 0 0 0 0 0 0 0 0 0 0 0 0 0 0 0 0 0 0 0 0 0 0 0 0 0 0 0 0 0 0 0 0 0 0 0 0 0 0 0 0 0 0 0 0 0 0 
0 0 0 0 0 0 0 0 0 0 0 0 0 0 0 0 0 0 0 0 0 0 0 0 0 0 0 0 0 0 0 0 0 0 0 0 0 0 0 0 0 0 0 0 0 0 0 0 0 0 0 0 0 0 0 0 0 0 0 0 0 0 0 0 0 0 0 0 0 0 0 0 0 0 0 0 0 0 0 0 0 0 0 0 0 0 0 0 0 0 
0 0 0 0 0 0 0 0 0 0 0 0 0 0 0 0 0 0 0 0 0 0 0 0 0 0 0 0 0 0 0 0 0 0 0 0 0 0 0 0 0 0 0 0 0 0 0 0 0 0 0 0 0 0 0 0 0 0 0 0 0 0 0 0 0 0 0 0 0 0 0 0 0 0 0 0 0 0 0 0 0 0 0 0 0 0 0 0 0 0 
0 0 0 0 0 0 0 0 0 0 0 0 0 0 0 0 0 0 0 0 0 0 0 0 0 0 0 0 0 0 0 0 0 0 0 0 0 0 0 0 0 0 0 0 0 0 0 0 0 0 0 0 0 0 0 0 0 0 0 0 0 0 0 0 0 0 0 0 0 0 0 0 0 0 0 0 0 0 0 0 0 0 0 0 0 0 0 0 0 0 
0 0 0 0 0 0 0 0 0 0 0 0 0 0 0 0 0 0 0 0 0 0 0 0 0 0 0 0 0 0 0 0 0 0 0 0 0 0 0 0 0 0 0 0 0 0 0 0 0 0 0 0 0 0 0 0 0 0 0 0 0 0 0 0 0 0 0 0 0 0 0 0 0 0 0 0 0 0 0 0 0 0 0 0 0 0 0 0 0 0 
0 0 0 0 0 0 0 0 0 0 0 0 0 0 0 0 0 0 0 0 0 0 0 0 0 0 0 0 0 0 0 0 0 0 0 0 0 0 0 0 0 0 0 0 0 0 0 0 0 0 0 0 0 0 0 0 0 0 0 0 0 0 0 0 0 0 0 0 0 0 0 0 0 0 0 0 0 0 0 0 0 0 0 0 0 0 0 0 0 0 
0 0 0 0 0 0 0 0 0 0 0 0 0 0 0 0 0 0 0 0 0 0 0 0 0 0 0 0 0 0 0 0 0 0 0 0 0 0 0 0 0 0 0 0 0 0 0 0 0 0 0 0 0 0 0 0 0 0 0 0 0 0 0 0 0 0 0 0 0 0 0 0 0 0 0 0 0 0 0 0 0 0 0 0 0 0 0 0 0 0 
0 0 0 0 0 0 0 0 0 0 0 0 0 0 0 0 0 0 0 0 0 0 0 0 0 0 0 0 0 0 0 0 0 0 0 0 0 0 0 0 0 0 0 0 0 0 0 0 0 0 0 0 0 0 0 0 0 0 0 0 0 0 0 0 0 0 0 0 0 0 0 0 0 0 0 0 0 0 0 0 0 0 0 0 0 0 0 0 0 0 
0 0 0 0 0 0 0 0 0 0 0 0 0 0 0 0 0 0 0 0 0 0 0 0 0 0 0 0 0 0 0 0 0 0 0 0 0 0 0 0 0 0 0 0 0 0 0 0 0 0 0 0 0 0 0 0 0 0 0 0 0 0 0 0 0 0 0 0 0 0 0 0 0 0 0 0 0 0 0 0 0 0 0 0 0 0 0 0 0 0 
0 0 0 0 0 0 0 0 0 0 0 0 0 0 0 0 0 0 0 0 0 0 0 0 0 0 0 0 0 0 0 0 0 0 0 0 0 0 0 0 0 0 0 0 0 0 0 0 0 0 0 0 0 0 0 0 0 0 0 0 0 0 0 0 0 0 0 0 0 0 0 0 0 0 0 0 0 0 0 0 0 0 0 0 0 0 0 0 0 0 
0 0 0 0 0 0 0 0 0 0 0 0 0 0 0 0 0 0 0 0 0 0 0 0 0 0 0 0 0 0 0 0 0 0 0 0 0 0 0 0 0 0 0 0 0 0 0 0 0 0 0 0 0 0 0 0 0 0 0 0 0 0 0 0 0 0 0 0 0 0 0 0 0 0 0 0 0 0 0 0 0 0 0 0 0 0 0 0 0 0 
0 0 0 0 0 0 0 0 0 0 0 0 0 0 0 0 0 0 0 0 0 0 0 0 0 0 0 0 0 0 0 0 0 0 0 0 0 0 0 0 0 0 0 0 0 0 0 0 0 0 0 0 0 0 0 0 0 0 0 0 0 0 0 0 0 0 0 0 0 0 0 0 0 0 0 0 0 0 0 0 0 0 0 0 0 0 0 0 0 0 
0 0 0 0 0 0 0 0 0 0 0 0 0 0 0 0 0 0 0 0 0 0 0 0 0 0 0 0 0 0 0 0 0 0 0 0 0 0 0 0 0 0 0 0 0 0 0 0 0 0 0 0 0 0 0 0 0 0 0 0 0 0 0 0 0 0 0 0 0 0 0 0 0 0 0 0 0 0 0 0 0 0 0 0 0 0 0 0 0 0 
0 0 0 0 0 0 0 0 0 0 0 0 0 0 0 0 0 0 0 0 0 0 0 0 0 0 0 0 0 0 0 0 0 0 0 0 0 0 0 0 0 0 0 0 0 0 0 0 0 0 0 0 0 0 0 0 0 0 0 0 0 0 0 0 0 0 0 0 0 0 0 0 0 0 0 0 0 0 0 0 0 0 0 0 0 0 0 0 0 0 
0 0 0 0 0 0 0 0 0 0 0 0 0 0 0 0 0 0 0 0 0 0 0 0 0 0 0 0 0 0 0 0 0 0 0 0 0 0 0 0 0 0 0 0 0 0 0 0 0 0 0 0 0 0 0 0 0 0 0 0 0 0 0 0 0 0 0 0 0 0 0 0 0 0 0 0 0 0 0 0 0 0 0 0 0 0 0 0 0 0 
0 0 0 0 0 0 0 0 0 0 0 0 0 0 0 0 0 0 0 0 0 0 0 0 0 0 0 0 0 0 0 0 0 0 0 0 0 0 0 0 0 0 0 0 0 0 0 0 0 0 0 0 0 0 0 0 0 0 0 0 0 0 0 0 0 0 0 0 0 0 0 0 0 0 0 0 0 0 0 0 0 0 0 0 0 0 0 0 0 0 
0 0 0 0 0 0 0 0 0 0 0 0 0 0 0 0 0 0 0 0 0 0 0 0 0 0 0 0 0 0 0 0 0 0 0 0 0 0 0 0 0 0 0 0 0 0 0 0 0 0 0 0 0 0 0 0 0 0 0 0 0 0 0 0 0 0 0 0 0 0 0 0 0 0 0 0 0 0 0 0 0 0 0 0 0 0 0 0 0 0 
0 0 0 0 0 0 0 0 0 0 0 0 0 0 0 0 0 0 0 0 0 0 0 0 0 0 0 0 0 0 0 0 0 0 0 0 0 0 0 0 0 0 0 0 0 0 0 0 0 0 0 0 0 0 0 0 0 0 0 0 0 0 0 0 0 0 0 0 0 0 0 0 0 0 0 0 0 0 0 0 0 0 0 0 0 0 0 0 0 0 
0 0 0 0 0 0 0 0 0 0 0 0 0 0 0 0 0 0 0 0 0 0 0 0 0 0 0 0 0 0 0 0 0 0 0 0 0 0 0 0 0 0 0 0 0 0 0 0 0 0 0 0 0 0 0 0 0 0 0 0 0 0 0 0 0 0 0 0 0 0 0 0 0 0 0 0 0 0 0 0 0 0 0 0 0 0 0 0 0 0 
# Errors [psd_monitor6/analyser6_psd.dat] I_err:
0 0 0 76.16798333 0 0 0 0 0 90.03983315 0 0 85.85530157 9.285363287 0 59.45698634 0 0 0 0 0 124.6647553 0 65.01805999 0 77.34641948 0 0 0 0 0 0 0 0 45.09145296 0 0 76.41348052 50.92349722 0 31.14834642 0 0 0 0 0 0 72.14246904 75.91780404 0 0 84.49400878 101.163927 0 57.4724793 90.59101879 84.59936837 0 0 0 0 0 0 0 60.25841198 0 74.65882521 0 29.87446647 0 0 123.3332208 58.47941821 78.89190201 0 0 0 0 0 0 0 0 0 0 0 105.0464142 0 83.60757224 0 37.73749881 
0 68.56329038 0 0 0 0 0 59.8571301 0 0 71.46629946 0 0 0 0 92.21305087 77.66553906 107.1095774 74.34017359 0 0 0 0 88.54702252 0 108.6006108 66.93144744 0 0 74.45816725 0 0 0 87.93047292 0 0 0 0 88.75404418 0 86.64090714 18.84284584 85.45258138 0 0 0 0 0 55.73404895 112.1274187 0 0 0 0 24.42976339 0 0 0 88.90225356 0 0 30.76007976 0 0 81.15493999 0 102.2554818 0 0 0 0 0 0 68.03681969 102.6297749 0 0 66.83408422 0 0 0 50.69993429 0 0 102.4970224 0 0 0 0 0 
0 0 80.68830425 0 0 0 0 0 0 33.34242244 0 0 0 41.21244001 0 94.40257253 0 91.09743372 0 0 62.93627725 103.0679485 0 0 0 0 0 69.37655064 64.09227836 0 68.54351552 0 0 0 0 35.72806117 0 78.74572513 0 97.3238528 0 0 0 0 0 0 67.03917204 97.14143701 0 56.8127827 26.6363882 0 0 0 0 0 33.17822539 93.56387733 68.04979582 61.90010415 0 0 0 21.03365833 0 75.19869267 103.1462767 0 81.45899163 0 44.43388479 0 0 0 0 12.51382173 0 0 0 0 0 0 0 0 0 99.78749574 0 45.71288586 63.45814146 0 
0 0 0 36.35830887 0 0 0 0 100.8348577 68.5808092 0 49.44866734 62.20554626 54.74504223 0 0 0 0 44.68369361 0 64.2035008 67.92220375 58.32180533 0 85.53454957 99.66590233 0 0 0 0 59.82500287 78.76433564 64.29630886 0 0 0 0 79.92219588 0 0 0 19.13004213 0 0 0 102.776319 0 93.15342835 0 63.87805252 0 77.63385797 0 0 0 0 51.95166458 37.11663597 73.28166926 59.68472298 0 0 83.00280616 0 0 93.8380317 129.582286 76.05116113 84.43870685 0 0 0 0 0 0 37.1702419 0 0 0 0 0 0 0 89.8167062 0 0 92.21577782 0 15.33609346 77.91515903 
0 0 75.46372659 0 71.61265747 0 60.42396982 0 36.99659023 60.10262218 0 54.55821277 0 0 0 0 59.237332 0 84.57196869 89.67488399 66.51302418 90.8271284 86.6160346 59.05874117 51.95484504 0 0 47.32027569 0 72.24871306 0 59.99683621 76.78088987 0 0 66.01208024 0 0 56.24713146 0 0 0 0 49.42157564 0 65.89787235 83.41315761 0 0 63.48085042 0 49.92463178 0 49.79267723 85.50163154 0 21.73347386 55.12907271 0 0 0 0 28.39388485 0 82.08381673 0 0 0 0 0 0 0 0 0 0 0 90.0225081 0 0 91.46570472 0 0 0 67.44703923 0 120.2073856 96.10275076 88.35701866 0 0 
0 0 0 0 58.64734973 0 0 0 66.20195371 0 0 54.51012506 0 82.5764597 69.72886614 34.96027166 0 0 46.936261 0 92.4523766 0 92.99417119 0 97.37385539 0 0 0 0 103.3110294 0 0 0 115.2980921 38.45647407 0 0 0 0 0 0 76.19599572 0 84.88271876 0 0 0 0 0 59.20340916 0 0 0 84.24204351 0 0 0 85.57194993 77.76070372 0 83.48317056 0 0 95.39296894 125.8461062 104.7732482 105.7019876 87.4717171 100.8169143 0 100.1807192 0 0 102.9517583 98.50472108 0 50.29907649 0 0 0 0 93.07380653 67.81686513 0 87.70428301 85.01055065 0 0 80.38639958 0 
0 0 0 0 0 0 47.19389495 69.51724867 0 77.32977272 89.38994386 0 0 0 70.5171267 0 63.79649895 0 0 0 0 0 0 38.58892273 103.0188835 83.76385578 0 0 89.25331281 73.77086178 0 0 0 53.52414693 74.3756049 0 0 109.0434826 87.46783875 0 0 71.10666083 59.77666058 0 0 76.39873264 93.02953711 97.00786495 102.7547929 0 0 24.20933862 72.06928821 0 0 0 0 0 69.04370503 121.0885005 0 0 0 0 53.38939024 90.07176485 73.70260141 124.7257948 0 122.3507989 128.2716943 123.3000915 111.450559 0 0 0 0 86.78057038 0 0 76.17744275 0 0 95.25426349 0 0 0 0 0 0 
0 0 0 0 0 83.37216524 66.46925135 0 41.47788585 0 0 0 0 0 0 0 0 0 0 0 0 62.06415175 55.48435789 0 29.08603241 0 0 18.0158114 0 0 0 49.5621711 0 0 79.21428383 109.8766937 0 75.24845184 41.90374692 0 100.0719986 0 42.96751775 132.2299725 60.470692 0 0 0 0 22.73469437 0 76.92584877 0 0 78.88236674 0 0 0 0 51.98856565 89.83852987 0 0 0 0 71.97200978 0 73.04420812 0 0 0 0 116.7281907 96.37860879 0 0 117.0114468 0 92.93997645 0 63.69080128 107.3150644 0 0 0 0 74.29103059 0 0 106.033343 
0 0 0 0 0 0 0 80.70481948 117.8875584 0 0 36.1891189 0 0 0 111.5970589 0 0 0 84.82032029 66.61220721 97.19318162 0 0 0 91.57741547 53.11813317 0 0 0 0 0 66.57480144 0 0 89.00095937 0 0 0 0 0 74.45339187 0 0 83.27338592 87.93823522 70.793136 0 0 79.32152375 42.83310746 104.2307239 19.17012322 64.07596398 0 83.3699917 0 82.07173637 0 0 0 0 0 0 0 103.107279 52.47963115 0 0 0 0 0 126.5679483 17.16182086 0 0 0 0 84.6341372 0 94.86891201 0 0 66.91693442 45.74010331 78.9736961 82.0393711 0 0 91.41784005 
0 47.43561103 0 0 0 0 0 70.93193122 0 0 0 0 0 0 20.94966135 0 0 65.32344719 0 0 0 0 0 0 0 54.62834071 0 45.84173215 74.15244698 108.8969947 0 0 0 59.48892642 0 0 0 0 0 0 0 0 0 0 0 0 80.73434779 0 61.75091546 0 0 0 81.05897541 0 60.64912831 0 0 46.09820426 38.75726563 0 0 80.82817551 0 0 0 0 0 0 0 79.9113469 65.03077217 0 88.93688588 0 89.37481126 0 27.32810329 0 55.64795925 90.8070069 0 0 0 104.1689627 0 0 122.4549785 0 0 91.99173552 
0 0 61.73810622 0 75.1998399 0 0 84.92223825 52.93970229 63.70205683 0 0 0 0 0 0 91.85282392 0 0 111.4484427 0 0 0 44.88318076 31.89312594 64.3287933 0 0 0 0 47.68064825 76.28485061 41.95390673 0 63.14664203 72.46430225 8.397541094 67.68907568 0 0 70.30472607 0 0 0 0 0 0 0 0 0 0 0 93.35368379 78.02221433 0 0 0 0 0 66.51151844 0 109.4392046 85.34863458 0 0 0 0 0 86.35827572 0 0 0 0 0 77.45113177 0 0 68.64117019 94.43230232 0 0 92.16082679 0 0 0 104.8984738 0 0 0 0 
0 0 29.86674898 0 78.71153591 0 0 97.70154698 0 0 0 68.34237142 35.98606576 0 0 0 68.82522455 0 75.09538423 0 0 0 0 62.38573487 0 0 61.07731338 0 0 8.001559015 0 0 0 0 0 0 74.9996403 0 96.03280288 0 0 62.69249416 0 0 69.99718341 0 77.77717902 0 0 0 0 0 19.29812497 54.21524781 0 0 110.7125849 22.42856655 0 60.84566742 0 0 0 0 76.26052438 0 0 0 107.425202 70.06380303 0 0 119.8362616 72.90236157 89.0219623 0 0 0 130.1916604 102.3670456 0 0 0 0 0 65.60723319 0 0 0 0 
78.41588564 0 0 0 0 0 0 0 0 0 0 42.6713913 84.97165432 104.1542091 0 0 0 0 65.57207868 0 0 0 0 0 0 0 101.0244195 12.69366248 0 46.49403458 114.5207033 0 0 0 0 0 0 0 51.1641797 40.871089 76.36877064 0 0 0 0 0 0 66.64107847 78.62035484 0 0 53.70576823 0 79.75903213 0 0 23.59884912 80.90716962 106.3463987 0 0 115.6273584 85.30087659 119.3827958 0 0 0 0 0 69.53817409 0 0 26.64462383 0 0 77.15367428 0 80.22500003 0 0 0 0 0 0 0 0 0 0 0 0 
70.05063004 0 0 63.1620103 63.45483536 0 56.47497032 86.16051853 67.44176438 0 0 44.19890717 0 0 74.950555 61.34189495 0 0 119.3976 0 0 55.18024947 92.31670551 0 0 0 0 0 79.59055341 0 67.57399858 0 23.37929978 0 35.08992097 0 0 0 66.68849194 0 0 62.9094889 0 72.19992239 0 0 0 36.86004259 73.0568666 0 0 31.32162823 0 0 0 0 40.87162018 0 0 0 0 39.12853614 0 0 0 0 0 76.10123125 0 0 0 0 0 102.2029623 0 0 0 0 0 0 0 69.2836181 47.08480956 0 0 0 0 87.33490923 65.93856001 93.26508859 
42.87719098 0 0 0 80.32944094 0 0 0 55.33185568 0 0 0 27.45408127 33.71468784 0 0 0 85.23839663 0 0 0 84.21334837 0 0 0 61.74706209 0 0 0 0 101.2351255 0 0 0 0 0 106.0326483 0 23.06017308 104.2726818 0 0 0 0 0 0 0 70.4866961 67.41248795 0 77.00271401 0 0 0 0 0 0 66.71113645 0 89.09294928 0 0 0 0 0 0 0 84.59819963 0 77.11935522 0 50.11552986 0 0 0 0 78.04374605 0 97.55564905 0 75.06234021 0 0 100.9992939 0 0 0 0 0 0 
0 0 0 0 0 0 0 0 0 0 52.2485029 0 0 58.50479147 61.66114831 96.71984724 39.10823561 0 30.83737642 48.04089443 48.37937799 0 0 0 0 65.16311449 0 0 75.86149846 0 0 0 0 0 75.6398619 67.68431103 95.36657173 0 0 21.8662869 0 0 0 0 0 80.20713824 0 0 67.52208136 0 0 0 66.61632994 72.1597407 0 0 0 0 0 87.98072484 0 0 0 0 0 91.60882565 0 0 0 0 0 0 0 78.16660958 0 72.06277279 0 0 65.60796639 70.39687772 0 0 42.99577947 0 0 0 0 86.85410431 0 96.5544356 
0 0 22.13502578 0 19.62982038 70.49704722 0 107.128357 0 0 0 0 0 61.07256943 0 0 0 0 0 0 0 43.41559368 0 0 0 0 68.38338638 0 0 0 0 0 0 0 0 0 0 66.98879159 0 0 75.09415762 0 0 77.91084061 0 0 0 73.87576935 82.84757613 60.37262424 0 97.92113327 0 0 0 0 0 0 72.87377053 0 0 0 0 0 89.66522759 0 0 0 0 98.37432646 0 0 88.2002867 0 68.47197649 0 37.03528473 0 109.9994787 78.52070225 0 85.07015631 0 9.585271459 0 0 0 0 71.92211776 82.52094155 
0 0 0 0 0 0 0 0 0 0 0 0 56.03702098 0 0 0 0 0 0 0 0 108.5990815 0 68.51256176 0 0 0 64.21406102 0 0 0 0 66.08072536 80.15207616 0 0 0 31.97018009 65.55659836 115.3102427 0 22.90637171 0 11.44637259 69.55801748 65.1092669 0 64.07494513 0 54.88006854 0 0 0 62.68527883 0 0 0 0 0 0 0 60.62321084 0 0 0 0 0 0 0 0 67.94266379 0 0 0 64.3314947 0 0 0 0 0 72.06524899 0 57.67235996 0 42.30057804 88.06433844 0 0 0 0 
0 48.86206642 0 25.26123449 69.97268648 62.42931838 0 56.20061895 65.76452064 0 46.27858548 51.82413648 0 0 0 0 0 0 61.57035341 0 74.67599326 0 0 0 0 0 79.73580886 0 91.98246947 0 0 61.3149767 0 0 65.69631434 0 0 92.08370857 87.98107995 0 0 0 0 79.31172949 75.61245294 48.03035747 92.5499561 0 82.19383913 84.71008619 55.11111558 0 0 0 0 0 0 0 25.10129778 65.3609966 0 63.93015729 0 0 87.84953279 0 0 0 0 57.31005982 105.8159633 74.3656918 0 0 0 0 0 0 0 0 0 0 50.03616255 0 0 55.4105902 0 80.63816898 0 0 
8.867222657 0 0 79.05830835 0 0 79.55447799 34.47350872 0 0 0 0 0 50.21793256 0 0 60.90893007 0 0 0 0 0 0 0 0 49.62561298 0 0 93.28260333 72.84902267 0 0 0 84.5190532 0 0 0 0 89.10162235 0 0 0 0 56.40718851 0 0 98.82977158 0 0 81.00054114 0 0 0 70.27057082 87.95941037 0 0 0 0 71.88250287 0 0 106.3816 0 0 0 0 0 70.25633937 0 0 0 59.83305704 70.5493564 0 0 0 88.7609348 90.82774555 0 145.1486901 0 0 80.87420959 0 80.68224584 0 0 0 0 
0 63.16678178 53.6135547 0 74.73361314 78.37055891 0 0 0 72.83015054 77.8808431 0 0 61.82938978 53.28005356 0 0 0 38.13477483 34.90145096 0 37.76156723 62.01284378 0 0 63.64072995 73.26409477 0 0 72.91933329 0 63.64934248 0 0 103.3074413 0 0 0 23.88026465 0 0 0 0 81.96277712 0 0 0 0 0 0 0 0 0 0 0 131.4495964 80.76112332 0 0 50.42997649 0 0 0 0 0 86.87587436 0 33.83398447 0 0 0 96.24590711 0 80.18645191 0 0 119.3953853 65.90129396 0 47.98896442 0 0 0 0 107.7092659 0 0 0 85.75719399 0 
0 0 0 49.96140259 0 0 0 59.46821728 0 0 47.96013735 0 71.69323071 0 16.68391851 0 0 0 54.96197814 51.65446908 0 59.60475631 84.12442227 0 0 0 58.84002189 0 0 0 0 0 0 65.34628071 61.53622586 57.0724314 0 0 80.30432231 59.89135578 91.59792731 0 0 0 0 0 0 0 82.96751302 0 0 0 0 0 0 0 0 0 0 0 0 0 100.8506303 0 0 0 0 0 0 0 0 0 0 81.92931949 0 0 0 0 32.32968261 0 0 0 0 0 0 87.41398415 0 0 0 0 
0 0 0 0 0 0 0 0 0 65.10554885 0 65.22284471 0 80.33328586 0 0 73.78759838 0 0 0 102.3833542 0 67.69693881 88.71894457 66.24431757 0 0 0 0 0 0 0 0 0 0 0 43.46910994 32.47784079 0 0 78.42071777 88.81048267 0 50.92208077 61.72477942 98.19946201 0 0 74.25778402 0 0 0 77.65497606 0 89.81418259 0 0 0 36.58310343 58.3624853 0 0 0 0 0 0 0 0 85.84166552 0 0 0 0 0 0 0 0 0 0 57.87964598 0 0 0 0 0 96.50060663 0 0 0 0 
0 0 55.60019033 0 0 0 0 0 0 0 0 0 0 0 0 0 0 0 0 0 0 0 43.61193339 0 0 0 0 0 0 0 0 0 0 0 0 0 0 0 74.1328063 0 0 0 31.42594534 0 0 0 0 0 0 107.820341 0 0 0 88.74212033 51.97732551 0 0 0 0 0 0 0 0 0 0 0 0 91.29134151 0 0 0 87.44780617 0 0 0 0 83.52144587 0 36.78689314 0 0 0 0 43.95355109 0 0 0 0 0 0 
23.72919585 0 55.6191395 0 0 0 41.25461325 0 0 0 0 48.24232289 0 0 78.86031675 0 0 0 0 0 130.0761433 0 0 0 0 0 0 0 0 0 0 0 0 0 0 0 0 0 0 89.82686392 0 0 0 0 0 0 0 84.73021348 0 0 66.85051801 0 0 65.34194769 0 89.26094085 76.34250121 0 0 0 0 0 0 0 0 0 0 0 0 0 95.95290393 0 0 0 0 0 0 0 0 0 0 0 0 0 0 0 0 0 0 0 
72.92412531 55.75898943 0 61.68714831 0 64.95468313 0 63.91254413 0 0 0 0 0 0 84.6257866 0 0 75.19275471 0 0 0 0 0 62.53524044 0 0 0 0 0 0 75.41094366 0 0 0 75.775263 0 24.59918817 0 0 0 39.00955216 0 0 0 0 0 0 0 39.83150673 0 0 64.3629677 0 0 0 78.44833076 0 74.116193 0 0 0 72.53733836 0 0 54.13607352 0 0 0 0 0 0 0 0 0 0 0 0 0 99.48340456 0 0 0 0 0 0 0 0 0 0 0 
0 0 0 0 0 0 0 0 47.19404297 63.23727328 0 0 48.2668084 90.34762752 58.16358388 0 0 0 0 30.13350716 49.14089923 0 0 0 0 0 66.81027483 0 62.00578382 65.28599165 0 0 0 77.76905426 0 63.89964196 30.72569666 16.24351858 59.29569968 0 0 0 0 0 0 0 0 0 0 0 0 0 0 0 59.62394658 0 0 0 0 0 80.78850971 0 8.88021536 0 0 0 0 0 0 86.54502577 0 0 0 41.20537475 0 0 0 0 0 0 0 0 0 0 0 0 0 77.94124174 0 0 
0 0 0 0 0 0 0 66.00299083 0 0 0 0 56.71730354 0 0 0 0 87.84953796 0 0 0 0 0 90.3423197 0 0 0 0 72.53974742 47.71766669 0 0 0 0 0 0 0 0 65.80660709 62.54488954 24.43932433 0 0 0 0 80.77287848 0 0 0 0 0 0 0 38.50227074 0 0 0 0 0 0 0 0 0 0 68.52762643 0 0 0 0 0 79.77499882 0 0 0 0 0 0 0 0 0 0 0 96.79201453 0 0 0 0 0 0 0 
0 0 0 0 0 67.27210361 0 0 0 67.80882393 0 0 0 0 0 0 0 0 0 0 0 0 32.09883094 0 0 0 0 0 0 0 0 43.6485902 0 0 114.5727568 0 0 55.31975663 0 0 0 0 0 0 0 0 0 0 0 0 0 0 0 0 0 0 0 0 0 0 0 0 0 0 0 0 0 0 0 0 0 0 0 0 0 0 0 0 0 0 0 0 0 0 0 0 0 0 0 0 
0 0 0 54.05705125 0 0 55.39318517 0 72.73254361 0 0 0 0 0 0 0 0 0 0 0 0 0 0 0 0 75.12453237 58.54410671 0 0 14.54614851 0 68.71710007 0 0 42.79338376 0 0 0 0 0 0 0 65.86618378 0 0 0 0 0 0 0 0 0 0 0 0 0 0 0 0 0 0 0 0 0 0 50.1657449 0 0 0 0 0 79.03020075 0 0 0 0 0 0 0 0 0 0 0 0 0 0 0 0 0 0 
0 0 0 0 0 0 0 0 0 72.19034377 0 0 0 0 68.75372307 0 0 46.1521141 0 0 0 58.97712608 0 57.81511662 0 0 0 0 0 0 0 0 0 0 0 0 0 0 0 0 0 0 0 0 0 0 0 0 0 0 0 0 0 0 0 0 0 0 0 0 0 0 0 0 0 0 0 0 0 88.17144225 0 0 0 0 0 0 0 0 0 0 0 0 0 0 0 0 0 0 0 74.80430898 
0 0 0 0 0 0 0 0 0 0 0 0 0 0 0 0 0 0 0 67.35198514 0 0 0 18.08728604 0 0 0 0 0 0 0 0 0 64.43532175 55.09040291 0 0 72.24630123 0 0 0 0 0 0 0 0 0 0 0 0 0 0 0 0 0 0 0 0 0 0 0 77.72865573 58.37048937 0 66.57561939 0 0 0 0 0 0 0 0 0 0 0 0 0 0 0 0 0 0 0 0 0 0 0 0 0 
0 0 0 0 0 0 0 52.37485841 0 0 0 0 0 0 0 0 0 0 0 0 0 0 0 0 0 0 37.05613334 0 0 0 0 0 0 0 0 0 0 0 0 0 0 0 0 0 0 0 0 0 0 0 0 0 0 0 0 0 0 0 0 0 0 0 28.15513769 0 0 0 0 0 0 0 0 0 0 0 0 0 0 0 0 0 0 0 0 0 0 0 0 0 0 0 
43.55747335 0 0 0 0 0 0 0 45.56486224 61.39477055 0 0 0 0 0 0 0 0 0 0 0 0 0 0 0 0 0 0 0 0 0 0 0 0 0 0 0 0 0 0 0 0 0 0 0 0 0 0 0 0 0 0 83.85263197 0 0 0 0 0 0 0 0 0 0 0 0 0 0 0 0 0 0 0 0 0 0 0 0 0 0 0 0 0 0 0 0 0 0 0 0 0 
0 0 0 0 0 0 0 0 0 0 0 0 0 0 0 49.10663919 71.03678082 0 0 0 0 0 0 0 0 0 0 0 0 0 0 0 0 0 0 0 0 0 0 0 0 0 0 0 0 0 0 0 0 0 0 0 0 0 0 0 0 0 0 0 0 0 0 0 0 0 0 0 0 0 0 0 0 0 0 0 0 0 0 0 0 0 0 0 0 0 0 0 0 0 
0 0 0 0 0 0 0 0 0 0 0 0 0 0 0 0 0 0 0 0 0 0 0 0 0 0 0 0 0 0 0 0 0 0 0 0 0 0 0 0 0 0 0 0 0 0 0 0 0 0 0 0 0 0 0 0 0 0 0 0 0 0 0 0 0 0 0 0 0 0 0 0 0 0 0 0 0 0 0 0 0 0 0 0 0 0 0 0 0 0 
0 0 0 0 0 0 0 0 0 0 0 0 0 0 0 0 0 0 0 0 0 0 0 0 0 0 0 0 0 0 0 0 0 0 0 0 0 0 0 0 0 0 0 0 0 0 0 0 0 0 0 0 0 0 0 0 0 0 0 0 0 0 0 0 0 0 0 0 0 0 0 0 0 0 0 0 0 0 0 0 0 0 0 0 0 0 0 0 0 0 
0 0 0 0 0 0 0 0 0 0 0 0 0 0 0 0 0 0 0 0 0 0 0 0 0 0 0 0 0 0 0 0 0 0 0 0 0 0 0 0 0 0 0 0 0 0 0 0 0 0 0 0 0 0 0 0 0 0 0 0 0 0 0 0 0 0 0 0 0 0 0 0 0 0 0 0 0 0 0 0 0 0 0 0 0 0 0 0 0 0 
0 0 0 0 0 0 0 0 0 0 64.02185917 0 0 0 0 0 0 0 0 0 0 0 0 0 0 0 0 0 0 0 0 0 0 0 0 0 0 0 0 0 0 0 0 0 0 0 0 0 0 0 0 0 0 0 0 0 0 0 0 0 0 0 0 0 0 0 0 0 0 0 0 0 0 0 0 0 0 0 0 0 0 0 0 0 0 0 0 0 0 0 
0 0 0 0 0 0 0 0 0 0 0 0 0 0 0 0 0 0 0 0 0 0 0 0 0 0 0 0 0 0 0 0 0 0 0 0 0 0 0 0 0 0 0 0 0 0 0 0 0 0 0 0 0 0 0 0 0 0 0 0 0 0 0 0 0 0 0 0 0 0 0 0 0 0 0 0 0 0 0 0 0 0 0 0 0 0 0 0 0 0 
0 0 0 0 0 0 0 0 0 0 0 0 0 0 0 0 0 0 0 0 0 0 0 0 0 0 0 0 0 0 0 0 0 0 0 0 0 0 0 0 0 0 0 0 0 0 0 0 0 0 0 0 0 0 0 0 0 0 0 0 0 0 0 0 0 0 0 0 0 0 0 0 0 0 0 0 0 0 0 0 0 0 0 0 0 0 0 0 0 0 
0 0 0 0 0 0 0 0 0 0 0 0 0 0 0 0 0 0 0 0 0 0 0 0 0 0 0 0 0 0 0 0 0 0 0 0 0 0 0 0 0 0 0 0 0 0 0 0 0 0 0 0 0 0 0 0 0 0 0 0 0 0 0 0 0 0 0 0 0 0 0 0 0 0 0 0 0 0 0 0 0 0 0 0 0 0 0 0 0 0 
0 0 0 0 0 0 0 0 0 0 0 0 0 0 0 0 0 0 0 0 0 0 0 0 0 0 0 0 0 0 0 0 0 0 0 0 0 0 0 0 0 0 0 0 0 0 0 0 0 0 0 0 0 0 0 0 0 0 0 0 0 0 0 0 0 0 0 0 0 0 0 0 0 0 0 0 0 0 0 0 0 0 0 0 0 0 0 0 0 0 
0 0 0 0 0 0 0 0 0 0 0 0 0 0 0 0 0 0 0 0 0 0 0 0 0 0 0 0 0 0 0 0 0 0 0 0 0 0 0 0 0 0 0 0 0 0 0 0 0 0 0 0 0 0 0 0 0 0 0 0 0 0 0 0 0 0 0 0 0 0 0 0 0 0 0 0 0 0 0 0 0 0 0 0 0 0 0 0 0 0 
0 0 0 0 0 0 0 0 0 0 0 0 0 0 0 0 0 0 0 0 0 0 0 0 0 0 0 0 0 0 0 0 0 0 0 0 0 0 0 0 0 0 0 0 0 0 0 0 0 0 0 0 0 0 0 0 0 0 0 0 0 0 0 0 0 0 0 0 0 0 0 0 0 0 0 0 0 0 0 0 0 0 0 0 0 0 0 0 0 0 
0 0 0 0 0 0 0 0 0 0 0 0 0 0 0 0 0 0 0 0 0 0 0 0 0 0 0 0 0 0 0 0 0 0 0 0 0 0 0 0 0 0 0 0 0 0 0 0 0 0 0 0 0 0 0 0 0 0 0 0 0 0 0 0 0 0 0 0 0 0 0 0 0 0 0 0 0 0 0 0 0 0 0 0 0 0 0 0 0 0 
0 0 0 0 0 0 0 0 0 0 0 0 0 0 0 0 0 0 0 0 0 0 0 0 0 0 0 0 0 0 0 0 0 0 0 0 0 0 0 0 0 0 0 0 0 0 0 0 0 0 0 0 0 0 0 0 0 0 0 0 0 0 0 0 0 0 0 0 0 0 0 0 0 0 0 0 0 0 0 0 0 0 0 0 0 0 0 0 0 0 
0 0 0 0 0 0 0 0 0 0 0 0 0 0 0 0 0 0 0 0 0 0 0 0 0 0 0 0 0 0 0 0 0 0 0 0 0 0 0 0 0 0 0 0 0 0 0 0 0 0 0 0 0 0 0 0 0 0 0 0 0 0 0 0 0 0 0 0 0 0 0 0 0 0 0 0 0 0 0 0 0 0 0 0 0 0 0 0 0 0 
0 0 0 0 0 0 0 0 0 0 0 0 0 0 0 0 0 0 0 0 0 0 0 0 0 0 0 0 0 0 0 0 0 0 0 0 0 0 0 0 0 0 0 0 0 0 0 0 0 0 0 0 0 0 0 0 0 0 0 0 0 0 0 0 0 0 0 0 0 0 0 0 0 0 0 0 0 0 0 0 0 0 0 0 0 0 0 0 0 0 
0 0 0 0 0 0 0 0 0 0 0 0 0 0 0 0 0 0 0 0 0 0 0 0 0 0 0 0 0 0 0 0 0 0 0 0 0 0 0 0 0 0 0 0 0 0 0 0 0 0 0 0 0 0 0 0 0 0 0 0 0 0 0 0 0 0 0 0 0 0 0 0 0 0 0 0 0 0 0 0 0 0 0 0 0 0 0 0 0 0 
0 0 0 0 0 0 0 0 0 0 0 0 0 0 0 0 0 0 0 0 0 0 0 0 0 0 0 0 0 0 0 0 0 0 0 0 0 0 0 0 0 0 0 0 0 0 0 0 0 0 0 0 0 0 0 0 0 0 0 0 0 0 0 0 0 0 0 0 0 0 0 0 0 0 0 0 0 0 0 0 0 0 0 0 0 0 0 0 0 0 
0 0 0 0 0 0 0 0 0 0 0 0 0 0 0 0 0 0 0 0 0 0 0 0 0 0 0 0 0 0 0 0 0 0 0 0 0 0 0 0 0 0 0 0 0 0 0 0 0 0 0 0 0 0 0 0 0 0 0 0 0 0 0 0 0 0 0 0 0 0 0 0 0 0 0 0 0 0 0 0 0 0 0 0 0 0 0 0 0 0 
0 0 0 0 0 0 0 0 0 0 0 0 0 0 0 0 0 0 0 0 0 0 0 0 0 0 0 0 0 0 0 0 0 0 0 0 0 0 0 0 0 0 0 0 0 0 0 0 0 0 0 0 0 0 0 0 0 0 0 0 0 0 0 0 0 0 0 0 0 0 0 0 0 0 0 0 0 0 0 0 0 0 0 0 0 0 0 0 0 0 
0 0 0 0 0 0 0 0 0 0 0 0 0 0 0 0 0 0 0 0 0 0 0 0 0 0 0 0 0 0 0 0 0 0 0 0 0 0 0 0 0 0 0 0 0 0 0 0 0 0 0 0 0 0 0 0 0 0 0 0 0 0 0 0 0 0 0 0 0 0 0 0 0 0 0 0 0 0 0 0 0 0 0 0 0 0 0 0 0 0 
0 0 0 0 0 0 0 0 0 0 0 0 0 0 0 0 0 0 0 0 0 0 0 0 0 0 0 0 0 0 0 0 0 0 0 0 0 0 0 0 0 0 0 0 0 0 0 0 0 0 0 0 0 0 0 0 0 0 0 0 0 0 0 0 0 0 0 0 0 0 0 0 0 0 0 0 0 0 0 0 0 0 0 0 0 0 0 0 0 0 
0 0 0 0 0 0 0 0 0 0 0 0 0 0 0 0 0 0 0 0 0 0 0 0 0 0 0 0 0 0 0 0 0 0 0 0 0 0 0 0 0 0 0 0 0 0 0 0 0 0 0 0 0 0 0 0 0 0 0 0 0 0 0 0 0 0 0 0 0 0 0 0 0 0 0 0 0 0 0 0 0 0 0 0 0 0 0 0 0 0 
0 0 0 0 0 0 0 0 0 0 0 0 0 0 0 0 0 0 0 0 0 0 0 0 0 0 0 0 0 0 0 0 0 0 0 0 0 0 0 0 0 0 0 0 0 0 0 0 0 0 0 0 0 0 0 0 0 0 0 0 0 0 0 0 0 0 0 0 0 0 0 0 0 0 0 0 0 0 0 0 0 0 0 0 0 0 0 0 0 0 
0 0 0 0 0 0 0 0 0 0 0 0 0 0 0 0 0 0 0 0 0 0 0 0 0 0 0 0 0 0 0 0 0 0 0 0 0 0 0 0 0 0 0 0 0 0 0 0 0 0 0 0 0 0 0 0 0 0 0 0 0 0 0 0 0 0 0 0 0 0 0 0 0 0 0 0 0 0 0 0 0 0 0 0 0 0 0 0 0 0 
0 0 0 0 0 0 0 0 0 0 0 0 0 0 0 0 0 0 0 0 0 0 0 0 0 0 0 0 0 0 0 0 0 0 0 0 0 0 0 0 0 0 0 0 0 0 0 0 0 0 0 0 0 0 0 0 0 0 0 0 0 0 0 0 0 0 0 0 0 0 0 0 0 0 0 0 0 0 0 0 0 0 0 0 0 0 0 0 0 0 
0 0 0 0 0 0 0 0 0 0 0 0 0 0 0 0 0 0 0 0 0 0 0 0 0 0 0 0 0 0 0 0 0 0 0 0 0 0 0 0 0 0 0 0 0 0 0 0 0 0 0 0 0 0 0 0 0 0 0 0 0 0 0 0 0 0 0 0 0 0 0 0 0 0 0 0 0 0 0 0 0 0 0 0 0 0 0 0 0 0 
0 0 0 0 0 0 0 0 0 0 0 0 0 0 0 0 0 0 0 0 0 0 0 0 0 0 0 0 0 0 0 0 0 0 0 0 0 0 0 0 0 0 0 0 0 0 0 0 0 0 0 0 0 0 0 0 0 0 0 0 0 0 0 0 0 0 0 0 0 0 0 0 0 0 0 0 0 0 0 0 0 0 0 0 0 0 0 0 0 0 
0 0 0 0 0 0 0 0 0 0 0 0 0 0 0 0 0 0 0 0 0 0 0 0 0 0 0 0 0 0 0 0 0 0 0 0 0 0 0 0 0 0 0 0 0 0 0 0 0 0 0 0 0 0 0 0 0 0 0 0 0 0 0 0 0 0 0 0 0 0 0 0 0 0 0 0 0 0 0 0 0 0 0 0 0 0 0 0 0 0 
0 0 0 0 0 0 0 0 0 0 0 0 0 0 0 0 0 0 0 0 0 0 0 0 0 0 0 0 0 0 0 0 0 0 0 0 0 0 0 0 0 0 0 0 0 0 0 0 0 0 0 0 0 0 0 0 0 0 0 0 0 0 0 0 0 0 0 0 0 0 0 0 0 0 0 0 0 0 0 0 0 0 0 0 0 0 0 0 0 0 
0 0 0 0 0 0 0 0 0 0 0 0 0 0 0 0 0 0 0 0 0 0 0 0 0 0 0 0 0 0 0 0 0 0 0 0 0 0 0 0 0 0 0 0 0 0 0 0 0 0 0 0 0 0 0 0 0 0 0 0 0 0 0 0 0 0 0 0 0 0 0 0 0 0 0 0 0 0 0 0 0 0 0 0 0 0 0 0 0 0 
0 0 0 0 0 0 0 0 0 0 0 0 0 0 0 0 0 0 0 0 0 0 0 0 0 0 0 0 0 0 0 0 0 0 0 0 0 0 0 0 0 0 0 0 0 0 0 0 0 0 0 0 0 0 0 0 0 0 0 0 0 0 0 0 0 0 0 0 0 0 0 0 0 0 0 0 0 0 0 0 0 0 0 0 0 0 0 0 0 0 
0 0 0 0 0 0 0 0 0 0 0 0 0 0 0 0 0 0 0 0 0 0 0 0 0 0 0 0 0 0 0 0 0 0 0 0 0 0 0 0 0 0 0 0 0 0 0 0 0 0 0 0 0 0 0 0 0 0 0 0 0 0 0 0 0 0 0 0 0 0 0 0 0 0 0 0 0 0 0 0 0 0 0 0 0 0 0 0 0 0 
0 0 0 0 0 0 0 0 0 0 0 0 0 0 0 0 0 0 0 0 0 0 0 0 0 0 0 0 0 0 0 0 0 0 0 0 0 0 0 0 0 0 0 0 0 0 0 0 0 0 0 0 0 0 0 0 0 0 0 0 0 0 0 0 0 0 0 0 0 0 0 0 0 0 0 0 0 0 0 0 0 0 0 0 0 0 0 0 0 0 
0 0 0 0 0 0 0 0 0 0 0 0 0 0 0 0 0 0 0 0 0 0 0 0 0 0 0 0 0 0 0 0 0 0 0 0 0 0 0 0 0 0 0 0 0 0 0 0 0 0 0 0 0 0 0 0 0 0 0 0 0 0 0 0 0 0 0 0 0 0 0 0 0 0 0 0 0 0 0 0 0 0 0 0 0 0 0 0 0 0 
0 0 0 0 0 0 0 0 0 0 0 0 0 0 0 0 0 0 0 0 0 0 0 0 0 0 0 0 0 0 0 0 0 0 0 0 0 0 0 0 0 0 0 0 0 0 0 0 0 0 0 0 0 0 0 0 0 0 0 0 0 0 0 0 0 0 0 0 0 0 0 0 0 0 0 0 0 0 0 0 0 0 0 0 0 0 0 0 0 0 
0 0 0 0 0 0 0 0 0 0 0 0 0 0 0 0 0 0 0 0 0 0 0 0 0 0 0 0 0 0 0 0 0 0 0 0 0 0 0 0 0 0 0 0 0 0 0 0 0 0 0 0 0 0 0 0 0 0 0 0 0 0 0 0 0 0 0 0 0 0 0 0 0 0 0 0 0 0 0 0 0 0 0 0 0 0 0 0 0 0 
0 0 0 0 0 0 0 0 0 0 0 0 0 0 0 0 0 0 0 0 0 0 0 0 0 0 0 0 0 0 0 0 0 0 0 0 0 0 0 0 0 0 0 0 0 0 0 0 0 0 0 0 0 0 0 0 0 0 0 0 0 0 0 0 0 0 0 0 0 0 0 0 0 0 0 0 0 0 0 0 0 0 0 0 0 0 0 0 0 0 
0 0 0 0 0 0 0 0 0 0 0 0 0 0 0 0 0 0 0 0 0 0 0 0 0 0 0 0 0 0 0 0 0 0 0 0 0 0 0 0 0 0 0 0 0 0 0 0 0 0 0 0 0 0 0 0 0 0 0 0 0 0 0 0 0 0 0 0 0 0 0 0 0 0 0 0 0 0 0 0 0 0 0 0 0 0 0 0 0 0 
0 0 0 0 0 0 0 0 0 0 0 0 0 0 0 0 0 0 0 0 0 0 0 0 0 0 0 0 0 0 0 0 0 0 0 0 0 0 0 0 0 0 0 0 0 0 0 0 0 0 0 0 0 0 0 0 0 0 0 0 0 0 0 0 0 0 0 0 0 0 0 0 0 0 0 0 0 0 0 0 0 0 0 0 0 0 0 0 0 0 
0 0 0 0 0 0 0 0 0 0 0 0 0 0 0 0 0 0 0 0 0 0 0 0 0 0 0 0 0 0 0 0 0 0 0 0 0 0 0 0 0 0 0 0 0 0 0 0 0 0 0 0 0 0 0 0 0 0 0 0 0 0 0 0 0 0 0 0 0 0 0 0 0 0 0 0 0 0 0 0 0 0 0 0 0 0 0 0 0 0 
0 0 0 0 0 0 0 0 0 0 0 0 0 0 0 0 0 0 0 0 0 0 0 0 0 0 0 0 0 0 0 0 0 0 0 0 0 0 0 0 0 0 0 0 0 0 0 0 0 0 0 0 0 0 0 0 0 0 0 0 0 0 0 0 0 0 0 0 0 0 0 0 0 0 0 0 0 0 0 0 0 0 0 0 0 0 0 0 0 0 
0 0 0 0 0 0 0 0 0 0 0 0 0 0 0 0 0 0 0 0 0 0 0 0 0 0 0 0 0 0 0 0 0 0 0 0 0 0 0 0 0 0 0 0 0 0 0 0 0 0 0 0 0 0 0 0 0 0 0 0 0 0 0 0 0 0 0 0 0 0 0 0 0 0 0 0 0 0 0 0 0 0 0 0 0 0 0 0 0 0 
0 0 0 0 0 0 0 0 0 0 0 0 0 0 0 0 0 0 0 0 0 0 0 0 0 0 0 0 0 0 0 0 0 0 0 0 0 0 0 0 0 0 0 0 0 0 0 0 0 0 0 0 0 0 0 0 0 0 0 0 0 0 0 0 0 0 0 0 0 0 0 0 0 0 0 0 0 0 0 0 0 0 0 0 0 0 0 0 0 0 
0 0 0 0 0 0 0 0 0 0 0 0 0 0 0 0 0 0 0 0 0 0 0 0 0 0 0 0 0 0 0 0 0 0 0 0 0 0 0 0 0 0 0 0 0 0 0 0 0 0 0 0 0 0 0 0 0 0 0 0 0 0 0 0 0 0 0 0 0 0 0 0 0 0 0 0 0 0 0 0 0 0 0 0 0 0 0 0 0 0 
0 0 0 0 0 0 0 0 0 0 0 0 0 0 0 0 0 0 0 0 0 0 0 0 0 0 0 0 0 0 0 0 0 0 0 0 0 0 0 0 0 0 0 0 0 0 0 0 0 0 0 0 0 0 0 0 0 0 0 0 0 0 0 0 0 0 0 0 0 0 0 0 0 0 0 0 0 0 0 0 0 0 0 0 0 0 0 0 0 0 
0 0 0 0 0 0 0 0 0 0 0 0 0 0 0 0 0 0 0 0 0 0 0 0 0 0 0 0 0 0 0 0 0 0 0 0 0 0 0 0 0 0 0 0 0 0 0 0 0 0 0 0 0 0 0 0 0 0 0 0 0 0 0 0 0 0 0 0 0 0 0 0 0 0 0 0 0 0 0 0 0 0 0 0 0 0 0 0 0 0 
0 0 0 0 0 0 0 0 0 0 0 0 0 0 0 0 0 0 0 0 0 0 0 0 0 0 0 0 0 0 0 0 0 0 0 0 0 0 0 0 0 0 0 0 0 0 0 0 0 0 0 0 0 0 0 0 0 0 0 0 0 0 0 0 0 0 0 0 0 0 0 0 0 0 0 0 0 0 0 0 0 0 0 0 0 0 0 0 0 0 
0 0 0 0 0 0 0 0 0 0 0 0 0 0 0 0 0 0 0 0 0 0 0 0 0 0 0 0 0 0 0 0 0 0 0 0 0 0 0 0 0 0 0 0 0 0 0 0 0 0 0 0 0 0 0 0 0 0 0 0 0 0 0 0 0 0 0 0 0 0 0 0 0 0 0 0 0 0 0 0 0 0 0 0 0 0 0 0 0 0 
0 0 0 0 0 0 0 0 0 0 0 0 0 0 0 0 0 0 0 0 0 0 0 0 0 0 0 0 0 0 0 0 0 0 0 0 0 0 0 0 0 0 0 0 0 0 0 0 0 0 0 0 0 0 0 0 0 0 0 0 0 0 0 0 0 0 0 0 0 0 0 0 0 0 0 0 0 0 0 0 0 0 0 0 0 0 0 0 0 0 
0 0 0 0 0 0 0 0 0 0 0 0 0 0 0 0 0 0 0 0 0 0 0 0 0 0 0 0 0 0 0 0 0 0 0 0 0 0 0 0 0 0 0 0 0 0 0 0 0 0 0 0 0 0 0 0 0 0 0 0 0 0 0 0 0 0 0 0 0 0 0 0 0 0 0 0 0 0 0 0 0 0 0 0 0 0 0 0 0 0 
0 0 0 0 0 0 0 0 0 0 0 0 0 0 0 0 0 0 0 0 0 0 0 0 0 0 0 0 0 0 0 0 0 0 0 0 0 0 0 0 0 0 0 0 0 0 0 0 0 0 0 0 0 0 0 0 0 0 0 0 0 0 0 0 0 0 0 0 0 0 0 0 0 0 0 0 0 0 0 0 0 0 0 0 0 0 0 0 0 0 
0 0 0 0 0 0 0 0 0 0 0 0 0 0 0 0 0 0 0 0 0 0 0 0 0 0 0 0 0 0 0 0 0 0 0 0 0 0 0 0 0 0 0 0 0 0 0 0 0 0 0 0 0 0 0 0 0 0 0 0 0 0 0 0 0 0 0 0 0 0 0 0 0 0 0 0 0 0 0 0 0 0 0 0 0 0 0 0 0 0 
0 0 0 0 0 0 0 0 0 0 0 0 0 0 0 0 0 0 0 0 0 0 0 0 0 0 0 0 0 0 0 0 0 0 0 0 0 0 0 0 0 0 0 0 0 0 0 0 0 0 0 0 0 0 0 0 0 0 0 0 0 0 0 0 0 0 0 0 0 0 0 0 0 0 0 0 0 0 0 0 0 0 0 0 0 0 0 0 0 0 
0 0 0 0 0 0 0 0 0 0 0 0 0 0 0 0 0 0 0 0 0 0 0 0 0 0 0 0 0 0 0 0 0 0 0 0 0 0 0 0 0 0 0 0 0 0 0 0 0 0 0 0 0 0 0 0 0 0 0 0 0 0 0 0 0 0 0 0 0 0 0 0 0 0 0 0 0 0 0 0 0 0 0 0 0 0 0 0 0 0 
0 0 0 0 0 0 0 0 0 0 0 0 0 0 0 0 0 0 0 0 0 0 0 0 0 0 0 0 0 0 0 0 0 0 0 0 0 0 0 0 0 0 0 0 0 0 0 0 0 0 0 0 0 0 0 0 0 0 0 0 0 0 0 0 0 0 0 0 0 0 0 0 0 0 0 0 0 0 0 0 0 0 0 0 0 0 0 0 0 0 
0 0 0 0 0 0 0 0 0 0 0 0 0 0 0 0 0 0 0 0 0 0 0 0 0 0 0 0 0 0 0 0 0 0 0 0 0 0 0 0 0 0 0 0 0 0 0 0 0 0 0 0 0 0 0 0 0 0 0 0 0 0 0 0 0 0 0 0 0 0 0 0 0 0 0 0 0 0 0 0 0 0 0 0 0 0 0 0 0 0 
# Events [psd_monitor6/analyser6_psd.dat] N:
0 0 0 1 0 0 0 0 0 2 0 0 1 1 0 1 0 0 0 0 0 3 0 1 0 2 0 0 0 0 0 0 0 0 1 0 0 1 1 0 1 0 0 0 0 0 0 1 1 0 0 1 1 0 1 1 1 0 0 0 0 0 0 0 1 0 1 0 1 0 0 2 1 1 0 0 0 0 0 0 0 0 0 0 0 2 0 1 0 1 
0 1 0 0 0 0 0 1 0 0 1 0 0 0 0 1 1 2 1 0 0 0 0 1 0 2 1 0 0 1 0 0 0 1 0 0 0 0 1 0 2 1 1 0 0 0 0 0 1 3 0 0 0 0 1 0 0 0 1 0 0 1 0 0 1 0 1 0 0 0 0 0 0 1 1 0 0 2 0 0 0 1 0 0 2 0 0 0 0 0 
0 0 2 0 0 0 0 0 0 1 0 0 0 1 0 1 0 1 0 0 2 2 0 0 0 0 0 1 1 0 1 0 0 0 0 1 0 1 0 1 0 0 0 0 0 0 1 1 0 1 1 0 0 0 0 0 1 1 1 1 0 0 0 1 0 1 2 0 1 0 1 0 0 0 0 1 0 0 0 0 0 0 0 0 0 2 0 1 1 0 
0 0 0 1 0 0 0 0 2 1 0 1 1 1 0 0 0 0 1 0 1 1 1 0 1 2 0 0 0 0 1 1 1 0 0 0 0 1 0 0 0 1 0 0 0 2 0 2 0 1 0 1 0 0 0 0 1 1 1 1 0 0 1 0 0 1 2 1 1 0 0 0 0 0 0 1 0 0 0 0 0 0 0 1 0 0 1 0 1 2 
0 0 1 0 1 0 1 0 1 1 0 1 0 0 0 0 1 0 1 1 1 1 1 1 1 0 0 1 0 1 0 1 1 0 0 1 0 0 1 0 0 0 0 1 0 1 1 0 0 1 0 1 0 1 1 0 1 1 0 0 0 0 1 0 1 0 0 0 0 0 0 0 0 0 0 0 1 0 0 1 0 0 0 1 0 2 1 1 0 0 
0 0 0 0 1 0 0 0 1 0 0 1 0 1 1 1 0 0 1 0 1 0 1 0 1 0 0 0 0 2 0 0 0 2 1 0 0 0 0 0 0 1 0 1 0 0 0 0 0 1 0 0 0 1 0 0 0 1 2 0 1 0 0 2 2 2 2 1 2 0 1 0 0 1 2 0 1 0 0 0 0 1 1 0 2 1 0 0 1 0 
0 0 0 0 0 0 1 1 0 1 1 0 0 0 1 0 1 0 0 0 0 0 0 1 2 1 0 0 2 1 0 0 0 1 1 0 0 2 1 0 0 2 1 0 0 1 1 1 2 0 0 1 1 0 0 0 0 0 1 2 0 0 0 0 1 1 1 3 0 2 2 2 2 0 0 0 0 1 0 0 1 0 0 1 0 0 0 0 0 0 
0 0 0 0 0 1 1 0 1 0 0 0 0 0 0 0 0 0 0 0 0 1 1 0 1 0 0 1 0 0 0 1 0 0 1 2 0 1 1 0 2 0 1 2 1 0 0 0 0 1 0 1 0 0 1 0 0 0 0 1 1 0 0 0 0 1 0 1 0 0 0 0 2 1 0 0 2 0 2 0 1 2 0 0 0 0 1 0 0 2 
0 0 0 0 0 0 0 1 2 0 0 1 0 0 0 2 0 0 0 1 1 2 0 0 0 2 1 0 0 0 0 0 1 0 0 2 0 0 0 0 0 1 0 0 1 1 1 0 0 1 2 2 1 1 0 1 0 1 0 0 0 0 0 0 0 1 1 0 0 0 0 0 3 1 0 0 0 0 1 0 1 0 0 1 1 1 1 0 0 1 
0 1 0 0 0 0 0 1 0 0 0 0 0 0 1 0 0 1 0 0 0 0 0 0 0 1 0 1 1 2 0 0 0 1 0 0 0 0 0 0 0 0 0 0 0 0 1 0 1 0 0 0 1 0 1 0 0 1 1 0 0 1 0 0 0 0 0 0 0 1 1 0 1 0 1 0 1 0 1 2 0 0 0 2 0 0 2 0 0 1 
0 0 1 0 1 0 0 1 1 1 0 0 0 0 0 0 1 0 0 2 0 0 0 1 1 1 0 0 0 0 1 1 1 0 1 1 1 1 0 0 1 0 0 0 0 0 0 0 0 0 0 0 1 2 0 0 0 0 0 1 0 2 2 0 0 0 0 0 1 0 0 0 0 0 1 0 0 1 1 0 0 1 0 0 0 1 0 0 0 0 
0 0 1 0 1 0 0 2 0 0 0 1 1 0 0 0 1 0 1 0 0 0 0 1 0 0 1 0 0 1 0 0 0 0 0 0 1 0 1 0 0 1 0 0 1 0 1 0 0 0 0 0 1 1 0 0 2 1 0 1 0 0 0 0 1 0 0 0 1 1 0 0 2 1 2 0 0 0 2 1 0 0 0 0 0 1 0 0 0 0 
1 0 0 0 0 0 0 0 0 0 0 1 1 2 0 0 0 0 1 0 0 0 0 0 0 0 2 1 0 1 3 0 0 0 0 0 0 0 1 1 1 0 0 0 0 0 0 1 1 0 0 1 0 1 0 0 1 1 2 0 0 2 1 2 0 0 0 0 0 1 0 0 1 0 0 1 0 1 0 0 0 0 0 0 0 0 0 0 0 0 
1 0 0 1 1 0 1 2 1 0 0 1 0 0 1 1 0 0 2 0 0 1 2 0 0 0 0 0 2 0 1 0 1 0 1 0 0 0 1 0 0 1 0 1 0 0 0 1 1 0 0 1 0 0 0 0 1 0 0 0 0 1 0 0 0 0 0 1 0 0 0 0 0 2 0 0 0 0 0 0 0 1 1 0 0 0 0 1 1 1 
1 0 0 0 1 0 0 0 1 0 0 0 1 1 0 0 0 2 0 0 0 2 0 0 0 1 0 0 0 0 2 0 0 0 0 0 3 0 1 1 0 0 0 0 0 0 0 1 1 0 1 0 0 0 0 0 0 1 0 1 0 0 0 0 0 0 0 1 0 1 0 1 0 0 0 0 1 0 1 0 1 0 0 1 0 0 0 0 0 0 
0 0 0 0 0 0 0 0 0 0 1 0 0 1 1 2 1 0 1 1 1 0 0 0 0 1 0 0 2 0 0 0 0 0 1 1 2 0 0 1 0 0 0 0 0 1 0 0 1 0 0 0 1 2 0 0 0 0 0 1 0 0 0 0 0 1 0 0 0 0 0 0 0 1 0 2 0 0 1 1 0 0 1 0 0 0 0 1 0 1 
0 0 1 0 1 1 0 2 0 0 0 0 0 1 0 0 0 0 0 0 0 1 0 0 0 0 1 0 0 0 0 0 0 0 0 0 0 1 0 0 1 0 0 1 0 0 0 1 1 1 0 2 0 0 0 0 0 0 1 0 0 0 0 0 2 0 0 0 0 2 0 0 1 0 1 0 1 0 2 1 0 1 0 1 0 0 0 0 1 1 
0 0 0 0 0 0 0 0 0 0 0 0 1 0 0 0 0 0 0 0 0 2 0 1 0 0 0 1 0 0 0 0 1 1 0 0 0 1 1 2 0 1 0 1 1 1 0 1 0 1 0 0 0 2 0 0 0 0 0 0 0 1 0 0 0 0 0 0 0 0 1 0 0 0 1 0 0 0 0 0 1 0 1 0 1 1 0 0 0 0 
0 1 0 1 1 1 0 1 1 0 1 1 0 0 0 0 0 0 1 0 2 0 0 0 0 0 1 0 1 0 0 1 0 0 1 0 0 2 1 0 0 0 0 1 1 1 2 0 1 1 1 0 0 0 0 0 0 0 1 1 0 1 0 0 1 0 0 0 0 1 2 1 0 0 0 0 0 0 0 0 0 0 1 0 0 1 0 1 0 0 
1 0 0 1 0 0 2 1 0 0 0 0 0 1 0 0 1 0 0 0 0 0 0 0 0 1 0 0 2 1 0 0 0 1 0 0 0 0 3 0 0 0 0 1 0 0 2 0 0 1 0 0 0 1 2 0 0 0 0 1 0 0 2 0 0 0 0 0 1 0 0 0 1 1 0 0 0 1 1 0 3 0 0 1 0 1 0 0 0 0 
0 1 1 0 1 1 0 0 0 1 2 0 0 1 1 0 0 0 1 1 0 1 1 0 0 2 1 0 0 1 0 1 0 0 2 0 0 0 1 0 0 0 0 1 0 0 0 0 0 0 0 0 0 0 0 3 1 0 0 1 0 0 0 0 0 1 0 1 0 0 0 2 0 1 0 0 2 1 0 1 0 0 0 0 1 0 0 0 2 0 
0 0 0 1 0 0 0 1 0 0 1 0 1 0 1 0 0 0 1 1 0 1 1 0 0 0 1 0 0 0 0 0 0 1 1 1 0 0 1 1 2 0 0 0 0 0 0 0 1 0 0 0 0 0 0 0 0 0 0 0 0 0 2 0 0 0 0 0 0 0 0 0 0 1 0 0 0 0 1 0 0 0 0 0 0 1 0 0 0 0 
0 0 0 0 0 0 0 0 0 1 0 1 0 1 0 0 1 0 0 0 2 0 1 1 1 0 0 0 0 0 0 0 0 0 0 0 1 1 0 0 1 1 0 1 1 3 0 0 1 0 0 0 1 0 1 0 0 0 1 1 0 0 0 0 0 0 0 0 1 0 0 0 0 0 0 0 0 0 0 1 0 0 0 0 0 1 0 0 0 0 
0 0 1 0 0 0 0 0 0 0 0 0 0 0 0 0 0 0 0 0 0 0 1 0 0 0 0 0 0 0 0 0 0 0 0 0 0 0 1 0 0 0 1 0 0 0 0 0 0 2 0 0 0 1 1 0 0 0 0 0 0 0 0 0 0 0 0 1 0 0 0 1 0 0 0 0 1 0 1 0 0 0 0 1 0 0 0 0 0 0 
1 0 1 0 0 0 1 0 0 0 0 1 0 0 1 0 0 0 0 0 3 0 0 0 0 0 0 0 0 0 0 0 0 0 0 0 0 0 0 1 0 0 0 0 0 0 0 2 0 0 1 0 0 1 0 1 1 0 0 0 0 0 0 0 0 0 0 0 0 0 1 0 0 0 0 0 0 0 0 0 0 0 0 0 0 0 0 0 0 0 
1 1 0 1 0 1 0 1 0 0 0 0 0 0 2 0 0 1 0 0 0 0 0 1 0 0 0 0 0 0 1 0 0 0 1 0 1 0 0 0 1 0 0 0 0 0 0 0 1 0 0 1 0 0 0 1 0 1 0 0 0 1 0 0 1 0 0 0 0 0 0 0 0 0 0 0 0 0 1 0 0 0 0 0 0 0 0 0 0 0 
0 0 0 0 0 0 0 0 1 1 0 0 1 2 1 0 0 0 0 1 1 0 0 0 0 0 1 0 1 1 0 0 0 1 0 1 1 1 1 0 0 0 0 0 0 0 0 0 0 0 0 0 0 0 1 0 0 0 0 0 2 0 1 0 0 0 0 0 0 1 0 0 0 1 0 0 0 0 0 0 0 0 0 0 0 0 0 1 0 0 
0 0 0 0 0 0 0 1 0 0 0 0 1 0 0 0 0 2 0 0 0 0 0 2 0 0 0 0 1 1 0 0 0 0 0 0 0 0 1 1 1 0 0 0 0 1 0 0 0 0 0 0 0 1 0 0 0 0 0 0 0 0 0 0 1 0 0 0 0 0 1 0 0 0 0 0 0 0 0 0 0 0 1 0 0 0 0 0 0 0 
0 0 0 0 0 1 0 0 0 1 0 0 0 0 0 0 0 0 0 0 0 0 1 0 0 0 0 0 0 0 0 1 0 0 2 0 0 1 0 0 0 0 0 0 0 0 0 0 0 0 0 0 0 0 0 0 0 0 0 0 0 0 0 0 0 0 0 0 0 0 0 0 0 0 0 0 0 0 0 0 0 0 0 0 0 0 0 0 0 0 
0 0 0 1 0 0 1 0 1 0 0 0 0 0 0 0 0 0 0 0 0 0 0 0 0 1 1 0 0 1 0 1 0 0 1 0 0 0 0 0 0 0 1 0 0 0 0 0 0 0 0 0 0 0 0 0 0 0 0 0 0 0 0 0 0 1 0 0 0 0 0 1 0 0 0 0 0 0 0 0 0 0 0 0 0 0 0 0 0 0 
0 0 0 0 0 0 0 0 0 1 0 0 0 0 1 0 0 1 0 0 0 1 0 1 0 0 0 0 0 0 0 0 0 0 0 0 0 0 0 0 0 0 0 0 0 0 0 0 0 0 0 0 0 0 0 0 0 0 0 0 0 0 0 0 0 0 0 0 0 1 0 0 0 0 0 0 0 0 0 0 0 0 0 0 0 0 0 0 0 1 
0 0 0 0 0 0 0 0 0 0 0 0 0 0 0 0 0 0 0 1 0 0 0 1 0 0 0 0 0 0 0 0 0 1 1 0 0 1 0 0 0 0 0 0 0 0 0 0 0 0 0 0 0 0 0 0 0 0 0 0 0 1 1 0 1 0 0 0 0 0 0 0 0 0 0 0 0 0 0 0 0 0 0 0 0 0 0 0 0 0 
0 0 0 0 0 0 0 1 0 0 0 0 0 0 0 0 0 0 0 0 0 0 0 0 0 0 1 0 0 0 0 0 0 0 0 0 0 0 0 0 0 0 0 0 0 0 0 0 0 0 0 0 0 0 0 0 0 0 0 0 0 0 1 0 0 0 0 0 0 0 0 0 0 0 0 0 0 0 0 0 0 0 0 0 0 0 0 0 0 0 
1 0 0 0 0 0 0 0 1 1 0 0 0 0 0 0 0 0 0 0 0 0 0 0 0 0 0 0 0 0 0 0 0 0 0 0 0 0 0 0 0 0 0 0 0 0 0 0 0 0 0 0 1 0 0 0 0 0 0 0 0 0 0 0 0 0 0 0 0 0 0 0 0 0 0 0 0 0 0 0 0 0 0 0 0 0 0 0 0 0 
0 0 0 0 0 0 0 0 0 0 0 0 0 0 0 1 1 0 0 0 0 0 0 0 0 0 0 0 0 0 0 0 0 0 0 0 0 0 0 0 0 0 0 0 0 0 0 0 0 0 0 0 0 0 0 0 0 0 0 0 0 0 0 0 0 0 0 0 0 0 0 0 0 0 0 0 0 0 0 0 0 0 0 0 0 0 0 0 0 0 
0 0 0 0 0 0 0 0 0 0 0 0 0 0 0 0 0 0 0 0 0 0 0 0 0 0 0 0 0 0 0 0 0 0 0 0 0 0 0 0 0 0 0 0 0 0 0 0 0 0 0 0 0 0 0 0 0 0 0 0 0 0 0 0 0 0 0 0 0 0 0 0 0 0 0 0 0 0 0 0 0 0 0 0 0 0 0 0 0 0 
0 0 0 0 0 0 0 0 0 0 0 0 0 0 0 0 0 0 0 0 0 0 0 0 0 0 0 0 0 0 0 0 0 0 0 0 0 0 0 0 0 0 0 0 0 0 0 0 0 0 0 0 0 0 0 0 0 0 0 0 0 0 0 0 0 0 0 0 0 0 0 0 0 0 0 0 0 0 0 0 0 0 0 0 0 0 0 0 0 0 
0 0 0 0 0 0 0 0 0 0 0 0 0 0 0 0 0 0 0 0 0 0 0 0 0 0 0 0 0 0 0 0 0 0 0 0 0 0 0 0 0 0 0 0 0 0 0 0 0 0 0 0 0 0 0 0 0 0 0 0 0 0 0 0 0 0 0 0 0 0 0 0 0 0 0 0 0 0 0 0 0 0 0 0 0 0 0 0 0 0 
0 0 0 0 0 0 0 0 0 0 1 0 0 0 0 0 0 0 0 0 0 0 0 0 0 0 0 0 0 0 0 0 0 0 0 0 0 0 0 0 0 0 0 0 0 0 0 0 0 0 0 0 0 0 0 0 0 0 0 0 0 0 0 0 0 0 0 0 0 0 0 0 0 0 0 0 0 0 0 0 0 0 0 0 0 0 0 0 0 0 
0 0 0 0 0 0 0 0 0 0 0 0 0 0 0 0 0 0 0 0 0 0 0 0 0 0 0 0 0 0 0 0 0 0 0 0 0 0 0 0 0 0 0 0 0 0 0 0 0 0 0 0 0 0 0 0 0 0 0 0 0 0 0 0 0 0 0 0 0 0 0 0 0 0 0 0 0 0 0 0 0 0 0 0 0 0 0 0 0 0 
0 0 0 0 0 0 0 0 0 0 0 0 0 0 0 0 0 0 0 0 0 0 0 0 0 0 0 0 0 0 0 0 0 0 0 0 0 0 0 0 0 0 0 0 0 0 0 0 0 0 0 0 0 0 0 0 0 0 0 0 0 0 0 0 0 0 0 0 0 0 0 0 0 0 0 0 0 0 0 0 0 0 0 0 0 0 0 0 0 0 
0 0 0 0 0 0 0 0 0 0 0 0 0 0 0 0 0 0 0 0 0 0 0 0 0 0 0 0 0 0 0 0 0 0 0 0 0 0 0 0 0 0 0 0 0 0 0 0 0 0 0 0 0 0 0 0 0 0 0 0 0 0 0 0 0 0 0 0 0 0 0 0 0 0 0 0 0 0 0 0 0 0 0 0 0 0 0 0 0 0 
0 0 0 0 0 0 0 0 0 0 0 0 0 0 0 0 0 0 0 0 0 0 0 0 0 0 0 0 0 0 0 0 0 0 0 0 0 0 0 0 0 0 0 0 0 0 0 0 0 0 0 0 0 0 0 0 0 0 0 0 0 0 0 0 0 0 0 0 0 0 0 0 0 0 0 0 0 0 0 0 0 0 0 0 0 0 0 0 0 0 
0 0 0 0 0 0 0 0 0 0 0 0 0 0 0 0 0 0 0 0 0 0 0 0 0 0 0 0 0 0 0 0 0 0 0 0 0 0 0 0 0 0 0 0 0 0 0 0 0 0 0 0 0 0 0 0 0 0 0 0 0 0 0 0 0 0 0 0 0 0 0 0 0 0 0 0 0 0 0 0 0 0 0 0 0 0 0 0 0 0 
0 0 0 0 0 0 0 0 0 0 0 0 0 0 0 0 0 0 0 0 0 0 0 0 0 0 0 0 0 0 0 0 0 0 0 0 0 0 0 0 0 0 0 0 0 0 0 0 0 0 0 0 0 0 0 0 0 0 0 0 0 0 0 0 0 0 0 0 0 0 0 0 0 0 0 0 0 0 0 0 0 0 0 0 0 0 0 0 0 0 
0 0 0 0 0 0 0 0 0 0 0 0 0 0 0 0 0 0 0 0 0 0 0 0 0 0 0 0 0 0 0 0 0 0 0 0 0 0 0 0 0 0 0 0 0 0 0 0 0 0 0 0 0 0 0 0 0 0 0 0 0 0 0 0 0 0 0 0 0 0 0 0 0 0 0 0 0 0 0 0 0 0 0 0 0 0 0 0 0 0 
0 0 0 0 0 0 0 0 0 0 0 0 0 0 0 0 0 0 0 0 0 0 0 0 0 0 0 0 0 0 0 0 0 0 0 0 0 0 0 0 0 0 0 0 0 0 0 0 0 0 0 0 0 0 0 0 0 0 0 0 0 0 0 0 0 0 0 0 0 0 0 0 0 0 0 0 0 0 0 0 0 0 0 0 0 0 0 0 0 0 
0 0 0 0 0 0 0 0 0 0 0 0 0 0 0 0 0 0 0 0 0 0 0 0 0 0 0 0 0 0 0 0 0 0 0 0 0 0 0 0 0 0 0 0 0 0 0 0 0 0 0 0 0 0 0 0 0 0 0 0 0 0 0 0 0 0 0 0 0 0 0 0 0 0 0 0 0 0 0 0 0 0 0 0 0 0 0 0 0 0 
0 0 0 0 0 0 0 0 0 0 0 0 0 0 0 0 0 0 0 0 0 0 0 0 0 0 0 0 0 0 0 0 0 0 0 0 0 0 0 0 0 0 0 0 0 0 0 0 0 0 0 0 0 0 0 0 0 0 0 0 0 0 0 0 0 0 0 0 0 0 0 0 0 0 0 0 0 0 0 0 0 0 0 0 0 0 0 0 0 0 
0 0 0 0 0 0 0 0 0 0 0 0 0 0 0 0 0 0 0 0 0 0 0 0 0 0 0 0 0 0 0 0 0 0 0 0 0 0 0 0 0 0 0 0 0 0 0 0 0 0 0 0 0 0 0 0 0 0 0 0 0 0 0 0 0 0 0 0 0 0 0 0 0 0 0 0 0 0 0 0 0 0 0 0 0 0 0 0 0 0 
0 0 0 0 0 0 0 0 0 0 0 0 0 0 0 0 0 0 0 0 0 0 0 0 0 0 0 0 0 0 0 0 0 0 0 0 0 0 0 0 0 0 0 0 0 0 0 0 0 0 0 0 0 0 0 0 0 0 0 0 0 0 0 0 0 0 0 0 0 0 0 0 0 0 0 0 0 0 0 0 0 0 0 0 0 0 0 0 0 0 
0 0 0 0 0 0 0 0 0 0 0 0 0 0 0 0 0 0 0 0 0 0 0 0 0 0 0 0 0 0 0 0 0 0 0 0 0 0 0 0 0 0 0 0 0 0 0 0 0 0 0 0 0 0 0 0 0 0 0 0 0 0 0 0 0 0 0 0 0 0 0 0 0 0 0 0 0 0 0 0 0 0 0 0 0 0 0 0 0 0 
0 0 0 0 0 0 0 0 0 0 0 0 0 0 0 0 0 0 0 0 0 0 0 0 0 0 0 0 0 0 0 0 0 0 0 0 0 0 0 0 0 0 0 0 0 0 0 0 0 0 0 0 0 0 0 0 0 0 0 0 0 0 0 0 0 0 0 0 0 0 0 0 0 0 0 0 0 0 0 0 0 0 0 0 0 0 0 0 0 0 
0 0 0 0 0 0 0 0 0 0 0 0 0 0 0 0 0 0 0 0 0 0 0 0 0 0 0 0 0 0 0 0 0 0 0 0 0 0 0 0 0 0 0 0 0 0 0 0 0 0 0 0 0 0 0 0 0 0 0 0 0 0 0 0 0 0 0 0 0 0 0 0 0 0 0 0 0 0 0 0 0 0 0 0 0 0 0 0 0 0 
0 0 0 0 0 0 0 0 0 0 0 0 0 0 0 0 0 0 0 0 0 0 0 0 0 0 0 0 0 0 0 0 0 0 0 0 0 0 0 0 0 0 0 0 0 0 0 0 0 0 0 0 0 0 0 0 0 0 0 0 0 0 0 0 0 0 0 0 0 0 0 0 0 0 0 0 0 0 0 0 0 0 0 0 0 0 0 0 0 0 
0 0 0 0 0 0 0 0 0 0 0 0 0 0 0 0 0 0 0 0 0 0 0 0 0 0 0 0 0 0 0 0 0 0 0 0 0 0 0 0 0 0 0 0 0 0 0 0 0 0 0 0 0 0 0 0 0 0 0 0 0 0 0 0 0 0 0 0 0 0 0 0 0 0 0 0 0 0 0 0 0 0 0 0 0 0 0 0 0 0 
0 0 0 0 0 0 0 0 0 0 0 0 0 0 0 0 0 0 0 0 0 0 0 0 0 0 0 0 0 0 0 0 0 0 0 0 0 0 0 0 0 0 0 0 0 0 0 0 0 0 0 0 0 0 0 0 0 0 0 0 0 0 0 0 0 0 0 0 0 0 0 0 0 0 0 0 0 0 0 0 0 0 0 0 0 0 0 0 0 0 
0 0 0 0 0 0 0 0 0 0 0 0 0 0 0 0 0 0 0 0 0 0 0 0 0 0 0 0 0 0 0 0 0 0 0 0 0 0 0 0 0 0 0 0 0 0 0 0 0 0 0 0 0 0 0 0 0 0 0 0 0 0 0 0 0 0 0 0 0 0 0 0 0 0 0 0 0 0 0 0 0 0 0 0 0 0 0 0 0 0 
0 0 0 0 0 0 0 0 0 0 0 0 0 0 0 0 0 0 0 0 0 0 0 0 0 0 0 0 0 0 0 0 0 0 0 0 0 0 0 0 0 0 0 0 0 0 0 0 0 0 0 0 0 0 0 0 0 0 0 0 0 0 0 0 0 0 0 0 0 0 0 0 0 0 0 0 0 0 0 0 0 0 0 0 0 0 0 0 0 0 
0 0 0 0 0 0 0 0 0 0 0 0 0 0 0 0 0 0 0 0 0 0 0 0 0 0 0 0 0 0 0 0 0 0 0 0 0 0 0 0 0 0 0 0 0 0 0 0 0 0 0 0 0 0 0 0 0 0 0 0 0 0 0 0 0 0 0 0 0 0 0 0 0 0 0 0 0 0 0 0 0 0 0 0 0 0 0 0 0 0 
0 0 0 0 0 0 0 0 0 0 0 0 0 0 0 0 0 0 0 0 0 0 0 0 0 0 0 0 0 0 0 0 0 0 0 0 0 0 0 0 0 0 0 0 0 0 0 0 0 0 0 0 0 0 0 0 0 0 0 0 0 0 0 0 0 0 0 0 0 0 0 0 0 0 0 0 0 0 0 0 0 0 0 0 0 0 0 0 0 0 
0 0 0 0 0 0 0 0 0 0 0 0 0 0 0 0 0 0 0 0 0 0 0 0 0 0 0 0 0 0 0 0 0 0 0 0 0 0 0 0 0 0 0 0 0 0 0 0 0 0 0 0 0 0 0 0 0 0 0 0 0 0 0 0 0 0 0 0 0 0 0 0 0 0 0 0 0 0 0 0 0 0 0 0 0 0 0 0 0 0 
0 0 0 0 0 0 0 0 0 0 0 0 0 0 0 0 0 0 0 0 0 0 0 0 0 0 0 0 0 0 0 0 0 0 0 0 0 0 0 0 0 0 0 0 0 0 0 0 0 0 0 0 0 0 0 0 0 0 0 0 0 0 0 0 0 0 0 0 0 0 0 0 0 0 0 0 0 0 0 0 0 0 0 0 0 0 0 0 0 0 
0 0 0 0 0 0 0 0 0 0 0 0 0 0 0 0 0 0 0 0 0 0 0 0 0 0 0 0 0 0 0 0 0 0 0 0 0 0 0 0 0 0 0 0 0 0 0 0 0 0 0 0 0 0 0 0 0 0 0 0 0 0 0 0 0 0 0 0 0 0 0 0 0 0 0 0 0 0 0 0 0 0 0 0 0 0 0 0 0 0 
0 0 0 0 0 0 0 0 0 0 0 0 0 0 0 0 0 0 0 0 0 0 0 0 0 0 0 0 0 0 0 0 0 0 0 0 0 0 0 0 0 0 0 0 0 0 0 0 0 0 0 0 0 0 0 0 0 0 0 0 0 0 0 0 0 0 0 0 0 0 0 0 0 0 0 0 0 0 0 0 0 0 0 0 0 0 0 0 0 0 
0 0 0 0 0 0 0 0 0 0 0 0 0 0 0 0 0 0 0 0 0 0 0 0 0 0 0 0 0 0 0 0 0 0 0 0 0 0 0 0 0 0 0 0 0 0 0 0 0 0 0 0 0 0 0 0 0 0 0 0 0 0 0 0 0 0 0 0 0 0 0 0 0 0 0 0 0 0 0 0 0 0 0 0 0 0 0 0 0 0 
0 0 0 0 0 0 0 0 0 0 0 0 0 0 0 0 0 0 0 0 0 0 0 0 0 0 0 0 0 0 0 0 0 0 0 0 0 0 0 0 0 0 0 0 0 0 0 0 0 0 0 0 0 0 0 0 0 0 0 0 0 0 0 0 0 0 0 0 0 0 0 0 0 0 0 0 0 0 0 0 0 0 0 0 0 0 0 0 0 0 
0 0 0 0 0 0 0 0 0 0 0 0 0 0 0 0 0 0 0 0 0 0 0 0 0 0 0 0 0 0 0 0 0 0 0 0 0 0 0 0 0 0 0 0 0 0 0 0 0 0 0 0 0 0 0 0 0 0 0 0 0 0 0 0 0 0 0 0 0 0 0 0 0 0 0 0 0 0 0 0 0 0 0 0 0 0 0 0 0 0 
0 0 0 0 0 0 0 0 0 0 0 0 0 0 0 0 0 0 0 0 0 0 0 0 0 0 0 0 0 0 0 0 0 0 0 0 0 0 0 0 0 0 0 0 0 0 0 0 0 0 0 0 0 0 0 0 0 0 0 0 0 0 0 0 0 0 0 0 0 0 0 0 0 0 0 0 0 0 0 0 0 0 0 0 0 0 0 0 0 0 
0 0 0 0 0 0 0 0 0 0 0 0 0 0 0 0 0 0 0 0 0 0 0 0 0 0 0 0 0 0 0 0 0 0 0 0 0 0 0 0 0 0 0 0 0 0 0 0 0 0 0 0 0 0 0 0 0 0 0 0 0 0 0 0 0 0 0 0 0 0 0 0 0 0 0 0 0 0 0 0 0 0 0 0 0 0 0 0 0 0 
0 0 0 0 0 0 0 0 0 0 0 0 0 0 0 0 0 0 0 0 0 0 0 0 0 0 0 0 0 0 0 0 0 0 0 0 0 0 0 0 0 0 0 0 0 0 0 0 0 0 0 0 0 0 0 0 0 0 0 0 0 0 0 0 0 0 0 0 0 0 0 0 0 0 0 0 0 0 0 0 0 0 0 0 0 0 0 0 0 0 
0 0 0 0 0 0 0 0 0 0 0 0 0 0 0 0 0 0 0 0 0 0 0 0 0 0 0 0 0 0 0 0 0 0 0 0 0 0 0 0 0 0 0 0 0 0 0 0 0 0 0 0 0 0 0 0 0 0 0 0 0 0 0 0 0 0 0 0 0 0 0 0 0 0 0 0 0 0 0 0 0 0 0 0 0 0 0 0 0 0 
0 0 0 0 0 0 0 0 0 0 0 0 0 0 0 0 0 0 0 0 0 0 0 0 0 0 0 0 0 0 0 0 0 0 0 0 0 0 0 0 0 0 0 0 0 0 0 0 0 0 0 0 0 0 0 0 0 0 0 0 0 0 0 0 0 0 0 0 0 0 0 0 0 0 0 0 0 0 0 0 0 0 0 0 0 0 0 0 0 0 
0 0 0 0 0 0 0 0 0 0 0 0 0 0 0 0 0 0 0 0 0 0 0 0 0 0 0 0 0 0 0 0 0 0 0 0 0 0 0 0 0 0 0 0 0 0 0 0 0 0 0 0 0 0 0 0 0 0 0 0 0 0 0 0 0 0 0 0 0 0 0 0 0 0 0 0 0 0 0 0 0 0 0 0 0 0 0 0 0 0 
0 0 0 0 0 0 0 0 0 0 0 0 0 0 0 0 0 0 0 0 0 0 0 0 0 0 0 0 0 0 0 0 0 0 0 0 0 0 0 0 0 0 0 0 0 0 0 0 0 0 0 0 0 0 0 0 0 0 0 0 0 0 0 0 0 0 0 0 0 0 0 0 0 0 0 0 0 0 0 0 0 0 0 0 0 0 0 0 0 0 
0 0 0 0 0 0 0 0 0 0 0 0 0 0 0 0 0 0 0 0 0 0 0 0 0 0 0 0 0 0 0 0 0 0 0 0 0 0 0 0 0 0 0 0 0 0 0 0 0 0 0 0 0 0 0 0 0 0 0 0 0 0 0 0 0 0 0 0 0 0 0 0 0 0 0 0 0 0 0 0 0 0 0 0 0 0 0 0 0 0 
0 0 0 0 0 0 0 0 0 0 0 0 0 0 0 0 0 0 0 0 0 0 0 0 0 0 0 0 0 0 0 0 0 0 0 0 0 0 0 0 0 0 0 0 0 0 0 0 0 0 0 0 0 0 0 0 0 0 0 0 0 0 0 0 0 0 0 0 0 0 0 0 0 0 0 0 0 0 0 0 0 0 0 0 0 0 0 0 0 0 
0 0 0 0 0 0 0 0 0 0 0 0 0 0 0 0 0 0 0 0 0 0 0 0 0 0 0 0 0 0 0 0 0 0 0 0 0 0 0 0 0 0 0 0 0 0 0 0 0 0 0 0 0 0 0 0 0 0 0 0 0 0 0 0 0 0 0 0 0 0 0 0 0 0 0 0 0 0 0 0 0 0 0 0 0 0 0 0 0 0 
0 0 0 0 0 0 0 0 0 0 0 0 0 0 0 0 0 0 0 0 0 0 0 0 0 0 0 0 0 0 0 0 0 0 0 0 0 0 0 0 0 0 0 0 0 0 0 0 0 0 0 0 0 0 0 0 0 0 0 0 0 0 0 0 0 0 0 0 0 0 0 0 0 0 0 0 0 0 0 0 0 0 0 0 0 0 0 0 0 0 
0 0 0 0 0 0 0 0 0 0 0 0 0 0 0 0 0 0 0 0 0 0 0 0 0 0 0 0 0 0 0 0 0 0 0 0 0 0 0 0 0 0 0 0 0 0 0 0 0 0 0 0 0 0 0 0 0 0 0 0 0 0 0 0 0 0 0 0 0 0 0 0 0 0 0 0 0 0 0 0 0 0 0 0 0 0 0 0 0 0 
0 0 0 0 0 0 0 0 0 0 0 0 0 0 0 0 0 0 0 0 0 0 0 0 0 0 0 0 0 0 0 0 0 0 0 0 0 0 0 0 0 0 0 0 0 0 0 0 0 0 0 0 0 0 0 0 0 0 0 0 0 0 0 0 0 0 0 0 0 0 0 0 0 0 0 0 0 0 0 0 0 0 0 0 0 0 0 0 0 0 
0 0 0 0 0 0 0 0 0 0 0 0 0 0 0 0 0 0 0 0 0 0 0 0 0 0 0 0 0 0 0 0 0 0 0 0 0 0 0 0 0 0 0 0 0 0 0 0 0 0 0 0 0 0 0 0 0 0 0 0 0 0 0 0 0 0 0 0 0 0 0 0 0 0 0 0 0 0 0 0 0 0 0 0 0 0 0 0 0 0 
0 0 0 0 0 0 0 0 0 0 0 0 0 0 0 0 0 0 0 0 0 0 0 0 0 0 0 0 0 0 0 0 0 0 0 0 0 0 0 0 0 0 0 0 0 0 0 0 0 0 0 0 0 0 0 0 0 0 0 0 0 0 0 0 0 0 0 0 0 0 0 0 0 0 0 0 0 0 0 0 0 0 0 0 0 0 0 0 0 0 
0 0 0 0 0 0 0 0 0 0 0 0 0 0 0 0 0 0 0 0 0 0 0 0 0 0 0 0 0 0 0 0 0 0 0 0 0 0 0 0 0 0 0 0 0 0 0 0 0 0 0 0 0 0 0 0 0 0 0 0 0 0 0 0 0 0 0 0 0 0 0 0 0 0 0 0 0 0 0 0 0 0 0 0 0 0 0 0 0 0 
0 0 0 0 0 0 0 0 0 0 0 0 0 0 0 0 0 0 0 0 0 0 0 0 0 0 0 0 0 0 0 0 0 0 0 0 0 0 0 0 0 0 0 0 0 0 0 0 0 0 0 0 0 0 0 0 0 0 0 0 0 0 0 0 0 0 0 0 0 0 0 0 0 0 0 0 0 0 0 0 0 0 0 0 0 0 0 0 0 0 
0 0 0 0 0 0 0 0 0 0 0 0 0 0 0 0 0 0 0 0 0 0 0 0 0 0 0 0 0 0 0 0 0 0 0 0 0 0 0 0 0 0 0 0 0 0 0 0 0 0 0 0 0 0 0 0 0 0 0 0 0 0 0 0 0 0 0 0 0 0 0 0 0 0 0 0 0 0 0 0 0 0 0 0 0 0 0 0 0 0 
0 0 0 0 0 0 0 0 0 0 0 0 0 0 0 0 0 0 0 0 0 0 0 0 0 0 0 0 0 0 0 0 0 0 0 0 0 0 0 0 0 0 0 0 0 0 0 0 0 0 0 0 0 0 0 0 0 0 0 0 0 0 0 0 0 0 0 0 0 0 0 0 0 0 0 0 0 0 0 0 0 0 0 0 0 0 0 0 0 0 
0 0 0 0 0 0 0 0 0 0 0 0 0 0 0 0 0 0 0 0 0 0 0 0 0 0 0 0 0 0 0 0 0 0 0 0 0 0 0 0 0 0 0 0 0 0 0 0 0 0 0 0 0 0 0 0 0 0 0 0 0 0 0 0 0 0 0 0 0 0 0 0 0 0 0 0 0 0 0 0 0 0 0 0 0 0 0 0 0 0 
0 0 0 0 0 0 0 0 0 0 0 0 0 0 0 0 0 0 0 0 0 0 0 0 0 0 0 0 0 0 0 0 0 0 0 0 0 0 0 0 0 0 0 0 0 0 0 0 0 0 0 0 0 0 0 0 0 0 0 0 0 0 0 0 0 0 0 0 0 0 0 0 0 0 0 0 0 0 0 0 0 0 0 0 0 0 0 0 0 0 
0 0 0 0 0 0 0 0 0 0 0 0 0 0 0 0 0 0 0 0 0 0 0 0 0 0 0 0 0 0 0 0 0 0 0 0 0 0 0 0 0 0 0 0 0 0 0 0 0 0 0 0 0 0 0 0 0 0 0 0 0 0 0 0 0 0 0 0 0 0 0 0 0 0 0 0 0 0 0 0 0 0 0 0 0 0 0 0 0 0 
