# Format: McCode with text headers
# URL: http://www.mccode.org
# Creator: McStas 2.5beta01 - Nov. 03, 2018
# Instrument: Full_simple_noSqq.instr
# Ncount: 6250000
# Trace: no
# Gravitation: no
# Seed: 1544522783
# Directory: Magnon_rerun_events_C_noEfocus_noSqq/81
# Nodes: 16
# Param: WaveMin=2.75
# Param: WaveMax=4.4
# Param: E_0=4
# Param: L_0=0
# Param: chopPulseOpening=0.004
# Param: DivSlit0_width=0.1
# Param: DivSlit1_width=0.1
# Param: DivSlit2_width=0.1
# Param: DivSlit3_width=0.1
# Param: Npulse=1
# Param: print=0
# Param: makeVirtualSource=0
# Param: printMValues=0
# Param: power=2
# Param: BWopen=161
# Param: OMA=37.072
# Param: TTA=74.1432
# Param: OMA2=30.628
# Param: TTA2=61.256
# Param: phi=37
# Param: dphi=0.332
# Param: MCPLfile=BIFROST_mcpl.gz
# Param: ax=0
# Param: ay=2.14
# Param: az=-1.24
# Param: bx=0
# Param: by=0
# Param: bz=2.47
# Param: cx=6.71
# Param: cy=0
# Param: cz=0
# Param: Omega=81
# Param: TwoTheta=15
# Param: lambda=10
# Param: dlambda=9.9
# Param: Rotation=0
# Param: inelastic=1
# Param: aa=6.28319
# Param: sample_J1=1.5
# Param: sample_J2=0
# Param: TT=300
# Param: FerroMagnet=0
# Param: Verbose=0
# Param: imultiplier=1
# Param: INCOH=0
# Param: INCOHspread=0
# Param: sample_focusW=2.1
# Param: sample_focusH=0.15
# Param: focus_EF=0
# Param: TOFmin=0.1172
# Param: TOFmax=0.186
# Param: TOFbins=256
# Date: Mon Dec 10 13:34:51 2018 (1544445291)
# type: array_2d(90, 90)
# Source: EGCESE (Full_simple_noSqq.instr)
# component: psd_monitor3
# position: 1.23001 -1.56124 1.75664
# title: PSD monitor
# Ncount: 100000000
# filename: analyser3_psd.dat
# statistics: X0=-0.496004; dX=1.02145; Y0=12.8707; dY=2.34822;
# signal: Min=0; Max=849.261; Mean=38.0817;
# values: 308462 3582.55 9075
# xvar: X 
# yvar: Y 
# xlabel: X position [cm]
# ylabel: Y position [cm]
# zvar: I
# zlabel: Signal per bin
# xylimits: -2 2 -15.595 15.595
# variables: I I_err N
# Data [psd_monitor3/analyser3_psd.dat] I:
0 0 0 0 0 0 0 0 0 0 0 0 0 0 0 0 0 0 0 0 0 0 0 0 0 0 0 0 0 0 0 0 0 0 0 0 0 0 0 0 0 0 0 0 0 0 0 0 0 0 0 0 0 0 0 0 0 0 0 0 0 0 0 0 0 0 0 0 0 0 0 0 0 0 0 0 0 0 0 0 0 0 0 0 0 0 0 0 0 0 
0 0 0 0 0 0 0 0 0 0 0 0 0 0 0 0 0 0 0 0 0 0 0 0 0 0 0 0 0 0 0 0 0 0 0 0 0 0 0 0 0 0 0 0 0 0 0 0 0 0 0 0 0 0 0 0 0 0 0 0 0 0 0 0 0 0 0 0 0 0 0 0 0 0 0 0 0 0 0 0 0 0 0 0 0 0 0 0 0 0 
0 0 0 0 0 0 0 0 0 0 0 0 0 0 0 0 0 0 0 0 0 0 0 0 0 0 0 0 0 0 0 0 0 0 0 0 0 0 0 0 0 0 0 0 0 0 0 0 0 0 0 0 0 0 0 0 0 0 0 0 0 0 0 0 0 0 0 0 0 0 0 0 0 0 0 0 0 0 0 0 0 0 0 0 0 0 0 0 0 0 
0 0 0 0 0 0 0 0 0 0 0 0 0 0 0 0 0 0 0 0 0 0 0 0 0 0 0 0 0 0 0 0 0 0 0 0 0 0 0 0 0 0 0 0 0 0 0 0 0 0 0 0 0 0 0 0 0 0 0 0 0 0 0 0 0 0 0 0 0 0 0 0 0 0 0 0 0 0 0 0 0 0 0 0 0 0 0 0 0 0 
0 0 0 0 0 0 0 0 0 0 0 0 0 0 0 0 0 0 0 0 0 0 0 0 0 0 0 0 0 0 0 0 0 0 0 0 0 0 0 0 0 0 0 0 0 0 0 0 0 0 0 0 0 0 0 0 0 0 0 0 0 0 0 0 0 0 0 0 0 0 0 0 0 0 0 0 0 0 0 0 0 0 0 0 0 0 0 0 0 0 
0 0 0 0 0 0 0 0 0 0 0 0 0 0 0 0 0 0 0 0 0 0 0 0 0 0 0 0 0 0 0 0 0 0 0 0 0 0 0 0 0 0 0 0 0 0 0 0 0 0 0 0 0 0 0 0 0 0 0 0 0 0 0 0 0 0 0 0 0 0 0 0 0 0 0 0 0 0 0 0 0 0 0 0 0 0 0 0 0 0 
0 0 0 0 0 0 0 0 0 0 0 0 0 0 0 0 0 0 0 0 0 0 0 0 0 0 0 0 0 0 0 0 0 0 0 0 0 0 0 0 0 0 0 0 0 0 0 0 0 0 0 0 0 0 0 0 0 0 0 0 0 0 0 0 0 0 0 0 0 0 0 0 0 0 0 0 0 0 0 0 0 0 0 0 0 0 0 0 0 0 
0 0 0 0 0 0 0 0 0 0 0 0 0 0 0 0 0 0 0 0 0 0 0 0 0 0 0 0 0 0 0 0 0 0 0 0 0 0 0 0 0 0 0 0 0 0 0 0 0 0 0 0 0 0 0 0 0 0 0 0 0 0 0 0 0 0 0 0 0 0 0 0 0 0 0 0 0 0 0 0 0 0 0 0 0 0 0 0 0 0 
0 0 0 0 0 0 0 0 0 0 0 0 0 0 0 0 0 0 0 0 0 0 0 0 0 0 0 0 0 0 0 0 0 0 0 0 0 0 0 0 0 0 0 0 0 0 0 0 0 0 0 0 0 0 0 0 0 0 0 0 0 0 0 0 0 0 0 0 0 0 0 0 0 0 0 0 0 0 0 0 0 0 0 0 0 0 0 0 0 0 
0 0 0 0 0 0 0 0 0 0 0 0 0 0 0 0 0 0 0 0 0 0 0 0 0 0 0 0 0 0 0 0 0 0 0 0 0 0 0 0 0 0 0 0 0 0 0 0 0 0 0 0 0 0 0 0 0 0 0 0 0 0 0 0 0 0 0 0 0 0 0 0 0 0 0 0 0 0 0 0 0 0 0 0 0 0 0 0 0 0 
0 0 0 0 0 0 0 0 0 0 0 0 0 0 0 0 0 0 0 0 0 0 0 0 0 0 0 0 0 0 0 0 0 0 0 0 0 0 0 0 0 0 0 0 0 0 0 0 0 0 0 0 0 0 0 0 0 0 0 0 0 0 0 0 0 0 0 0 0 0 0 0 0 0 0 0 0 0 0 0 0 0 0 0 0 0 0 0 0 0 
0 0 0 0 0 0 0 0 0 0 0 0 0 0 0 0 0 0 0 0 0 0 0 0 0 0 0 0 0 0 0 0 0 0 0 0 0 0 0 0 0 0 0 0 0 0 0 0 0 0 0 0 0 0 0 0 0 0 0 0 0 0 0 0 0 0 0 0 0 0 0 0 0 0 0 0 0 0 0 0 0 0 0 0 0 0 0 0 0 0 
0 0 0 0 0 0 0 0 0 0 0 0 0 0 0 0 0 0 0 0 0 0 0 0 0 0 0 0 0 0 0 0 0 0 0 0 0 0 0 0 0 0 0 0 0 0 0 0 0 0 0 0 0 0 0 0 0 0 0 0 0 0 0 0 0 0 0 0 0 0 0 0 0 0 0 0 0 0 0 0 0 0 0 0 0 0 0 0 0 0 
0 0 0 0 0 0 0 0 0 0 0 0 0 0 0 0 0 0 0 0 0 0 0 0 0 0 0 0 0 0 0 0 0 0 0 0 0 0 0 0 0 0 0 0 0 0 0 0 0 0 0 0 0 0 0 0 0 0 0 0 0 0 0 0 0 0 0 0 0 0 0 0 0 0 0 0 0 0 0 0 0 0 0 0 0 0 0 0 0 0 
0 0 0 0 0 0 0 0 0 0 0 0 0 0 0 0 0 0 0 0 0 0 0 0 0 0 0 0 0 0 0 0 0 0 0 0 0 0 0 0 0 0 0 0 0 0 0 0 0 0 0 0 0 0 0 0 0 0 0 0 0 0 0 0 0 0 0 0 0 0 0 0 0 0 0 0 0 0 0 0 0 0 0 0 0 0 0 0 0 0 
0 0 0 0 0 0 0 0 0 0 0 0 0 0 0 0 0 0 0 0 0 0 0 0 0 0 0 0 0 0 0 0 0 0 0 0 0 0 0 0 0 0 0 0 0 0 0 0 0 0 0 0 0 0 0 0 0 0 0 0 0 0 0 0 0 0 0 0 0 0 0 0 0 0 0 0 0 0 0 0 0 0 0 0 0 0 0 0 0 0 
0 0 0 0 0 0 0 0 0 0 0 0 0 0 0 0 0 0 0 0 0 0 0 0 0 0 0 0 0 0 0 0 0 0 0 0 0 0 0 0 0 0 0 0 0 0 0 0 0 0 0 0 0 0 0 0 0 0 0 0 0 0 0 0 0 0 0 0 0 0 0 0 0 0 0 0 0 0 0 0 0 0 0 0 0 0 0 0 0 0 
0 0 0 0 0 0 0 0 0 0 0 0 0 0 0 0 0 0 0 0 0 0 0 0 0 0 0 0 0 0 0 0 0 0 0 0 0 0 0 0 0 0 0 0 0 0 0 0 0 0 0 0 0 0 0 0 0 0 0 0 0 0 0 0 0 0 0 0 0 0 0 0 0 0 0 0 0 0 0 0 0 0 0 0 0 0 0 0 0 0 
0 0 0 0 0 0 0 0 0 0 0 0 0 0 0 0 0 0 0 0 0 0 0 0 0 0 0 0 0 0 0 0 0 0 0 0 0 0 0 0 0 0 0 0 0 0 0 0 0 0 0 0 0 0 0 0 0 0 0 0 0 0 0 0 0 0 0 0 0 0 0 0 0 0 0 0 0 0 0 0 0 0 0 0 0 0 0 0 0 0 
0 0 0 0 0 0 0 0 0 0 0 0 0 0 0 0 0 0 0 0 0 0 0 0 0 0 0 0 0 0 0 0 0 0 0 0 0 0 0 0 0 0 0 0 0 0 0 0 0 0 0 0 0 0 0 0 0 0 0 0 0 0 0 0 0 0 0 0 0 0 0 0 0 0 0 0 0 0 0 0 0 0 0 0 0 0 0 0 0 0 
0 0 0 0 0 0 0 0 0 0 0 0 0 0 0 0 0 0 0 0 0 0 0 0 0 0 0 0 0 0 0 0 0 0 0 0 0 0 0 0 0 0 0 0 0 0 0 0 0 0 0 0 0 0 0 0 0 0 0 0 0 0 0 0 0 0 0 0 0 0 0 0 0 0 0 0 0 0 0 0 0 0 0 0 0 0 0 0 0 0 
0 0 0 0 0 0 0 0 0 0 0 0 0 0 0 0 0 0 0 0 0 0 0 0 0 0 0 0 0 0 0 0 0 0 0 0 0 0 0 0 0 0 0 0 0 0 0 0 0 0 0 0 0 0 0 0 0 0 0 0 0 0 0 0 0 0 0 0 0 0 0 0 0 0 0 0 0 0 0 0 0 0 0 0 0 0 0 0 0 0 
0 0 0 0 0 0 0 0 0 0 0 0 0 0 0 0 0 0 0 0 0 0 0 0 0 0 0 0 0 0 0 0 0 0 0 0 0 0 0 0 0 0 0 0 0 0 0 0 0 0 0 0 0 0 0 0 0 0 0 0 0 0 0 0 0 0 0 0 0 0 0 0 0 0 0 0 0 0 0 0 0 0 0 0 0 0 0 0 0 0 
0 0 0 0 0 0 0 0 0 0 0 0 0 0 0 0 0 0 0 0 0 0 0 0 0 0 0 0 0 0 0 0 0 0 0 0 0 0 0 0 0 0 0 0 0 0 0 0 0 0 0 0 0 0 0 0 0 0 0 0 0 0 0 0 0 0 0 0 0 0 0 0 0 0 0 0 0 0 0 0 0 0 0 0 0 0 0 0 0 0 
0 0 0 0 0 0 0 0 0 0 0 0 0 0 0 0 0 0 0 0 0 0 0 0 0 0 0 0 0 0 0 0 0 0 0 0 0 0 0 0 0 0 0 0 0 0 0 0 0 0 0 0 0 0 0 0 0 0 0 0 0 0 0 0 0 0 0 0 0 0 0 0 0 0 0 0 0 0 0 0 0 0 0 0 0 0 0 0 0 0 
0 0 0 0 0 0 0 0 0 0 0 0 0 0 0 0 0 0 0 0 0 0 0 0 0 0 0 0 0 0 0 0 0 0 0 0 0 0 0 0 0 0 0 0 0 0 0 0 0 0 0 0 0 0 0 0 0 0 0 0 0 0 0 0 0 0 0 0 0 0 0 0 0 0 0 0 0 0 0 0 0 0 0 0 0 0 0 0 0 0 
0 0 0 0 0 0 0 0 0 0 0 0 0 0 0 0 0 0 0 0 0 0 0 0 0 0 0 0 0 0 0 0 0 0 0 0 0 0 0 0 0 0 0 0 0 0 0 0 0 0 0 0 0 0 0 0 0 0 0 0 0 0 0 0 0 0 0 0 0 0 0 0 0 0 0 0 0 0 0 0 0 0 0 0 0 0 0 0 0 0 
0 0 0 0 0 0 0 0 0 0 0 0 0 0 0 0 0 0 0 0 0 0 0 0 0 0 0 0 0 0 0 0 0 0 0 0 0 0 0 0 0 0 0 0 0 0 0 0 0 0 0 0 0 0 0 0 0 0 0 0 0 0 0 0 0 0 0 0 0 0 0 0 0 0 0 0 0 0 0 0 0 0 0 0 0 0 0 0 0 0 
0 0 0 0 0 0 0 0 0 0 0 0 0 0 0 0 0 0 0 0 0 0 0 0 0 0 0 0 0 0 0 0 0 0 0 0 0 0 0 0 0 0 0 0 0 0 0 0 0 0 0 0 0 0 0 0 0 0 0 0 0 0 0 0 0 0 0 0 0 0 0 0 0 0 0 0 0 0 0 0 0 0 0 0 0 0 0 0 0 0 
0 0 0 0 0 0 0 0 0 0 0 0 0 0 0 0 0 0 0 0 0 0 0 0 0 0 0 0 0 0 0 0 0 0 0 0 0 0 0 0 0 0 0 0 0 0 0 0 0 0 0 0 0 0 0 0 0 0 0 0 0 0 0 0 0 0 0 0 0 0 0 0 0 0 0 0 0 0 0 0 0 0 0 0 0 0 0 0 0 0 
0 0 0 0 0 0 0 0 0 0 0 0 0 0 0 0 0 0 0 0 0 0 0 0 0 0 0 0 0 0 0 0 0 0 0 0 0 0 0 0 0 0 0 0 0 0 0 0 0 0 0 0 0 0 0 0 0 0 0 0 0 0 0 0 0 0 0 0 0 0 0 0 0 0 0 0 0 0 0 0 0 0 0 0 0 0 0 0 0 0 
0 0 0 0 0 0 0 0 0 0 0 0 0 0 0 0 0 0 0 0 0 0 0 0 0 0 0 0 0 0 0 0 0 0 0 0 0 0 0 0 0 0 0 0 0 0 0 0 0 0 0 0 0 0 0 0 0 0 0 0 0 0 0 0 0 0 0 0 0 0 0 0 0 0 0 0 0 0 0 0 0 0 0 0 0 0 0 0 0 0 
0 0 0 0 0 0 0 0 0 0 0 0 0 0 0 0 0 0 0 0 0 0 0 0 0 0 0 0 0 0 0 0 0 0 0 0 0 0 0 0 0 0 0 0 0 0 0 0 0 0 0 0 0 0 0 0 0 0 0 0 0 0 0 0 0 0 0 0 0 0 0 0 0 0 0 0 0 0 0 0 0 0 0 0 0 0 0 0 0 0 
0 0 0 0 0 0 0 0 0 0 0 0 0 0 0 0 0 0 0 0 0 0 0 0 0 0 0 0 0 0 0 0 0 0 0 0 0 0 0 0 0 0 0 0 0 0 0 0 0 0 0 0 0 0 0 0 0 0 0 0 0 0 0 0 0 0 0 0 0 0 0 0 0 0 0 0 0 0 0 0 0 0 0 0 0 0 0 0 0 0 
0 0 0 0 0 0 0 0 0 0 0 0 0 0 0 0 0 0 0 0 0 0 0 0 0 0 0 0 0 0 0 0 0 0 0 0 0 0 0 0 0 0 0 0 0 0 0 0 0 0 0 0 0 0 0 0 0 0 0 0 0 0 0 0 0 0 0 0 0 0 0 0 0 0 0 0 0 0 0 0 0 0 0 0 0 0 0 0 0 0 
0 0 0 0 0 0 0 0 0 0 0 0 0 0 0 0 0 0 0 0 0 0 0 0 0 0 0 0 0 0 0 0 0 0 0 0 0 0 0 0 0 0 0 0 0 0 0 0 0 0 0 0 0 0 0 0 0 0 0 0 0 0 0 0 0 0 0 0 0 0 0 0 0 0 0 0 0 0 0 0 0 0 0 0 0 0 0 0 0 0 
0 0 0 0 0 0 0 0 0 0 0 0 0 0 0 0 0 0 0 0 0 0 0 0 0 0 0 0 0 0 0 0 0 0 0 0 0 0 0 0 0 0 0 0 0 0 0 0 0 0 0 0 0 0 0 0 0 0 0 0 0 0 0 0 0 0 0 0 0 0 0 0 0 0 0 0 0 0 0 0 0 0 0 0 0 0 0 0 0 0 
0 0 0 0 0 0 0 0 0 0 0 0 0 0 0 0 0 0 0 0 0 0 0 0 0 0 0 0 0 0 0 0 0 0 0 0 0 0 0 0 0 0 0 0 0 0 0 0 0 0 0 0 0 0 0 0 0 0 0 0 0 0 0 0 0 0 0 0 0 0 0 0 0 0 0 0 0 0 0 0 0 0 0 0 0 0 0 0 0 0 
0 0 0 0 0 0 0 0 0 0 0 0 0 0 0 0 0 0 0 0 0 0 0 0 0 0 0 0 0 0 0 0 0 0 0 0 0 0 0 0 0 0 0 0 0 0 0 0 0 0 0 0 0 0 0 0 0 0 0 0 0 0 0 0 0 0 0 0 0 0 0 0 0 0 0 0 0 0 0 0 0 0 0 0 0 0 0 0 0 0 
0 0 0 0 0 0 0 0 0 0 0 0 0 0 0 0 0 0 0 0 0 0 0 0 0 0 0 0 0 0 0 0 0 0 0 0 0 0 0 0 0 0 0 0 0 0 0 0 0 0 0 0 0 0 0 0 0 0 0 0 0 0 0 0 0 0 0 0 0 0 0 0 0 0 0 0 0 0 0 0 0 0 0 0 0 0 0 0 0 0 
0 0 0 0 0 0 0 0 0 0 0 0 0 0 0 0 0 0 0 0 0 0 0 0 0 0 0 0 0 0 0 0 0 0 0 0 0 0 0 0 0 0 0 0 0 0 0 0 0 0 0 0 0 0 0 0 0 0 0 0 0 0 0 0 0 0 0 0 0 0 0 0 0 0 0 0 0 0 0 0 0 0 0 0 0 0 0 0 0 0 
0 0 0 0 0 0 0 0 0 0 0 0 0 0 0 0 0 0 0 0 0 0 0 0 0 0 0 0 0 0 0 0 0 0 0 0 0 0 0 0 0 0 0 0 0 0 0 0 0 0 0 0 0 0 0 0 0 0 0 0 0 0 0 0 0 0 0 0 0 0 0 0 0 0 0 0 0 0 0 0 0 0 0 0 0 0 0 0 0 0 
0 0 0 0 0 0 0 0 0 0 0 0 0 0 0 0 0 0 0 0 0 0 0 0 0 0 0 0 0 0 0 0 0 0 0 0 0 0 0 0 0 0 0 0 0 0 0 0 0 0 0 0 0 0 0 0 0 0 0 0 0 0 0 0 0 0 0 0 0 0 0 0 0 0 0 0 0 0 0 0 0 0 0 0 0 0 0 0 0 0 
0 0 0 0 0 0 0 0 0 0 0 0 0 0 0 0 0 0 0 0 0 0 0 0 0 0 0 0 0 0 0 0 0 0 0 0 0 0 0 0 0 0 0 0 0 0 0 0 0 0 0 0 0 0 0 0 0 0 0 0 0 0 0 0 0 0 0 0 0 0 0 0 0 0 0 0 0 0 0 0 0 0 0 0 0 0 0 0 0 0 
0 0 0 0 0 0 0 0 0 0 0 0 0 0 0 0 0 0 0 0 0 0 0 0 0 0 0 0 0 0 0 0 0 0 0 0 0 0 0 0 0 0 0 0 0 0 0 0 0 0 0 0 0 0 0 0 0 0 0 0 0 0 0 0 0 0 0 0 0 0 0 0 0 0 0 0 0 0 0 0 0 0 0 0 0 0 0 0 0 0 
0 0 8.041274191 0 0 0 0 0 0 0 0 0 0 0 0 0 0 0 0 0 0 0 0 0 0 0 0 0 0 0 0 0 0 0 0 0 0 0 0 0 0 0 0 0 0 0 0 0 0 0 0 0 0 0 0 0 0 0 0 0 0 0 0 0 0 0 0 0 0 0 0 0 0 0 0 0 0 0 0 0 0 0 0 0 0 0 0 0 0 0 
0 20.54809994 0 0 0 0 0 0 0 0 0 0 0 0 0 0 0 0 0 0 0 0 0 0 0 0 0 0 0 0 0 0 0 0 0 0 0 0 0 0 0 0 0 0 0 0 0 0 0 0 0 0 0 0 0 0 0 0 0 0 0 0 0 0 0 0 0 0 0 0 0 0 0 0 0 0 0 0 0 0 0 0 0 0 0 0 0 0 0 0 
0 0 10.46827626 0 0 0 0 0 26.14298097 0 0 0 0 0 0 0 0 0 0 0 0 0 0 0 0 0 0 0 0 0 0 0 0 0 0 0 0 0 0 0 0 0 0 0 0 0 0 0 0 0 0 0 0 0 0 0 0 0 0 0 0 0 0 0 0 0 0 0 0 0 0 0 0 0 0 0 0 0 0 0 0 0 0 0 0 0 0 0 0 0 
0 0 0 0 0 0 0 0 12.75942363 0 0 0 0 0 0 0 0 0 0 0 0 0 0 0 0 0 0 0 0 0 0 0 0 0 0 0 0 0 0 0 0 0 0 0 0 0 0 0 0 0 0 0 0 0 0 0 0 0 0 0 0 0 0 0 0 0 0 0 0 0 0 0 0 0 0 0 0 0 0 0 0 0 0 0 0 0 0 0 0 0 
0 0 0 0 0 0 18.7930783 0 0 0 0 0 20.34973248 24.70121121 0 0 0 0 0 0 0 24.16519059 0 0 0 0 0 0 0 0 0 0 0 0 0 0 0 0 0 0 0 0 0 0 0 0 0 0 0 0 0 0 0 0 0 0 0 0 0 0 0 0 0 0 0 0 0 0 0 0 0 0 0 0 0 0 0 0 0 0 0 0 0 0 0 0 0 0 0 0 
0 0 0 0 0 0 24.2929559 0 5.188153928 0 23.36994599 0 0 0 0 0 0 17.87682217 0 0 0 0 0 0 0 0 0 0 0 0 0 0 0 0 0 0 0 0 0 0 0 0 0 0 0 0 0 0 0 0 0 0 0 0 0 0 0 0 0 0 0 0 0 0 0 0 0 0 0 0 0 0 0 0 0 0 0 0 0 0 0 0 0 0 0 0 0 0 0 0 
22.24852162 15.94464271 0 21.10910959 0 0 0 0 0 0 0 0 0 0 22.95484299 0 0 0 0 0 22.19049983 0 0 0 0 0 0 0 0 0 0 0 12.25828036 0 0 0 0 0 0 0 0 0 0 0 0 0 0 0 0 0 0 0 0 0 0 0 0 0 0 0 0 0 0 0 0 0 0 0 0 0 0 0 0 0 0 0 0 0 0 0 0 0 0 0 0 0 0 0 0 0 
48.72326414 0 57.8265894 0 0 0 0 0 0 0 0 0 0 0 0 0 22.54684403 0 3.600264257 0 0 0 0 0 0 0 0 0 0 0 0 0 0 0 0 0 0 0 22.11395441 0 0 0 0 0 0 0 0 0 0 0 0 0 0 0 0 0 0 0 0 0 0 0 0 0 0 0 0 0 0 0 0 0 0 0 0 0 0 0 0 0 0 0 0 0 0 0 0 0 0 0 
24.03318279 0 0 0 0 15.28115588 28.85267471 0 0 22.15258088 41.01725282 0 49.27321742 0 22.91313245 0 0 0 0 0 19.93708299 0 25.19396675 22.75442069 0 0 0 0 0 17.8214466 0 0 0 0 0 0 0 0 0 0 0 0 0 0 0 0 0 0 0 0 0 0 0 0 0 0 0 0 0 0 0 0 0 0 0 0 0 0 0 0 0 0 0 0 0 0 0 0 0 0 0 0 0 0 0 0 0 0 0 0 
0 23.3834286 0 0 0 0 0 0 0 0 0 0 19.58039238 47.70069884 0 0 0 24.35666896 0 0 0 0 0 0 0 0 0 0 0 0 14.56773186 0 26.63479403 0 0 0 0 0 0 0 0 0 0 0 0 0 0 0 0 0 0 0 0 0 0 0 0 0 0 0 0 0 0 0 0 0 0 0 0 0 0 0 0 0 0 0 0 0 0 0 0 0 0 0 0 0 0 0 0 0 
15.70785616 0 15.51290296 0 0 0 0 0 0 14.46552871 0 23.0110186 28.37763957 0 14.230824 0 0 22.72138642 0 26.67497867 0 0 0 18.94693954 19.40659284 22.9196254 0 0 0 0 0 0 0 25.74265665 0 0 0 0 0 0 0 0 0 0 0 0 0 0 0 0 0 0 0 0 0 0 0 0 0 0 0.7757861477 30.79691382 0 0 0 0 0 0 0 0 0 0 0 0 0 0 0 0 0 0 0 0 0 0 0 0 0 0 0 0 
9.915959385 26.10486159 40.48145419 0 0 48.98086491 0 0 16.83232943 20.94419735 0 0 14.28368202 0 22.05804041 0 24.13735235 0 24.36465793 0 0 0 34.02793931 0 12.99515018 52.81441297 0 0 0 0 23.0917644 0 0 0 24.50001864 0 0 0 0 0 0 4.083045979 0 0 0 0 0 0 0 0 0 0 0 0 0 0 0 0 0 0 0 0 0 0 0 0 0 0 0 0 0 0 0 0 0 0 0 0 0 0 0 0 0 0 0 0 0 0 0 0 
0 0 26.59961745 51.70289144 23.67123346 17.22484747 0 0 0 24.90454185 0 0 9.202921618 25.75123591 27.37693564 16.57763327 22.76399671 15.74128164 0 0 41.63065295 25.40294705 6.797853163 0 0 0 27.79355433 0 0 0 0 0 0 5.894287267 0 0 18.13918296 0 0 0 46.2570551 0 27.31009534 0 0 0 30.16228004 0 14.8741569 0 0 0 0 0 0 0 0 0 0 0 0 0 0 0 0 0 0 0 0 0 0 0 0 0 0 0 0 0 0 0 0 0 0 0 0 0 0 0 0 0 
67.58825863 0 0 0 0 23.45462665 0 29.52595146 0 23.54252074 0 23.94673817 0 0 0 25.82074766 0 5.27829571 24.57471642 0 26.0882575 0 25.25335125 0 0 20.2292109 0 0 0 26.23494068 0 18.19886239 0 27.01304599 26.78188214 0 0 0 0 0 0 0 0 0 0 0 0 0 0 0 0 0 0 0 0 0 0 0 0 0 0 0 0 0 0 0 0 0 0 0 0 0 0 0 0 0 0 0 0 0 0 0 0 0 0 0 0 0 0 0 
12.50703232 0 19.9890113 28.60422942 30.05988755 30.01127457 22.30596668 23.71571449 32.81035399 24.91810439 18.72479692 0 27.93666688 10.18081212 0 21.24885008 0 0 0 27.91626386 11.14677131 22.03952642 13.19441076 0 66.65301778 0 0 0 13.99921288 0 25.82700564 16.88402314 12.47150398 48.97952891 0 0 25.19938671 0 52.74826618 0 0 0 0 0 0 0 0 0 0 0 0 0 0 26.90693653 0 0 0 0 0 0 0 0 0 0 0 0 0 0 0 0 0 0 0 0 0 0 0 0 0 0 0 0 0 0 0 0 0 0 0 0 
0 0 0 63.54677603 58.07096264 13.33156642 0 54.09042178 25.47374256 0 0 0 0 0 0 22.66301377 21.07116416 21.7286456 27.64643511 0 25.27773176 6.589665459 22.21083039 0 0 26.46973301 0 0 35.35895047 35.91708993 0 0 0 0 0 0 0 21.255495 0 0 0 0 0 0 26.49870129 0 27.46959617 10.73071815 27.94969532 25.52287522 0 0 0 0 0 0 0 28.66349076 0 0 0 0 0 0 0 29.56812865 0 0 0 0 0 0 0 0 0 0 0 0 0 0 0 0 0 0 0 0 0 0 0 0 
0 28.07158679 25.34767968 22.65099107 0 18.57450927 0 59.56559862 47.47339093 0 62.71940502 23.61584262 25.86465096 57.80460917 18.78199415 0 0 0 23.57278429 19.00928104 0 0 26.75189121 21.07001304 0 0 0 13.68127956 0 22.2538355 0 0 29.4228276 0 0 0 21.58276661 23.76479125 26.20069955 28.42331988 25.04134836 0 0 0 0 0 6.857544809 25.07252935 0 28.03329571 0 0 0 0 12.45796877 0 0 0 28.33933603 0 0 0 0 0 0 0 0 0 0 0 0 0 0 0 0 0 0 0 0 0 0 0 0 0 0 0 0 0 0 0 
65.54266103 12.99460831 0 23.94575496 43.90951703 39.62954166 0 0 24.37390195 56.95106146 0 0 25.78275683 0 52.81293666 0 0 0 68.99150283 45.32869613 0 54.23965788 0 27.42800494 21.8427155 0 26.9521461 0 38.97443461 25.83532228 34.63867702 0 0 23.02964574 0 0 30.6682124 0 0 0 0 0 53.85004399 25.08154558 0 75.45875452 0 0 0 0 0 0 0 0 0 0 0 0 0 0 0 0 0 0 0 0 0 0 0 0 0 0 0 0 0 0 0 0 0 30.88891283 0 0 0 0 0 0 0 0 0 0 
54.90052053 52.63199621 39.01100975 42.28250709 0 58.35278496 44.34825807 30.88159391 83.52534215 0 0 0 21.91511134 0 0 0 44.87656701 102.0645234 26.09359541 0 18.19190449 59.73384601 0 14.39476729 72.22675425 0 26.25983247 0 0 27.94349233 22.15082561 0 8.975942558 0 0 35.32484057 50.59588849 0 0 27.09837072 0 30.49587226 24.28743441 30.18782542 0 22.66770823 0 0 0 0 16.13329547 0 0 0 27.7042115 0 0 0 0 0 0 0 0 28.7023274 0 0 0 0 0 0 0 0 0 0 0 0 0 0 0 0 0 0 0 0 0 0 0 0 0 0 
0 25.11992735 0 60.06984167 16.40007172 72.24816196 0 12.34461568 58.56008064 27.59614909 62.00495774 12.83690417 0 22.83583587 30.83564898 0 65.42078721 0 98.84859296 32.70683155 32.47004091 0 0 12.80507568 54.86395122 16.24712267 29.62022273 67.19531386 16.97165403 28.17319987 45.71099539 79.28837537 0 31.24689315 77.28779751 0 23.57247376 0 3.365112574 0 0 27.28740546 17.99833109 27.80972999 55.81029153 27.49896365 0 0 0 54.19362066 0 0 0 0 0 0 0 0 0 0 0 0 0 0 0 0 0 0 0 0 0 0 0 0 0 0 0 0 0 0 0 0 0 0 0 0 0 0 0 0 
8.207375708 83.53644252 25.8478318 39.62479346 86.8929503 48.74080493 18.93448155 64.55516741 71.57287866 34.22136952 36.2285098 17.57786128 53.48292874 69.8330552 27.08860403 39.87855578 25.76436797 26.81581063 75.83857292 34.62242987 59.11518694 0 0 45.79724822 0 22.74509332 71.89650959 22.95118408 66.91530145 12.90627298 0 10.83782944 0 27.59798762 0 56.04753495 47.26613392 51.10887504 0 0 26.28272977 22.37860989 0 27.71086588 68.0363577 0 0 29.53889173 30.3741804 0 0 16.41271375 26.986265 26.68910681 0 19.15447108 0 29.66055648 19.9261182 0 28.10390246 0 0 0 35.38076627 0 0 0 0 0 0 0 0 0 0 28.42923851 0 0 0 0 0 0 0 0 0 0 0 0 36.01125098 0 
38.61765247 73.82144043 26.87137198 8.911881717 113.0652425 21.35181957 86.88740874 0 0 55.54385103 26.20314484 53.7935713 39.43236751 57.87550815 100.7640921 58.03167437 78.92112082 29.05604916 92.84860799 36.56335757 0 33.84171444 22.41249972 94.6691086 24.23941566 0 0 38.46397837 0 31.54512778 29.25876228 0 0 23.1115968 24.22320308 29.42677185 60.22124827 25.64186266 27.63175378 27.21247903 13.88705913 83.88213363 0 9.114783662 51.46254355 0 22.05520702 22.14089468 21.03955726 0 0 0 31.43588547 0 0 0 0 53.27265125 0 0 0 19.72491718 83.98962691 0 0 0 0 0 0 0 55.72565764 0 0 0 0 0 0 0 22.91459971 20.75828315 0 0 0 0 0 0 0 0 0 0 
133.9700443 97.76492974 76.6238025 64.63973531 72.01697219 45.09901399 60.16019472 106.7868353 25.72199462 64.89395573 27.77403095 0 62.28326373 70.34381572 23.54221476 17.79682745 0 34.65840231 110.4084106 49.31430239 0 70.10209089 0 24.91114642 121.1645046 54.59368863 0 28.71371255 7.724249994 0 20.75231831 24.85911836 0 41.68956086 7.985295676 30.40260248 89.425721 27.28257497 47.61929665 78.96708217 0 28.24148636 0 0 17.83014224 0 0 39.93796463 0 24.23022356 0 48.44150062 0 0 24.43904068 0 0 17.10500228 0 15.24223909 0 0 0 26.43046543 60.80729493 20.35633232 29.60084786 0 0 0 21.43554699 0 0 31.46134002 0 0 30.9484345 0 0 0 0 0 0 0 0 0 0 0 0 0 
77.59439337 24.03840615 81.88225492 55.24140402 41.77926722 26.00448231 21.41432639 47.45417808 61.48441242 123.9147958 88.71017433 79.69178548 0 19.5354125 16.91783491 0 66.98912044 0 30.91292252 57.93411838 31.28811148 18.50221994 65.75179536 14.93918517 54.69186773 30.48960014 138.8466392 18.52763119 0 21.65587716 58.74567246 0 74.11590056 54.86594962 73.70861539 44.84165833 74.6581837 76.9445485 85.12483304 0 22.85164128 21.57516572 0 0 26.72629346 36.72650511 45.30552407 28.89153785 27.07724916 26.37910806 44.53957643 64.54932243 30.63490958 0 0 44.81186965 0 0 0 21.6840158 0 0 12.36574178 0 0 0 0 0 24.00197619 0 0 0 0 0 0 30.37451597 0 0 0 0 0 0 0 0 0 0 0 0 0 0 
74.03249824 77.71448725 96.77215809 122.8631455 48.28132291 30.14166557 113.4778807 97.53996041 73.05748585 63.38145577 36.44914396 36.69150851 0 84.09255874 47.20190508 89.6742753 24.98317929 44.53517411 72.6613548 78.60155624 142.5310019 34.02611362 104.439501 49.62359685 0 23.43989734 111.0766986 32.44203827 23.61876569 79.8030301 32.15483089 25.61301785 78.07226134 84.53646283 111.0886411 30.38229804 91.14431346 0 81.56790677 21.6496097 25.42369209 31.78308141 44.80776621 0 12.78556493 0 33.96769446 7.390245561 30.96611014 54.41547 50.43552993 0 0 0 0 31.83697153 0 21.81312443 13.73078574 0 29.87531629 65.50632714 0 0 24.3285108 27.12429304 0 31.91453662 11.58519706 0 0 0 0 21.7086877 24.33262436 0 0 63.48707758 0 0 0 29.60842776 0 0 0 0 0 30.370747 0 0 
35.85749547 89.30325578 53.26753398 77.63278088 170.5855724 134.4355501 154.2676003 69.82448562 66.9000328 138.238335 50.98704896 25.15460427 46.56842346 75.80306647 47.80580398 62.00923757 112.1512852 24.57931652 46.69438515 61.49488144 41.77363126 15.75641368 43.68115918 142.5432961 83.87619563 60.60940287 94.36618623 18.52751694 120.1811198 35.19708676 3.779324248 77.49714742 54.05143243 0 58.19620623 132.1183328 54.25921546 102.5552277 78.48359099 77.8721409 48.3015175 60.67428754 111.6218276 119.192293 0 50.31964391 46.0396867 43.27389597 0 51.40649552 82.31235754 23.13724665 22.49019739 92.68062265 60.0740293 73.25114621 0 0 37.68955712 30.21154683 58.23573188 31.10000878 25.65342432 0 24.17645689 0 0 0 0 0 11.27273918 29.60715772 0 0 21.74040707 0 39.99123858 0 0 0 0 0 9.496548446 0 0 32.57509648 0 0 0 0 
40.61277982 142.8115318 26.97134713 105.9665841 149.9988081 45.68195901 74.34012032 111.3460955 56.83154417 81.89450611 114.0649517 125.2386047 113.8927571 59.44559924 81.77363793 62.75122734 0 92.32005489 24.50026344 106.209025 46.76387051 102.4686445 0 54.90673088 0 28.91568633 56.41117655 47.45327897 128.8232871 79.91250767 127.486002 98.68362536 0 33.78924035 73.00182717 28.53747278 25.35136103 121.9526448 117.8046015 65.34013914 0 168.5669937 52.78457336 26.91858825 24.86710983 56.66625307 32.04405002 32.91761547 71.1762163 30.31068514 0 49.16695096 30.00429471 0 0 0 0 0 0 0 42.54780858 18.52822515 98.62307343 42.75634199 30.0434347 0 77.16235852 24.12912056 27.73505365 0 36.45001976 0 0 0 0 0 21.92391368 12.37020869 0 30.5994596 0 32.38571265 0 0 0 0 0 0 0 0 
24.91220433 89.90126136 112.4526952 149.874163 44.15913049 178.5504127 0 63.87180085 200.5379891 0 117.1407135 66.31311881 124.485937 164.3808714 74.79416027 114.8243094 60.50182075 52.17699759 83.03025039 187.1021154 60.74089204 72.82618905 33.40083721 0 149.8500435 49.48268429 198.2068155 100.9270475 100.2722779 22.13842604 0 24.35030506 144.736023 121.6097207 121.5647555 125.3676223 110.1282804 75.41999321 30.72137442 61.81401361 31.74871504 11.53688428 30.27661855 62.1235149 47.40985599 68.48636253 64.41606835 58.21097427 29.6159543 9.955361538 36.4846543 34.38274769 24.78722959 19.44204403 27.04425148 33.30755351 0 0 28.66306188 0 69.3838099 66.85419509 92.71035589 96.49951113 0 0 0 41.09567562 52.93839896 34.07525248 55.62434861 5.411480886 0 0 85.58058192 43.78810409 0 30.25349585 0 0 0 0 31.55114474 0 0 63.76682047 0 0 0 0 
101.5120538 151.0891926 190.7433126 140.8516728 75.50263533 173.7620711 60.85382917 52.55093835 65.04540616 124.1552074 39.00510413 152.8707783 63.77991197 77.09467958 73.67276632 123.3091497 123.5061018 106.9809041 117.1531052 143.2862341 36.49065642 219.0091922 130.6345387 35.28519081 160.8409387 67.55104621 124.2131769 46.48468943 233.6230809 140.6239363 49.72772627 63.60018727 26.29606256 119.2789371 76.18567686 29.49493439 47.02746646 84.12075769 166.0797657 93.1997175 55.36398042 0 42.81286797 104.0542221 129.7852229 73.77006821 24.58560728 40.56786432 15.73028124 0 65.21136825 20.13909892 24.62823082 68.14152504 77.50861973 2.146574121 18.83254894 0 71.33156495 15.05262205 20.75332222 0 51.85521221 29.25383289 0 85.96369461 9.803188717 30.68711276 23.97231987 29.57382457 16.2498673 23.30324988 0 78.49401748 0 29.98962268 59.39421105 28.76844207 0 31.93548842 79.51098708 0 0 0 25.2986554 0 0 0 25.11626849 0 
149.1850753 176.9197206 101.6712661 137.4724687 31.21814176 82.09823768 125.384781 184.8908318 92.58672492 66.61320703 152.3948322 122.1844496 46.93237463 74.47759474 119.9092112 95.90843603 125.4045713 49.80983789 148.7292102 125.7886207 202.0390281 104.7086711 212.3121015 47.05653606 122.2675673 58.0924371 38.95720376 27.01096504 16.07996144 55.60329869 88.47957286 101.4048766 141.1173208 208.1920398 50.04219945 156.5662377 109.0954759 120.3925402 89.37075951 61.04759766 57.17822519 0 161.9955035 148.2517975 102.8538519 48.91689148 60.89252488 0 63.67872363 70.32908469 118.2017369 131.056224 68.93493247 96.09092828 43.58697569 34.51407479 48.31221528 85.73867854 29.90785614 99.00605571 16.7610968 0 20.97198083 65.91274284 42.65230437 85.55199646 6.304641259 39.77802348 5.620616969 83.08117109 91.98901783 73.57990684 0 78.99023982 0 29.10868047 0 0 0 49.98440414 17.7758297 29.47589796 0 0 5.095065166 0 26.70630125 0 0 0 
145.9239611 105.4420356 158.6264754 129.807215 86.54611298 99.05926355 264.8349438 93.44788247 142.1742673 120.5842841 186.9610915 164.0632939 245.3592373 188.6171377 82.01844171 99.00213728 123.4894959 200.1644525 149.4718517 30.21049461 117.0011911 135.6497251 135.3748127 0 109.5218753 157.5433581 97.00931389 223.0280207 21.47968434 117.3781391 115.7690117 94.09181723 46.95922645 48.15450888 180.1483189 105.6239925 98.8908531 104.8497388 53.29850369 0 63.99150859 85.30022992 27.43028114 28.14698151 78.54386241 51.40439086 37.35502538 162.8310195 105.4706088 88.95854565 68.23170116 31.69611729 115.8460421 27.36203407 61.28581669 86.81398667 25.72957464 71.91666873 3.440317598 28.6509718 59.84601392 0 52.5473945 0 0 45.48907721 51.79712007 46.15640647 70.77531186 32.36555103 30.49913592 22.45018103 35.85557857 0 0 18.98753377 0 0 0 0 0 0 0 0 21.77793495 27.3647819 0 52.84896003 67.16663325 23.85938475 
113.8997748 94.74803705 108.116113 144.2522024 146.4285089 77.99268203 144.5247612 242.1572408 244.3360601 115.6405669 79.55825013 87.89589708 109.5275032 105.8132514 31.96653267 136.9547021 180.1435886 48.96002981 168.710611 85.74949713 115.4496391 100.213514 169.7647823 175.5739582 169.3058047 180.5034347 189.7164216 115.3071323 80.89097615 128.1305666 94.69667025 84.67078999 0 224.3669739 223.8729048 130.8119472 129.1269483 141.8057111 230.7016765 76.55169603 238.6761341 140.4558406 13.16290407 158.5463224 54.90440605 41.3502238 27.78518174 223.783336 98.02955387 0 26.87008404 103.8655687 0 75.29706632 127.8434072 44.21364136 70.96237698 141.6796418 0 0 33.90763011 32.21823522 0 56.23693225 33.19950013 80.31544405 38.77093267 26.1458108 27.12803771 46.00224589 16.76572449 189.9000123 49.06769325 59.47303204 0 0 61.04401081 21.58046233 44.62598981 31.12491043 0 51.01560687 0 46.93944451 0 46.01164168 35.787216 0 0 0 
165.2011731 180.575943 162.7494053 162.5460786 226.2434954 228.104667 340.6928158 345.3084943 69.66390941 229.2362939 118.990774 215.268266 198.0065734 106.3565721 244.9285593 135.037864 122.6377839 82.49036504 102.0370473 190.0534157 328.6344477 43.39862739 216.4296613 212.8482106 138.4137502 187.2412485 26.93885146 34.24029721 54.25103118 112.5365806 105.5589058 152.4454196 166.8098283 128.7673126 162.9732635 47.36925339 168.8026523 50.31886072 150.0075373 75.46279494 87.96153812 122.8929166 124.6214382 50.78609042 34.13204984 126.2372196 54.07123085 98.70579438 126.5800192 157.3268747 122.4666521 122.9332587 120.4565575 87.82965249 137.3651053 144.1160901 0 149.9078123 62.99698372 31.95925878 37.91117586 23.45728424 43.33193775 29.58155129 109.3941071 38.99740874 113.5298081 0 0 38.29657418 59.01433002 0 0 17.00435947 27.53421542 29.55858993 56.53118074 31.03265369 62.33329976 20.78354779 33.03731929 16.06352832 0 65.22592469 8.868487147 31.18743992 29.80962374 0 73.31292236 0 
367.7833643 124.2016651 110.1121681 280.3977742 160.823971 309.6835138 284.4610088 112.5432989 106.2526163 237.3606555 419.3111852 258.5735587 86.09932815 100.3361487 287.3100684 138.3294388 202.2453809 255.6771321 71.34006448 225.0941615 12.69253661 24.8877513 194.6647202 257.3475835 74.63669591 220.2347299 214.7397188 170.106867 179.4976876 183.4204833 206.8156322 94.77428068 72.60927805 77.93296042 0 237.4259838 239.8306024 172.9983303 201.2309816 117.6806066 236.4689604 211.7714741 92.17223745 71.66636055 43.51750661 132.4410294 130.8798172 58.9796952 187.4867681 146.3200264 99.01156546 169.7853804 37.95873974 52.96582417 113.5472558 0 57.68496629 170.0806509 100.0927106 96.88461278 72.78870868 245.3701698 14.13620558 188.1712428 48.63549167 47.25565494 51.81756552 109.8300573 173.5479689 96.6682266 54.29742647 178.1403815 63.64615981 89.73762201 63.07982201 69.34921195 80.42812969 86.68552321 147.2043445 0 9.260881774 64.10474187 0 59.30347248 68.26206952 27.41214566 95.7463279 2.781527522 10.81437379 30.1750344 
440.9271448 142.9019611 42.63367439 154.6832882 220.3207126 235.7011222 279.3153587 307.3912273 221.8991073 45.53822248 128.648406 83.93789006 195.3065716 339.7917543 232.9175371 188.7369556 147.7308311 259.8662682 203.8187146 324.7598666 85.63929034 150.1172362 358.5612454 160.7723188 259.8195603 142.3017605 204.0327331 192.8389576 459.2457667 87.9000351 158.8143884 291.4704527 106.6297272 46.05352423 53.54841861 148.2686009 264.2775963 265.9417638 215.4104761 223.9661781 212.4649821 126.2036928 158.4708252 81.04620888 53.91986244 148.7982068 94.1839567 289.9854188 209.5114725 201.6308774 0 107.6936729 33.4359655 208.6915767 180.5925753 226.7828648 214.5115946 95.47653369 37.12790325 73.12256997 138.7212564 37.34731634 89.16210896 23.25053676 169.487293 154.1392313 56.24032807 41.851975 30.07060281 17.91081309 0 61.16007217 61.9528752 131.1666389 96.2925903 107.0756647 114.3054745 40.35722447 10.07415038 59.30436586 33.5294332 32.2305905 30.99268525 51.57473522 34.24445833 0 50.94946001 0 0 0 
354.3215632 164.8793336 254.0276601 119.7628824 344.3516888 150.3537883 234.6151085 158.2121932 207.1084001 204.3635423 95.82650713 205.3776159 392.2337563 275.4294123 341.2211774 96.37765169 192.1580517 305.505572 251.8576197 52.66500538 155.8863175 104.2336989 248.4819828 132.2567253 241.5237791 340.0964894 218.4507277 146.6090544 221.4256573 0 94.58636232 246.1378337 37.12029094 189.0778757 236.2841959 170.1464538 243.7761266 237.1524763 203.8130036 196.0929887 259.2298907 228.6544768 113.0287508 158.7531697 183.4608561 27.45371583 124.1220864 98.42884246 67.034736 72.59803435 138.166096 89.60940135 53.46516143 53.765864 72.51454367 156.3515997 28.34033574 103.635917 205.333658 130.258022 106.5235868 28.54092368 100.4543757 265.0100982 136.21393 22.59998952 30.4875617 62.51498247 54.56979463 13.5332225 0 103.9197974 36.24567451 0 157.3316272 93.97897048 64.02006327 38.15293667 0 45.67984136 63.32330105 0 0 147.4567638 43.88061692 33.06970667 45.23001583 36.22025861 84.95926857 0 
296.7958742 111.3993564 168.1558306 241.2862368 207.6479479 183.4511854 191.7045485 30.14311194 346.3202783 141.0248859 191.4437587 212.7819279 466.377096 449.7319179 109.2465497 435.7554712 166.2771469 238.8499442 207.3498639 394.2404343 120.8643773 372.3750534 333.2971975 267.6858977 262.3631687 288.5108909 275.549236 294.902205 289.1494696 328.3727471 278.4401067 26.41811122 153.9046878 394.5896263 239.4244527 93.76702706 70.80839652 159.4456893 199.5672579 109.8876613 124.8622844 297.791041 221.3316104 213.3373609 79.98661358 195.6158844 57.11718549 45.52562451 17.69315347 157.9038415 260.5387526 199.5867966 182.8428628 128.0488189 111.0400579 80.64470705 111.3094475 173.1596285 203.9469693 167.5853572 146.2126652 187.2742525 151.052614 26.32162653 63.7192919 64.479365 44.4343261 50.59245127 13.59896771 173.4301669 72.16764492 54.35640923 27.61112932 53.23441853 81.37763788 24.83234161 152.922167 135.0534802 27.64485305 23.64320507 52.4597496 30.70767983 79.08429402 27.85688887 0 29.1606272 90.19608451 45.85327519 44.93477909 0 
324.7837266 203.3585552 378.8808783 202.950775 449.2495698 297.1809579 425.9420506 291.4243242 458.591439 338.741542 101.4273866 504.064576 256.2541557 325.2370923 413.9792026 469.2316491 375.4280083 221.4393973 397.61643 162.8350972 87.91479915 203.7776586 251.8451506 49.29287785 229.2167815 222.8423449 247.3362987 374.8991733 244.8948335 215.3389319 336.5521179 37.30227952 294.2254114 245.8678498 213.1413374 164.8803006 45.96114974 383.8338185 209.3920857 273.3672823 215.2049028 98.83190868 351.8017487 177.1731278 251.4437439 194.1331451 317.0222925 206.9864853 115.7589345 143.6563346 192.482194 75.58048281 203.1780598 100.3389537 243.6455963 149.8915574 82.01974027 100.8150344 230.4794032 145.85609 124.5363592 53.88168258 117.6503303 225.5635147 198.3507773 6.213238517 249.1055323 94.67444802 47.20462381 127.3107136 112.4697194 110.3366231 28.27199126 203.9616209 114.5142157 55.63799574 0 128.2559385 104.6040787 98.24197973 108.8773786 90.74830126 64.04893677 37.29692797 79.36995019 102.4847727 0 0 46.68821393 45.29626038 
260.1219817 367.712727 222.4679338 303.3237974 295.4432631 254.2090446 231.472726 287.848646 422.2392361 329.1160594 447.5837024 206.4668705 216.7497558 253.290618 357.3100408 309.6463292 347.2256407 293.9817244 350.8842869 229.7597291 247.0687495 452.2325808 179.4515403 74.49123911 392.1969574 59.58044047 277.6249289 450.0062538 296.0210029 338.261798 148.0300249 379.656911 237.4799558 186.1301579 276.2380996 227.0572496 313.7038386 115.8115491 297.7455783 102.9246279 198.5317914 156.1293188 226.3130271 240.5874331 191.4908184 223.6454315 128.7426083 59.74964326 208.8695874 236.9440175 179.7953127 75.05253004 141.6979603 354.3729648 190.5089375 2.265118885 171.0084956 66.19834587 237.3463754 228.2263208 166.4042188 143.0747309 100.7052746 119.7745508 213.3584114 160.3468185 245.8316932 116.4660479 136.6609261 229.2503961 186.7148165 102.0398799 216.7411322 120.754552 66.18735968 128.4629241 127.5467409 200.8045241 82.90096622 69.22732622 84.90260981 76.89819849 38.08159731 0 108.21395 27.14855307 35.12270472 54.68844801 153.3570009 0 
237.9479656 480.5242361 243.9993364 326.0404955 160.9873853 492.5307211 295.2673243 359.2712485 431.5339194 314.4690351 261.1999825 210.7942195 290.8350031 291.3617211 415.4687615 422.5089605 128.4516356 465.7389603 340.4225425 333.4297189 374.5713929 328.6432429 103.6760776 342.0544118 407.7573998 389.8975151 424.1721804 500.9149336 344.9414453 246.3151969 312.7051338 180.8201207 402.0559299 311.5705155 170.9778745 479.963623 178.6725087 352.3575089 198.6891334 285.8461181 43.64516879 178.4633074 274.2286495 260.3281837 588.1191467 300.7188823 293.6724037 186.7245017 15.38313809 395.8501448 297.9386857 154.8614886 269.6188687 299.7079688 150.1432959 241.6007767 148.960216 51.14563528 192.6634595 140.9936436 182.0552447 201.1164789 115.6301176 116.1734107 46.84595572 188.966364 114.1892157 124.6177306 269.3398009 108.4411128 152.6621022 203.7407917 19.60010969 177.224308 89.63061761 67.56033848 164.2942627 106.3755874 82.80517183 61.53336148 138.8411952 98.44490499 110.8451605 64.86608628 140.4845225 90.3444019 32.29212185 141.2596311 102.7012585 125.9118324 
514.1088422 339.1421051 193.864274 432.3802444 385.0130461 244.4540967 349.0116227 382.7448427 441.5602449 488.531981 357.9874176 364.3137961 143.9956467 255.4069136 173.8732675 332.8409406 611.6060285 447.6867961 299.4880504 459.0850779 431.1530793 275.8796861 202.5958391 456.3014124 391.0667505 348.8114236 351.0698104 53.59466334 371.5563844 334.8153115 414.9254295 526.4306779 234.5021344 548.0945217 384.2591058 401.3519919 401.8265727 290.9136589 258.0384623 169.1997627 205.0177227 374.4439023 348.3664864 383.2470056 111.4281655 179.3796708 350.7370786 229.0835291 317.008395 337.8251709 197.6059225 81.48478142 107.74394 137.2280959 280.6892427 323.7025959 108.9948297 332.9655434 267.0504285 165.4053281 153.237959 189.7598867 100.9821988 173.4198802 175.1889209 180.3690438 250.5954337 178.22007 133.3516796 117.987568 66.69484467 87.11115549 91.90192743 153.4856836 94.23597941 185.1788394 53.66707194 69.1030017 151.2012394 210.4934817 88.66865211 75.96464355 349.4885036 117.3717117 140.118806 86.00481081 40.02255947 120.8457115 141.4504567 122.8673333 
276.1690547 199.8790827 185.448646 455.1217335 487.7130097 447.4580125 614.4511576 321.8506942 331.9976695 388.7460061 381.1388619 323.1045336 262.0975503 399.4356944 424.5283311 296.6878775 345.7586538 460.5471026 288.906203 634.6865671 376.7206406 396.6071593 284.9838864 492.1421082 328.5603676 215.2234171 43.73132935 217.6272179 325.6512482 395.8146236 148.6428016 191.4594157 304.3002454 205.4370979 337.4598913 227.6123399 642.5810263 386.2451987 271.1283635 442.1758427 307.1518714 560.2163471 335.8175696 286.4855523 299.1889901 402.9862094 402.6831005 150.142506 359.2367768 99.27146391 535.0156246 79.89314442 174.1775626 128.438854 345.6104102 138.6422727 272.8976613 110.7127612 34.45766131 246.1667571 133.5259042 96.16689175 225.2642622 121.7519047 310.0934415 339.7142799 270.9855589 70.80146123 296.5743852 284.3151077 71.25215875 272.8033894 174.1337196 208.7839135 122.6399505 268.1353131 128.8720002 89.51593703 96.40311585 74.84505019 77.92703415 203.4253459 152.9975221 99.4877738 144.30887 196.7547101 48.75442735 57.19488624 192.7305977 148.1763413 
526.7729225 259.914758 257.404205 399.1317779 388.8648134 406.3334127 381.4112207 524.1897067 498.9886837 408.459152 426.9586212 436.4452844 497.1765577 366.7599591 685.0501366 671.9296847 635.547767 563.4994002 269.450246 278.3072329 348.8887007 387.8473763 185.3819794 218.066255 228.0114806 315.2658426 310.787537 431.3708486 227.3031415 495.9057398 592.4960388 351.4848022 380.8109818 457.9713111 403.6088919 412.7560864 146.0621876 446.3619922 421.9236543 319.6339759 133.7981195 440.4992438 268.2711645 271.9735319 240.4264363 315.0846379 349.5668261 97.7703774 472.4744481 390.3746951 475.433233 372.8683578 413.4442062 197.8663369 103.2916084 442.0764358 232.4260267 133.3114278 422.8415324 124.0805944 379.2329873 172.454885 269.288161 117.6539207 315.6984181 92.63339768 267.7448282 319.967006 165.4996479 129.37348 241.2600458 221.6624014 226.2943114 41.48741725 57.58409334 212.9508292 159.746134 188.0194269 200.8065002 88.94942887 359.5960666 31.4723013 198.2757361 111.6219919 160.6838326 126.6724942 90.29536836 116.0774246 72.24267403 42.16918179 
363.3583292 294.3671717 403.6755088 283.9195353 305.5285966 381.3732971 603.4570996 710.6350716 498.6349975 274.7825498 582.9782599 268.0040448 472.2177604 311.0030757 352.8204816 576.9304321 464.3202084 462.7329738 482.8918373 357.320206 556.8936478 372.0736428 373.4816085 543.4634311 448.1256498 218.9003725 511.8122332 557.18519 398.9271907 378.4768403 206.8028465 458.0124167 345.8312334 572.1804995 581.2909682 311.6219325 487.7982254 390.1046822 364.6935549 202.6220111 305.0215462 493.0462676 172.3846896 270.2705478 135.4198683 374.2394551 440.0782284 558.310026 388.2981914 124.8578911 112.4395825 570.3782875 289.0180847 359.1139806 484.5093141 297.9959128 304.5941103 245.0256311 260.4595971 362.4515148 170.7192459 202.2433943 344.1234217 48.7389101 106.5048437 242.7362035 302.9745103 137.2424422 138.8212611 159.8458769 44.54577712 34.22452491 419.5947342 170.061741 193.7380173 238.1269903 135.6419997 317.7933076 207.9000934 214.0246511 20.60097625 54.21451498 67.19718898 147.0167199 273.1673318 34.41819872 138.2506161 91.11817839 135.4652888 102.849827 
326.0768987 289.2426241 557.2716164 272.8616457 679.7334086 470.07018 441.995309 350.5552756 569.5105021 252.3450816 425.7125921 513.8119865 571.6368073 504.2440678 272.7477066 849.2606364 704.7519567 546.5505874 650.2180271 418.8292548 453.394851 420.4100048 573.8117906 664.2764665 224.0392051 386.5996934 470.7961902 547.4672818 303.9818266 552.8841607 532.9909335 423.728484 399.3232494 221.3748371 634.3489669 427.9277954 530.5795284 345.7936959 351.4536313 248.1580131 502.4266416 511.4024649 329.8742211 456.0193506 451.7952142 423.6445247 352.6524434 453.1761329 234.9744321 325.1001624 214.2892188 180.7438817 274.8499862 272.1346678 135.8533059 311.9622237 506.4517947 277.4392248 240.9316271 206.0509109 86.73299054 143.3528553 283.0060332 246.9973811 144.092563 478.8806816 364.8780928 281.250242 264.0204395 179.5355794 209.996956 276.1680551 215.8774245 269.1797463 212.0436373 34.11064888 162.5073587 86.91942254 36.52401556 181.6476274 78.52255112 268.3026516 214.9858464 289.9558036 192.8858195 66.53477783 133.5787095 183.0069287 174.6118431 86.1093915 
# Errors [psd_monitor3/analyser3_psd.dat] I_err:
0 0 0 0 0 0 0 0 0 0 0 0 0 0 0 0 0 0 0 0 0 0 0 0 0 0 0 0 0 0 0 0 0 0 0 0 0 0 0 0 0 0 0 0 0 0 0 0 0 0 0 0 0 0 0 0 0 0 0 0 0 0 0 0 0 0 0 0 0 0 0 0 0 0 0 0 0 0 0 0 0 0 0 0 0 0 0 0 0 0 
0 0 0 0 0 0 0 0 0 0 0 0 0 0 0 0 0 0 0 0 0 0 0 0 0 0 0 0 0 0 0 0 0 0 0 0 0 0 0 0 0 0 0 0 0 0 0 0 0 0 0 0 0 0 0 0 0 0 0 0 0 0 0 0 0 0 0 0 0 0 0 0 0 0 0 0 0 0 0 0 0 0 0 0 0 0 0 0 0 0 
0 0 0 0 0 0 0 0 0 0 0 0 0 0 0 0 0 0 0 0 0 0 0 0 0 0 0 0 0 0 0 0 0 0 0 0 0 0 0 0 0 0 0 0 0 0 0 0 0 0 0 0 0 0 0 0 0 0 0 0 0 0 0 0 0 0 0 0 0 0 0 0 0 0 0 0 0 0 0 0 0 0 0 0 0 0 0 0 0 0 
0 0 0 0 0 0 0 0 0 0 0 0 0 0 0 0 0 0 0 0 0 0 0 0 0 0 0 0 0 0 0 0 0 0 0 0 0 0 0 0 0 0 0 0 0 0 0 0 0 0 0 0 0 0 0 0 0 0 0 0 0 0 0 0 0 0 0 0 0 0 0 0 0 0 0 0 0 0 0 0 0 0 0 0 0 0 0 0 0 0 
0 0 0 0 0 0 0 0 0 0 0 0 0 0 0 0 0 0 0 0 0 0 0 0 0 0 0 0 0 0 0 0 0 0 0 0 0 0 0 0 0 0 0 0 0 0 0 0 0 0 0 0 0 0 0 0 0 0 0 0 0 0 0 0 0 0 0 0 0 0 0 0 0 0 0 0 0 0 0 0 0 0 0 0 0 0 0 0 0 0 
0 0 0 0 0 0 0 0 0 0 0 0 0 0 0 0 0 0 0 0 0 0 0 0 0 0 0 0 0 0 0 0 0 0 0 0 0 0 0 0 0 0 0 0 0 0 0 0 0 0 0 0 0 0 0 0 0 0 0 0 0 0 0 0 0 0 0 0 0 0 0 0 0 0 0 0 0 0 0 0 0 0 0 0 0 0 0 0 0 0 
0 0 0 0 0 0 0 0 0 0 0 0 0 0 0 0 0 0 0 0 0 0 0 0 0 0 0 0 0 0 0 0 0 0 0 0 0 0 0 0 0 0 0 0 0 0 0 0 0 0 0 0 0 0 0 0 0 0 0 0 0 0 0 0 0 0 0 0 0 0 0 0 0 0 0 0 0 0 0 0 0 0 0 0 0 0 0 0 0 0 
0 0 0 0 0 0 0 0 0 0 0 0 0 0 0 0 0 0 0 0 0 0 0 0 0 0 0 0 0 0 0 0 0 0 0 0 0 0 0 0 0 0 0 0 0 0 0 0 0 0 0 0 0 0 0 0 0 0 0 0 0 0 0 0 0 0 0 0 0 0 0 0 0 0 0 0 0 0 0 0 0 0 0 0 0 0 0 0 0 0 
0 0 0 0 0 0 0 0 0 0 0 0 0 0 0 0 0 0 0 0 0 0 0 0 0 0 0 0 0 0 0 0 0 0 0 0 0 0 0 0 0 0 0 0 0 0 0 0 0 0 0 0 0 0 0 0 0 0 0 0 0 0 0 0 0 0 0 0 0 0 0 0 0 0 0 0 0 0 0 0 0 0 0 0 0 0 0 0 0 0 
0 0 0 0 0 0 0 0 0 0 0 0 0 0 0 0 0 0 0 0 0 0 0 0 0 0 0 0 0 0 0 0 0 0 0 0 0 0 0 0 0 0 0 0 0 0 0 0 0 0 0 0 0 0 0 0 0 0 0 0 0 0 0 0 0 0 0 0 0 0 0 0 0 0 0 0 0 0 0 0 0 0 0 0 0 0 0 0 0 0 
0 0 0 0 0 0 0 0 0 0 0 0 0 0 0 0 0 0 0 0 0 0 0 0 0 0 0 0 0 0 0 0 0 0 0 0 0 0 0 0 0 0 0 0 0 0 0 0 0 0 0 0 0 0 0 0 0 0 0 0 0 0 0 0 0 0 0 0 0 0 0 0 0 0 0 0 0 0 0 0 0 0 0 0 0 0 0 0 0 0 
0 0 0 0 0 0 0 0 0 0 0 0 0 0 0 0 0 0 0 0 0 0 0 0 0 0 0 0 0 0 0 0 0 0 0 0 0 0 0 0 0 0 0 0 0 0 0 0 0 0 0 0 0 0 0 0 0 0 0 0 0 0 0 0 0 0 0 0 0 0 0 0 0 0 0 0 0 0 0 0 0 0 0 0 0 0 0 0 0 0 
0 0 0 0 0 0 0 0 0 0 0 0 0 0 0 0 0 0 0 0 0 0 0 0 0 0 0 0 0 0 0 0 0 0 0 0 0 0 0 0 0 0 0 0 0 0 0 0 0 0 0 0 0 0 0 0 0 0 0 0 0 0 0 0 0 0 0 0 0 0 0 0 0 0 0 0 0 0 0 0 0 0 0 0 0 0 0 0 0 0 
0 0 0 0 0 0 0 0 0 0 0 0 0 0 0 0 0 0 0 0 0 0 0 0 0 0 0 0 0 0 0 0 0 0 0 0 0 0 0 0 0 0 0 0 0 0 0 0 0 0 0 0 0 0 0 0 0 0 0 0 0 0 0 0 0 0 0 0 0 0 0 0 0 0 0 0 0 0 0 0 0 0 0 0 0 0 0 0 0 0 
0 0 0 0 0 0 0 0 0 0 0 0 0 0 0 0 0 0 0 0 0 0 0 0 0 0 0 0 0 0 0 0 0 0 0 0 0 0 0 0 0 0 0 0 0 0 0 0 0 0 0 0 0 0 0 0 0 0 0 0 0 0 0 0 0 0 0 0 0 0 0 0 0 0 0 0 0 0 0 0 0 0 0 0 0 0 0 0 0 0 
0 0 0 0 0 0 0 0 0 0 0 0 0 0 0 0 0 0 0 0 0 0 0 0 0 0 0 0 0 0 0 0 0 0 0 0 0 0 0 0 0 0 0 0 0 0 0 0 0 0 0 0 0 0 0 0 0 0 0 0 0 0 0 0 0 0 0 0 0 0 0 0 0 0 0 0 0 0 0 0 0 0 0 0 0 0 0 0 0 0 
0 0 0 0 0 0 0 0 0 0 0 0 0 0 0 0 0 0 0 0 0 0 0 0 0 0 0 0 0 0 0 0 0 0 0 0 0 0 0 0 0 0 0 0 0 0 0 0 0 0 0 0 0 0 0 0 0 0 0 0 0 0 0 0 0 0 0 0 0 0 0 0 0 0 0 0 0 0 0 0 0 0 0 0 0 0 0 0 0 0 
0 0 0 0 0 0 0 0 0 0 0 0 0 0 0 0 0 0 0 0 0 0 0 0 0 0 0 0 0 0 0 0 0 0 0 0 0 0 0 0 0 0 0 0 0 0 0 0 0 0 0 0 0 0 0 0 0 0 0 0 0 0 0 0 0 0 0 0 0 0 0 0 0 0 0 0 0 0 0 0 0 0 0 0 0 0 0 0 0 0 
0 0 0 0 0 0 0 0 0 0 0 0 0 0 0 0 0 0 0 0 0 0 0 0 0 0 0 0 0 0 0 0 0 0 0 0 0 0 0 0 0 0 0 0 0 0 0 0 0 0 0 0 0 0 0 0 0 0 0 0 0 0 0 0 0 0 0 0 0 0 0 0 0 0 0 0 0 0 0 0 0 0 0 0 0 0 0 0 0 0 
0 0 0 0 0 0 0 0 0 0 0 0 0 0 0 0 0 0 0 0 0 0 0 0 0 0 0 0 0 0 0 0 0 0 0 0 0 0 0 0 0 0 0 0 0 0 0 0 0 0 0 0 0 0 0 0 0 0 0 0 0 0 0 0 0 0 0 0 0 0 0 0 0 0 0 0 0 0 0 0 0 0 0 0 0 0 0 0 0 0 
0 0 0 0 0 0 0 0 0 0 0 0 0 0 0 0 0 0 0 0 0 0 0 0 0 0 0 0 0 0 0 0 0 0 0 0 0 0 0 0 0 0 0 0 0 0 0 0 0 0 0 0 0 0 0 0 0 0 0 0 0 0 0 0 0 0 0 0 0 0 0 0 0 0 0 0 0 0 0 0 0 0 0 0 0 0 0 0 0 0 
0 0 0 0 0 0 0 0 0 0 0 0 0 0 0 0 0 0 0 0 0 0 0 0 0 0 0 0 0 0 0 0 0 0 0 0 0 0 0 0 0 0 0 0 0 0 0 0 0 0 0 0 0 0 0 0 0 0 0 0 0 0 0 0 0 0 0 0 0 0 0 0 0 0 0 0 0 0 0 0 0 0 0 0 0 0 0 0 0 0 
0 0 0 0 0 0 0 0 0 0 0 0 0 0 0 0 0 0 0 0 0 0 0 0 0 0 0 0 0 0 0 0 0 0 0 0 0 0 0 0 0 0 0 0 0 0 0 0 0 0 0 0 0 0 0 0 0 0 0 0 0 0 0 0 0 0 0 0 0 0 0 0 0 0 0 0 0 0 0 0 0 0 0 0 0 0 0 0 0 0 
0 0 0 0 0 0 0 0 0 0 0 0 0 0 0 0 0 0 0 0 0 0 0 0 0 0 0 0 0 0 0 0 0 0 0 0 0 0 0 0 0 0 0 0 0 0 0 0 0 0 0 0 0 0 0 0 0 0 0 0 0 0 0 0 0 0 0 0 0 0 0 0 0 0 0 0 0 0 0 0 0 0 0 0 0 0 0 0 0 0 
0 0 0 0 0 0 0 0 0 0 0 0 0 0 0 0 0 0 0 0 0 0 0 0 0 0 0 0 0 0 0 0 0 0 0 0 0 0 0 0 0 0 0 0 0 0 0 0 0 0 0 0 0 0 0 0 0 0 0 0 0 0 0 0 0 0 0 0 0 0 0 0 0 0 0 0 0 0 0 0 0 0 0 0 0 0 0 0 0 0 
0 0 0 0 0 0 0 0 0 0 0 0 0 0 0 0 0 0 0 0 0 0 0 0 0 0 0 0 0 0 0 0 0 0 0 0 0 0 0 0 0 0 0 0 0 0 0 0 0 0 0 0 0 0 0 0 0 0 0 0 0 0 0 0 0 0 0 0 0 0 0 0 0 0 0 0 0 0 0 0 0 0 0 0 0 0 0 0 0 0 
0 0 0 0 0 0 0 0 0 0 0 0 0 0 0 0 0 0 0 0 0 0 0 0 0 0 0 0 0 0 0 0 0 0 0 0 0 0 0 0 0 0 0 0 0 0 0 0 0 0 0 0 0 0 0 0 0 0 0 0 0 0 0 0 0 0 0 0 0 0 0 0 0 0 0 0 0 0 0 0 0 0 0 0 0 0 0 0 0 0 
0 0 0 0 0 0 0 0 0 0 0 0 0 0 0 0 0 0 0 0 0 0 0 0 0 0 0 0 0 0 0 0 0 0 0 0 0 0 0 0 0 0 0 0 0 0 0 0 0 0 0 0 0 0 0 0 0 0 0 0 0 0 0 0 0 0 0 0 0 0 0 0 0 0 0 0 0 0 0 0 0 0 0 0 0 0 0 0 0 0 
0 0 0 0 0 0 0 0 0 0 0 0 0 0 0 0 0 0 0 0 0 0 0 0 0 0 0 0 0 0 0 0 0 0 0 0 0 0 0 0 0 0 0 0 0 0 0 0 0 0 0 0 0 0 0 0 0 0 0 0 0 0 0 0 0 0 0 0 0 0 0 0 0 0 0 0 0 0 0 0 0 0 0 0 0 0 0 0 0 0 
0 0 0 0 0 0 0 0 0 0 0 0 0 0 0 0 0 0 0 0 0 0 0 0 0 0 0 0 0 0 0 0 0 0 0 0 0 0 0 0 0 0 0 0 0 0 0 0 0 0 0 0 0 0 0 0 0 0 0 0 0 0 0 0 0 0 0 0 0 0 0 0 0 0 0 0 0 0 0 0 0 0 0 0 0 0 0 0 0 0 
0 0 0 0 0 0 0 0 0 0 0 0 0 0 0 0 0 0 0 0 0 0 0 0 0 0 0 0 0 0 0 0 0 0 0 0 0 0 0 0 0 0 0 0 0 0 0 0 0 0 0 0 0 0 0 0 0 0 0 0 0 0 0 0 0 0 0 0 0 0 0 0 0 0 0 0 0 0 0 0 0 0 0 0 0 0 0 0 0 0 
0 0 0 0 0 0 0 0 0 0 0 0 0 0 0 0 0 0 0 0 0 0 0 0 0 0 0 0 0 0 0 0 0 0 0 0 0 0 0 0 0 0 0 0 0 0 0 0 0 0 0 0 0 0 0 0 0 0 0 0 0 0 0 0 0 0 0 0 0 0 0 0 0 0 0 0 0 0 0 0 0 0 0 0 0 0 0 0 0 0 
0 0 0 0 0 0 0 0 0 0 0 0 0 0 0 0 0 0 0 0 0 0 0 0 0 0 0 0 0 0 0 0 0 0 0 0 0 0 0 0 0 0 0 0 0 0 0 0 0 0 0 0 0 0 0 0 0 0 0 0 0 0 0 0 0 0 0 0 0 0 0 0 0 0 0 0 0 0 0 0 0 0 0 0 0 0 0 0 0 0 
0 0 0 0 0 0 0 0 0 0 0 0 0 0 0 0 0 0 0 0 0 0 0 0 0 0 0 0 0 0 0 0 0 0 0 0 0 0 0 0 0 0 0 0 0 0 0 0 0 0 0 0 0 0 0 0 0 0 0 0 0 0 0 0 0 0 0 0 0 0 0 0 0 0 0 0 0 0 0 0 0 0 0 0 0 0 0 0 0 0 
0 0 0 0 0 0 0 0 0 0 0 0 0 0 0 0 0 0 0 0 0 0 0 0 0 0 0 0 0 0 0 0 0 0 0 0 0 0 0 0 0 0 0 0 0 0 0 0 0 0 0 0 0 0 0 0 0 0 0 0 0 0 0 0 0 0 0 0 0 0 0 0 0 0 0 0 0 0 0 0 0 0 0 0 0 0 0 0 0 0 
0 0 0 0 0 0 0 0 0 0 0 0 0 0 0 0 0 0 0 0 0 0 0 0 0 0 0 0 0 0 0 0 0 0 0 0 0 0 0 0 0 0 0 0 0 0 0 0 0 0 0 0 0 0 0 0 0 0 0 0 0 0 0 0 0 0 0 0 0 0 0 0 0 0 0 0 0 0 0 0 0 0 0 0 0 0 0 0 0 0 
0 0 0 0 0 0 0 0 0 0 0 0 0 0 0 0 0 0 0 0 0 0 0 0 0 0 0 0 0 0 0 0 0 0 0 0 0 0 0 0 0 0 0 0 0 0 0 0 0 0 0 0 0 0 0 0 0 0 0 0 0 0 0 0 0 0 0 0 0 0 0 0 0 0 0 0 0 0 0 0 0 0 0 0 0 0 0 0 0 0 
0 0 0 0 0 0 0 0 0 0 0 0 0 0 0 0 0 0 0 0 0 0 0 0 0 0 0 0 0 0 0 0 0 0 0 0 0 0 0 0 0 0 0 0 0 0 0 0 0 0 0 0 0 0 0 0 0 0 0 0 0 0 0 0 0 0 0 0 0 0 0 0 0 0 0 0 0 0 0 0 0 0 0 0 0 0 0 0 0 0 
0 0 0 0 0 0 0 0 0 0 0 0 0 0 0 0 0 0 0 0 0 0 0 0 0 0 0 0 0 0 0 0 0 0 0 0 0 0 0 0 0 0 0 0 0 0 0 0 0 0 0 0 0 0 0 0 0 0 0 0 0 0 0 0 0 0 0 0 0 0 0 0 0 0 0 0 0 0 0 0 0 0 0 0 0 0 0 0 0 0 
0 0 0 0 0 0 0 0 0 0 0 0 0 0 0 0 0 0 0 0 0 0 0 0 0 0 0 0 0 0 0 0 0 0 0 0 0 0 0 0 0 0 0 0 0 0 0 0 0 0 0 0 0 0 0 0 0 0 0 0 0 0 0 0 0 0 0 0 0 0 0 0 0 0 0 0 0 0 0 0 0 0 0 0 0 0 0 0 0 0 
0 0 0 0 0 0 0 0 0 0 0 0 0 0 0 0 0 0 0 0 0 0 0 0 0 0 0 0 0 0 0 0 0 0 0 0 0 0 0 0 0 0 0 0 0 0 0 0 0 0 0 0 0 0 0 0 0 0 0 0 0 0 0 0 0 0 0 0 0 0 0 0 0 0 0 0 0 0 0 0 0 0 0 0 0 0 0 0 0 0 
0 0 0 0 0 0 0 0 0 0 0 0 0 0 0 0 0 0 0 0 0 0 0 0 0 0 0 0 0 0 0 0 0 0 0 0 0 0 0 0 0 0 0 0 0 0 0 0 0 0 0 0 0 0 0 0 0 0 0 0 0 0 0 0 0 0 0 0 0 0 0 0 0 0 0 0 0 0 0 0 0 0 0 0 0 0 0 0 0 0 
0 0 0 0 0 0 0 0 0 0 0 0 0 0 0 0 0 0 0 0 0 0 0 0 0 0 0 0 0 0 0 0 0 0 0 0 0 0 0 0 0 0 0 0 0 0 0 0 0 0 0 0 0 0 0 0 0 0 0 0 0 0 0 0 0 0 0 0 0 0 0 0 0 0 0 0 0 0 0 0 0 0 0 0 0 0 0 0 0 0 
0 0 0 0 0 0 0 0 0 0 0 0 0 0 0 0 0 0 0 0 0 0 0 0 0 0 0 0 0 0 0 0 0 0 0 0 0 0 0 0 0 0 0 0 0 0 0 0 0 0 0 0 0 0 0 0 0 0 0 0 0 0 0 0 0 0 0 0 0 0 0 0 0 0 0 0 0 0 0 0 0 0 0 0 0 0 0 0 0 0 
0 0 0 0 0 0 0 0 0 0 0 0 0 0 0 0 0 0 0 0 0 0 0 0 0 0 0 0 0 0 0 0 0 0 0 0 0 0 0 0 0 0 0 0 0 0 0 0 0 0 0 0 0 0 0 0 0 0 0 0 0 0 0 0 0 0 0 0 0 0 0 0 0 0 0 0 0 0 0 0 0 0 0 0 0 0 0 0 0 0 
0 0 8.041274191 0 0 0 0 0 0 0 0 0 0 0 0 0 0 0 0 0 0 0 0 0 0 0 0 0 0 0 0 0 0 0 0 0 0 0 0 0 0 0 0 0 0 0 0 0 0 0 0 0 0 0 0 0 0 0 0 0 0 0 0 0 0 0 0 0 0 0 0 0 0 0 0 0 0 0 0 0 0 0 0 0 0 0 0 0 0 0 
0 20.54809994 0 0 0 0 0 0 0 0 0 0 0 0 0 0 0 0 0 0 0 0 0 0 0 0 0 0 0 0 0 0 0 0 0 0 0 0 0 0 0 0 0 0 0 0 0 0 0 0 0 0 0 0 0 0 0 0 0 0 0 0 0 0 0 0 0 0 0 0 0 0 0 0 0 0 0 0 0 0 0 0 0 0 0 0 0 0 0 0 
0 0 10.46827626 0 0 0 0 0 26.14298097 0 0 0 0 0 0 0 0 0 0 0 0 0 0 0 0 0 0 0 0 0 0 0 0 0 0 0 0 0 0 0 0 0 0 0 0 0 0 0 0 0 0 0 0 0 0 0 0 0 0 0 0 0 0 0 0 0 0 0 0 0 0 0 0 0 0 0 0 0 0 0 0 0 0 0 0 0 0 0 0 0 
0 0 0 0 0 0 0 0 12.75942363 0 0 0 0 0 0 0 0 0 0 0 0 0 0 0 0 0 0 0 0 0 0 0 0 0 0 0 0 0 0 0 0 0 0 0 0 0 0 0 0 0 0 0 0 0 0 0 0 0 0 0 0 0 0 0 0 0 0 0 0 0 0 0 0 0 0 0 0 0 0 0 0 0 0 0 0 0 0 0 0 0 
0 0 0 0 0 0 18.7930783 0 0 0 0 0 20.34973248 24.70121121 0 0 0 0 0 0 0 24.16519059 0 0 0 0 0 0 0 0 0 0 0 0 0 0 0 0 0 0 0 0 0 0 0 0 0 0 0 0 0 0 0 0 0 0 0 0 0 0 0 0 0 0 0 0 0 0 0 0 0 0 0 0 0 0 0 0 0 0 0 0 0 0 0 0 0 0 0 0 
0 0 0 0 0 0 24.2929559 0 5.188153928 0 23.36994599 0 0 0 0 0 0 17.87682217 0 0 0 0 0 0 0 0 0 0 0 0 0 0 0 0 0 0 0 0 0 0 0 0 0 0 0 0 0 0 0 0 0 0 0 0 0 0 0 0 0 0 0 0 0 0 0 0 0 0 0 0 0 0 0 0 0 0 0 0 0 0 0 0 0 0 0 0 0 0 0 0 
22.24852162 15.94464271 0 21.10910959 0 0 0 0 0 0 0 0 0 0 22.95484299 0 0 0 0 0 22.19049983 0 0 0 0 0 0 0 0 0 0 0 12.25828036 0 0 0 0 0 0 0 0 0 0 0 0 0 0 0 0 0 0 0 0 0 0 0 0 0 0 0 0 0 0 0 0 0 0 0 0 0 0 0 0 0 0 0 0 0 0 0 0 0 0 0 0 0 0 0 0 0 
34.45554971 0 40.98529055 0 0 0 0 0 0 0 0 0 0 0 0 0 22.54684403 0 3.600264257 0 0 0 0 0 0 0 0 0 0 0 0 0 0 0 0 0 0 0 22.11395441 0 0 0 0 0 0 0 0 0 0 0 0 0 0 0 0 0 0 0 0 0 0 0 0 0 0 0 0 0 0 0 0 0 0 0 0 0 0 0 0 0 0 0 0 0 0 0 0 0 0 0 
24.03318279 0 0 0 0 15.28115588 28.85267471 0 0 22.15258088 29.34093674 0 35.45210148 0 22.91313245 0 0 0 0 0 19.93708299 0 25.19396675 22.75442069 0 0 0 0 0 17.8214466 0 0 0 0 0 0 0 0 0 0 0 0 0 0 0 0 0 0 0 0 0 0 0 0 0 0 0 0 0 0 0 0 0 0 0 0 0 0 0 0 0 0 0 0 0 0 0 0 0 0 0 0 0 0 0 0 0 0 0 0 
0 23.3834286 0 0 0 0 0 0 0 0 0 0 19.58039238 33.85072434 0 0 0 24.35666896 0 0 0 0 0 0 0 0 0 0 0 0 14.56773186 0 26.63479403 0 0 0 0 0 0 0 0 0 0 0 0 0 0 0 0 0 0 0 0 0 0 0 0 0 0 0 0 0 0 0 0 0 0 0 0 0 0 0 0 0 0 0 0 0 0 0 0 0 0 0 0 0 0 0 0 0 
15.70785616 0 15.51290296 0 0 0 0 0 0 14.46552871 0 23.0110186 28.37763957 0 14.230824 0 0 22.72138642 0 26.67497867 0 0 0 18.94693954 19.40659284 22.9196254 0 0 0 0 0 0 0 25.74265665 0 0 0 0 0 0 0 0 0 0 0 0 0 0 0 0 0 0 0 0 0 0 0 0 0 0 0.7757861477 30.79691382 0 0 0 0 0 0 0 0 0 0 0 0 0 0 0 0 0 0 0 0 0 0 0 0 0 0 0 0 
9.915959385 26.10486159 29.42422719 0 0 34.73756227 0 0 16.83232943 20.94419735 0 0 14.28368202 0 22.05804041 0 24.13735235 0 24.36465793 0 0 0 25.83550876 0 12.99515018 37.4602969 0 0 0 0 23.0917644 0 0 0 24.50001864 0 0 0 0 0 0 4.083045979 0 0 0 0 0 0 0 0 0 0 0 0 0 0 0 0 0 0 0 0 0 0 0 0 0 0 0 0 0 0 0 0 0 0 0 0 0 0 0 0 0 0 0 0 0 0 0 0 
0 0 26.59961745 37.69192304 19.10391836 17.22484747 0 0 0 24.90454185 0 0 9.202921618 25.75123591 27.37693564 16.57763327 22.76399671 15.74128164 0 0 32.28527363 25.40294705 6.797853163 0 0 0 27.79355433 0 0 0 0 0 0 5.894287267 0 0 18.13918296 0 0 0 32.82707969 0 27.31009534 0 0 0 30.16228004 0 14.8741569 0 0 0 0 0 0 0 0 0 0 0 0 0 0 0 0 0 0 0 0 0 0 0 0 0 0 0 0 0 0 0 0 0 0 0 0 0 0 0 0 0 
39.89658107 0 0 0 0 23.45462665 0 29.52595146 0 23.54252074 0 23.94673817 0 0 0 25.82074766 0 5.27829571 24.57471642 0 26.0882575 0 25.25335125 0 0 20.2292109 0 0 0 26.23494068 0 18.19886239 0 27.01304599 26.78188214 0 0 0 0 0 0 0 0 0 0 0 0 0 0 0 0 0 0 0 0 0 0 0 0 0 0 0 0 0 0 0 0 0 0 0 0 0 0 0 0 0 0 0 0 0 0 0 0 0 0 0 0 0 0 0 
12.50703232 0 19.9890113 28.60422942 30.05988755 30.01127457 22.30596668 23.71571449 28.39968389 24.91810439 18.72479692 0 27.93666688 10.18081212 0 21.24885008 0 0 0 27.91626386 11.14677131 22.03952642 13.19441076 0 39.25190799 0 0 0 13.99921288 0 25.82700564 16.88402314 12.47150398 34.68187596 0 0 25.19938671 0 37.3180592 0 0 0 0 0 0 0 0 0 0 0 0 0 0 26.90693653 0 0 0 0 0 0 0 0 0 0 0 0 0 0 0 0 0 0 0 0 0 0 0 0 0 0 0 0 0 0 0 0 0 0 0 0 
0 0 0 41.19045911 41.09654412 11.59115784 0 31.83659265 25.47374256 0 0 0 0 0 0 22.66301377 21.07116416 21.7286456 27.64643511 0 25.27773176 4.89642368 22.21083039 0 0 26.46973301 0 0 26.55997784 26.22488221 0 0 0 0 0 0 0 21.255495 0 0 0 0 0 0 26.49870129 0 27.46959617 10.73071815 27.94969532 25.52287522 0 0 0 0 0 0 0 28.66349076 0 0 0 0 0 0 0 29.56812865 0 0 0 0 0 0 0 0 0 0 0 0 0 0 0 0 0 0 0 0 0 0 0 0 
0 28.07158679 25.34767968 22.65099107 0 18.57450927 0 35.70853203 33.64861747 0 37.21060279 23.61584262 25.86465096 41.22579782 18.78199415 0 0 0 23.57278429 19.00928104 0 0 26.75189121 21.07001304 0 0 0 13.68127956 0 22.2538355 0 0 29.4228276 0 0 0 21.58276661 23.76479125 26.20069955 28.42331988 25.04134836 0 0 0 0 0 6.857544809 25.07252935 0 28.03329571 0 0 0 0 12.45796877 0 0 0 28.33933603 0 0 0 0 0 0 0 0 0 0 0 0 0 0 0 0 0 0 0 0 0 0 0 0 0 0 0 0 0 0 0 
41.07514667 12.99460831 0 23.94575496 48.30720128 28.88410769 0 0 24.37390195 43.53465753 0 0 25.78275683 0 38.41081903 0 0 0 39.86251422 27.41692846 0 38.3584962 0 27.42800494 15.92626981 0 26.9521461 0 35.07193359 25.83532228 34.63867702 0 0 23.02964574 0 0 30.6682124 0 0 0 0 0 38.07832878 25.08154558 0 43.79542225 0 0 0 0 0 0 0 0 0 0 0 0 0 0 0 0 0 0 0 0 0 0 0 0 0 0 0 0 0 0 0 0 0 30.88891283 0 0 0 0 0 0 0 0 0 0 
39.05751802 39.70663679 28.1210491 35.23653055 0 34.75656176 31.37136482 30.88159391 49.38349668 0 0 0 21.91511134 0 0 0 32.73288662 52.03967711 26.09359541 0 18.19190449 42.38287989 0 14.39476729 38.07250348 0 19.83273092 0 0 27.94349233 22.15082561 0 8.975942558 0 0 26.48544919 35.77965756 0 0 27.09837072 0 33.61713694 24.28743441 30.18782542 0 22.66770823 0 0 0 0 16.13329547 0 0 0 27.7042115 0 0 0 0 0 0 0 0 28.7023274 0 0 0 0 0 0 0 0 0 0 0 0 0 0 0 0 0 0 0 0 0 0 0 0 0 0 
0 25.11992735 0 42.79628121 16.40007172 53.43034082 0 12.34461568 41.63282294 27.59614909 43.84627851 12.83690417 0 22.83583587 30.83564898 0 39.19109567 0 57.27653478 32.70683155 27.33070762 0 0 12.80507568 54.86395122 16.24712267 29.62022273 39.79864781 16.97165403 28.17319987 34.17952814 48.77403995 0 22.99390486 44.66424384 0 23.57247376 0 3.365112574 0 0 27.28740546 17.99833109 27.80972999 41.41599114 27.49896365 0 0 0 39.01690676 0 0 0 0 0 0 0 0 0 0 0 0 0 0 0 0 0 0 0 0 0 0 0 0 0 0 0 0 0 0 0 0 0 0 0 0 0 0 0 0 
8.207375708 48.37352912 25.8478318 35.03139031 50.41794217 34.54347108 18.93448155 41.53547928 41.39400157 34.22136952 34.09867174 17.57786128 37.83187544 40.73095607 27.08860403 32.36891693 25.76436797 26.81581063 47.26587452 34.62242987 38.19685277 0 0 38.92460341 0 22.74509332 42.0738125 22.95118408 41.70665016 12.90627298 0 10.83782944 0 27.59798762 0 39.76515955 37.93654068 36.40978938 0 0 26.28272977 22.37860989 0 27.71086588 42.38971624 0 0 29.53889173 30.3741804 0 0 16.41271375 26.986265 26.68910681 0 19.15447108 0 29.66055648 19.9261182 0 28.10390246 0 0 0 35.38076627 0 0 0 0 0 0 0 0 0 0 28.42923851 0 0 0 0 0 0 0 0 0 0 0 0 36.01125098 0 
38.61765247 52.54440601 26.87137198 8.911881717 65.76282345 21.35181957 50.53715929 0 0 40.13857443 26.20314484 41.87669395 39.43236751 40.97691212 51.62911486 41.6467535 48.37677348 29.05604916 53.5673417 28.12176206 0 33.84171444 22.41249972 54.87070652 24.23941566 0 0 31.20660908 0 31.54512778 29.25876228 0 0 21.79232885 24.22320308 29.42677185 51.65998363 25.64186266 27.63175378 27.21247903 13.88705913 48.45697254 0 9.114783662 38.01644819 0 22.05520702 22.14089468 21.03955726 0 0 0 31.43588547 0 0 0 0 38.04745057 0 0 0 19.72491718 46.31797935 0 0 0 0 0 0 0 39.41464163 0 0 0 0 0 0 0 22.91459971 20.75828315 0 0 0 0 0 0 0 0 0 0 
67.42264473 51.22514999 44.30502968 45.73314905 49.46635601 32.67923308 34.79100646 55.33120214 25.72199462 45.89454143 27.77403095 0 44.4627967 49.78881409 23.54221476 17.79682745 0 34.65840231 55.8452425 36.7363637 0 42.42711041 0 24.91114642 64.32553011 40.81429812 0 28.71371255 7.724249994 0 20.75231831 24.85911836 0 31.47309132 7.985295676 30.40260248 52.95884874 27.28257497 34.58131019 46.60562953 0 28.24148636 0 0 17.83014224 0 0 31.72460664 0 24.23022356 0 34.56500008 0 0 24.43904068 0 0 17.10500228 0 15.24223909 0 0 0 26.43046543 43.38712435 20.35633232 29.60084786 0 0 0 21.43554699 0 0 31.46134002 0 0 30.9484345 0 0 0 0 0 0 0 0 0 0 0 0 0 
46.03836293 24.03840615 41.6134381 39.06738669 31.69931482 26.00448231 17.60122743 47.45417808 44.71097426 85.8111532 47.45705409 40.57205425 0 19.5354125 16.91783491 0 47.37212038 0 30.91292252 40.97605929 31.28811148 18.50221994 39.1886233 14.93918517 38.77780368 30.48960014 59.41835763 18.52763119 0 21.65587716 41.57671772 0 43.40836638 45.79507347 46.35579577 31.7437343 60.05334101 46.10205227 49.19712443 0 22.85164128 21.57516572 0 0 26.72629346 36.72650511 32.67067428 28.89153785 27.07724916 26.37910806 33.27525909 40.8871535 30.63490958 0 0 31.6935142 0 0 0 21.6840158 0 0 12.36574178 0 0 0 0 0 24.00197619 0 0 0 0 0 0 30.37451597 0 0 0 0 0 0 0 0 0 0 0 0 0 0 
43.44123479 46.15572225 50.37639017 61.79952745 34.54216882 30.14166557 59.01397312 63.51143363 44.26980198 45.23589867 23.53731458 36.17031989 0 50.23298866 47.20190508 52.69140573 24.98317929 39.37830364 51.67502044 45.71847221 63.9328177 34.02611362 54.76888087 49.62359685 0 23.43989734 56.96851955 32.44203827 23.61876569 47.00421904 23.33638741 25.61301785 48.67861323 49.16172716 68.59424906 30.38229804 48.40762129 0 47.30645398 21.6496097 25.42369209 31.78308141 34.07577912 0 12.78556493 0 33.96769446 7.390245561 30.96611014 38.58444162 35.67046829 0 0 0 0 31.83697153 0 21.81312443 13.73078574 0 29.87531629 40.87369157 0 0 24.3285108 27.12429304 0 31.91453662 11.58519706 0 0 0 0 21.7086877 24.33262436 0 0 48.01176056 0 0 0 29.60842776 0 0 0 0 0 30.370747 0 0 
25.35624054 52.34874155 37.66720883 55.6063281 66.88331263 62.68258534 74.40515087 58.27709532 42.27117491 58.99342977 41.0145585 25.15460427 32.99145803 61.77575746 47.80580398 43.84857656 60.09553473 24.57931652 32.53563741 46.96500817 41.77363126 15.75641368 43.68115918 64.6255166 49.32448439 43.39120406 46.4055066 18.52751694 56.27400683 35.19708676 3.779324248 47.78277354 38.7553152 0 41.23764312 67.67553138 38.45775801 59.91247469 47.56449752 49.08705736 34.2712997 39.55392162 70.04916792 70.79766964 0 35.58156013 43.51322746 43.27389597 0 36.52023887 41.1637828 23.13724665 22.49019739 54.09763152 42.47896601 42.53230057 0 0 37.68955712 30.21154683 41.44791957 31.10000878 25.65342432 0 24.17645689 0 0 0 0 0 11.27273918 29.60715772 0 0 21.74040707 0 39.99123858 0 0 0 0 0 9.496548446 0 0 32.57509648 0 0 0 0 
39.63194841 58.54223351 26.97134713 62.07705569 76.22351902 32.44343459 45.18684992 68.23772984 49.82433134 44.01927371 58.06205456 62.66917886 57.20850871 34.92007026 47.37119164 36.71236992 0 68.2502438 24.50026344 53.40632455 33.07737016 56.93631241 0 38.88126885 0 28.91568633 40.23102777 33.66364709 67.95474903 46.3613904 67.10628254 56.97881418 0 33.78924035 42.49183498 28.53747278 25.35136103 57.28590181 54.34716129 41.41320361 0 68.94483819 38.53040942 26.91858825 24.86710983 40.12167502 32.04405002 32.91761547 51.85994657 30.31068514 0 35.51644736 30.00429471 0 0 0 0 0 0 0 30.32847739 14.19739116 58.75779773 34.5281663 30.0434347 0 45.11054325 24.12912056 27.73505365 0 36.45001976 0 0 0 0 0 21.92391368 12.37020869 0 30.5994596 0 32.38571265 0 0 0 0 0 0 0 0 
24.91220433 61.30886081 57.70977643 76.01844189 31.97181488 84.22449443 0 45.16661577 88.98739587 0 68.37264268 46.89814588 65.2272544 72.28080234 39.16739325 66.35911016 45.04903316 37.16899449 48.26766634 79.9131012 43.26690996 48.2025347 23.98778997 0 69.59576192 35.33223415 110.0645708 59.72631494 59.32929248 22.13842604 0 20.90898828 76.00276361 60.75658979 63.55586446 63.84266429 61.06833975 53.51326892 21.74870337 43.72043286 31.74871504 11.53688428 30.27661855 43.93339215 37.09914937 45.8618685 45.90462001 41.17472619 29.6159543 9.955361538 35.87625635 34.38274769 24.78722959 19.44204403 20.00034577 33.30755351 0 0 28.66306188 0 49.31961044 40.39960405 58.91408132 60.13139757 0 0 0 41.09567562 37.44703431 34.07525248 40.47985165 5.411480886 0 0 50.14588505 36.17230485 0 30.25349585 0 0 0 0 31.55114474 0 0 40.53512106 0 0 0 0 
58.89352711 84.04450588 88.03017428 74.45783176 63.78470046 66.09268559 43.10453248 38.48454758 46.70624651 69.89661997 39.00510413 69.20260893 48.56122144 45.67988925 46.37948219 61.85588252 66.60480046 57.61366693 69.90756192 67.5898679 27.11835062 91.40905691 83.81595538 29.31711758 68.35043248 47.79498193 59.88281599 33.15348976 88.22175785 71.19530945 36.07264948 45.0594578 21.21303884 64.9743388 44.6803638 29.49493439 32.15480951 49.15112289 70.59540107 58.24050245 40.28963776 0 42.81286797 60.61445446 71.23843174 46.7339817 24.58560728 35.67492641 15.73028124 0 46.88713634 20.13909892 24.62823082 48.62890523 49.06911637 2.146574121 18.83254894 0 41.70757117 15.05262205 20.75332222 0 36.7879793 29.25383289 0 49.82205787 9.803188717 30.68711276 23.97231987 29.57382457 16.2498673 23.30324988 0 48.55602577 0 29.98962268 59.39421105 28.76844207 0 31.93548842 45.99996138 0 0 0 25.2986554 0 0 0 25.11626849 0 
66.22830855 93.26529979 57.93289899 57.82687709 31.21814176 43.62854275 78.87277524 75.67493226 55.94899279 44.43074489 72.56881586 60.9488515 35.31641966 44.72290316 84.83619583 66.49796541 66.17241008 49.18535249 61.9919126 58.8787055 82.05762875 60.76409847 91.15303827 49.96344193 62.00527319 58.0924371 33.99909074 27.01096504 16.07996144 48.27460185 51.56844541 76.79545273 63.05864207 94.96419892 35.83785846 65.40425062 55.59615546 60.60708839 51.80976676 36.38490587 40.53522096 0 70.12440525 75.44840788 53.83911121 46.96109006 43.39649607 0 45.37185537 42.01454466 60.93735351 67.23772866 38.45130302 72.57202256 36.28914411 34.51407479 36.44298573 50.65261787 29.90785614 58.77781788 16.7610968 0 20.97198083 46.64117043 40.01303839 50.74530213 6.304641259 28.73859366 5.620616969 62.77036419 55.90229816 44.82866094 0 46.50246411 0 29.10868047 0 0 0 36.43874104 17.7758297 29.47589796 0 0 5.095065166 0 26.70630125 0 0 0 
68.01423847 60.96567722 66.90191699 60.47992543 61.32190598 58.02665875 97.1508786 68.85578784 88.95925555 60.51067172 93.9991651 91.92164317 106.1504731 76.24971458 58.73615928 50.49586622 70.41398627 84.48927202 75.85435791 30.21049461 59.1374687 77.60970204 90.92917203 0 57.48620548 72.32046549 51.7673877 85.50237499 21.47968434 60.55957388 58.36185484 56.07915304 33.43384097 38.17213387 85.95026084 63.20255626 57.10937785 56.59078978 37.81684267 0 45.93851588 52.02635675 27.43028114 24.01739083 52.75754021 36.68173907 37.35502538 76.5057341 58.65677442 53.22072783 48.5336022 31.69611729 60.28675054 27.36203407 43.33881512 54.87515018 25.72957464 51.5778873 3.440317598 28.6509718 45.28234818 0 37.19168954 0 0 45.48907721 37.85221604 46.15640647 41.55946742 32.36555103 26.92601997 22.45018103 25.35839606 0 0 18.98753377 0 0 0 0 0 0 0 0 21.77793495 27.3647819 0 43.18566268 47.74322252 23.85938475 
58.2094551 67.85347822 58.16165801 68.50162156 76.01022438 55.50380775 83.6674918 100.9411262 100.9003602 71.69577321 45.93559466 51.66147032 81.57876192 62.86036334 31.96653267 74.4739191 76.80970285 36.13700468 87.07520343 50.08607042 60.77177401 54.06280071 88.96261627 96.81050813 85.308744 76.75689927 84.34276093 58.16031388 47.89219052 66.2638688 50.4294029 61.15855037 0 95.32556523 86.06112307 60.01450296 68.34530059 64.79147794 95.36561263 44.96898999 93.8258096 82.34006709 13.16290407 90.1593581 38.82657309 37.07626214 27.78518174 90.36138271 59.07058351 0 26.87008404 68.20718175 0 56.10101965 73.62059256 32.0857094 50.20172417 65.27485476 0 0 33.90763011 32.21823522 0 40.10711203 33.19950013 64.48696065 44.70165047 26.1458108 27.12803771 37.91381163 16.76572449 93.37643007 35.90671909 46.87052657 0 0 43.1651432 21.58046233 36.87009077 27.86267329 0 36.11286011 0 34.7465598 0 35.69623747 31.86415241 0 0 0 
87.5291481 85.27832027 77.92876937 87.47505753 89.09620802 110.1488252 120.3012494 114.7484604 52.56866231 96.33095444 62.46026651 78.95408903 80.86873231 63.27183535 92.0466529 75.61805006 64.85049345 49.12100725 53.61662195 97.97197087 115.4012133 35.49368599 94.39132267 90.46740807 69.92957012 76.34684064 26.93885146 34.24029721 38.49190415 65.7868038 69.05588185 75.75972708 72.61697893 80.5026843 78.78778041 47.36925339 78.26668019 35.86654454 76.21673211 51.88251455 51.22947031 60.57064226 65.0798594 35.94287828 34.13204984 63.82460054 38.32195692 60.65327088 66.87365619 80.29242787 63.31335514 60.17198819 61.57780074 51.37972657 63.33771773 66.87642128 0 72.30426304 44.67519661 31.95925878 37.91117586 23.45728424 43.33193775 29.58155129 64.26948095 28.16381781 60.12836404 0 0 38.38814792 38.14586679 0 0 17.00435947 27.53421542 29.55858993 41.37807535 31.03265369 44.14863418 20.78354779 33.03731929 16.06352832 0 46.12294045 8.868487147 31.18743992 29.80962374 0 54.58216846 0 
129.6467045 73.27411756 77.6922345 101.7198025 66.95521984 109.4326166 107.9519517 65.66201867 55.6043403 85.51231303 159.2056067 115.8930538 63.53577742 59.56942292 115.6477872 65.78092659 84.37235236 93.45404414 56.06621347 88.54533923 12.69253661 18.23369918 90.16758831 102.9258375 53.70636251 89.31976008 92.20028173 77.94338189 73.98727965 87.86399352 86.2854801 70.47781089 51.38364632 45.30214441 0 92.63857784 91.31321617 77.81425311 101.6375224 71.02673486 98.22805448 93.23640585 53.34127351 50.75358106 31.48366853 67.7824821 66.07287942 36.68260948 90.87140485 74.44792969 50.30078856 81.89329778 37.95873974 38.00912844 61.28569745 0 40.79436634 72.20046778 54.73943134 61.73764784 52.92066844 89.44049916 14.13620558 76.10197915 41.60835189 47.25565494 38.04948753 69.05934213 79.11015491 63.98752036 40.89219314 101.0899791 37.26369304 71.04592994 44.60929998 49.11076214 46.97433573 51.87330235 67.14006355 0 9.260881774 45.32926629 0 38.52086279 44.47074766 27.41214566 55.36062882 2.781527522 10.81437379 30.1750344 
147.1527117 93.61273408 42.63367439 82.3289253 101.4530058 85.74388217 118.25411 114.058415 95.80634366 45.53822248 69.96935651 59.95941269 88.45340157 136.9394727 95.30214394 78.32507799 70.82899359 115.533089 97.68014779 117.8971785 51.26307754 68.66060443 112.5948667 75.68582158 100.9874302 69.87134515 87.23358751 95.43368489 162.1704882 51.94176415 69.61269889 103.7338045 55.78489235 46.05352423 42.32462898 74.75412997 104.0887 117.4244915 101.9169327 91.72349862 99.27490189 72.67415158 73.35895626 50.00516053 38.29940345 68.62370697 55.21410791 112.2835028 88.76888009 78.14945116 0 54.95931986 33.4359655 99.90041386 81.35726363 97.41598223 90.09222458 55.98518741 37.12790325 52.6028979 74.27688776 37.34731634 51.62388254 23.25053676 74.1181683 72.02374474 40.64967111 33.29339076 30.07060281 17.91081309 0 43.25147204 44.20302397 77.23849963 56.51249859 62.37480883 61.29120052 29.6798171 10.07415038 42.39526373 33.5294332 32.2305905 30.99268525 38.61035128 34.24445833 0 38.52256106 0 0 0 
132.9885778 85.62292833 106.8517492 61.74585232 128.5086271 84.19514834 98.98080764 69.29523981 93.62022035 94.07232604 48.4792674 97.47470374 147.6805411 118.048081 126.0833109 58.71916748 80.47919099 115.9579413 102.1797683 44.42343886 88.013946 76.18028355 90.46285599 74.77035369 102.4093634 122.3841762 95.29633458 76.30526308 113.1291867 0 66.94622522 95.68356947 37.12029094 86.30401012 116.7733921 81.95450944 110.1596144 99.46492279 86.00884223 96.65506315 112.2658303 99.11048509 61.66303257 86.77933527 104.86326 27.45371583 75.06565515 57.96933328 40.67127882 42.20029086 65.11904738 59.48434551 41.03648589 53.765864 45.45706846 66.725949 28.34033574 60.74521775 93.36328382 61.3512923 69.05995533 28.54092368 54.84418291 96.86545215 69.25704968 22.59998952 30.4875617 44.21041433 38.69459564 13.5332225 0 60.97581156 36.24567451 0 79.52891985 57.11342923 64.02006327 38.15293667 0 45.67984136 44.78628482 0 0 67.94196238 43.88061692 33.06970667 33.84681346 36.22025861 62.44255355 0 
106.7371992 55.26738484 83.29913232 111.0589005 94.98249464 93.31540222 92.13793337 23.09168712 130.6106105 76.69226047 82.08570544 92.22051556 147.9838989 148.8217048 72.14217968 145.3328665 69.70421934 100.1959245 97.87811347 152.3155548 64.01420245 140.8057913 127.7712508 107.2153856 116.6962063 105.2772525 108.62463 108.4434238 110.254255 114.5849472 106.8219483 26.41811122 69.38537396 139.5614145 99.18909192 77.19549282 50.76968 86.3170758 86.16252367 68.51479613 66.1657809 125.254347 99.44568254 88.39161655 57.81235437 111.7059347 44.78749522 43.73061693 17.69315347 89.55862769 98.10735678 84.21655185 76.20868901 74.90347621 76.56202784 47.81316721 58.06301428 96.93723009 95.11549762 98.50867811 84.04793323 72.83174034 68.22398421 26.32162653 45.51449782 60.85766169 31.74996251 50.59245127 13.59896771 78.31486061 49.31070411 43.08867759 27.61112932 39.36130114 48.28413536 24.83234161 71.84005137 68.18752125 27.64485305 23.64320507 38.7828571 30.70767983 46.37790403 27.85688887 0 29.1606272 64.33926994 26.65117125 44.93477909 0 
109.2791507 82.26159071 119.4470122 90.41731585 134.8745213 115.5435785 152.4831053 105.1130006 145.3598803 116.9839264 74.96351965 158.2465642 101.1801285 114.0109139 152.0509089 152.7787602 128.6950973 92.04174692 150.1252349 85.13084413 41.33781163 93.60844587 99.89689717 47.02027097 86.05824029 86.96982065 98.947926 134.0305449 92.15812736 82.77173065 135.2259641 37.30227952 120.0349005 112.4764619 90.08994596 83.76171405 32.57404509 131.1641596 77.21945701 118.8713072 107.2423223 50.23948876 146.1425333 88.5944771 103.4107954 94.56179735 116.5728671 108.8347862 68.02489242 75.01517568 80.01897878 43.91137407 103.5797515 59.58972772 104.1219395 90.40836166 58.15517679 72.69821476 106.7566182 75.65820549 77.40404067 47.74997776 59.87524354 93.5535877 92.36464732 6.213238517 106.5438051 57.53879346 44.60960198 65.39285955 66.29595365 64.55388013 28.27199126 84.54320579 70.72559872 39.7020789 0 74.95259711 55.34875811 56.75718227 57.11381134 52.47207701 46.63397049 37.29692797 49.42009323 59.2247124 0 0 39.86584936 38.68643445 
95.34402146 112.3977441 80.82183283 128.2329114 123.8285791 93.22535217 92.42962306 124.5910121 147.4525888 133.4339393 142.7315913 85.75695476 91.42137935 108.9797399 121.8069067 134.0710784 118.6965509 100.1512473 141.1685608 93.31347493 102.7321369 158.5330105 86.35784099 53.23949183 137.5269751 52.22621018 121.6404877 150.1922144 119.9095116 131.0819162 72.24948007 154.0241017 96.24578245 85.59189675 105.0063759 108.7367742 117.4406339 76.30867631 109.9958533 61.24320867 95.78675135 71.63105507 100.2961017 110.8977598 98.70753341 95.77190789 72.40203402 34.59267116 91.970108 105.4472833 85.0798126 53.08198294 71.57110412 129.6101571 90.78673649 2.265118885 77.0330735 49.26637192 101.8739705 106.594686 78.42062927 74.48063915 61.37562319 61.09760543 95.63454713 85.52262621 115.3988504 59.67925143 63.39124201 104.5847046 80.24025628 61.84846708 102.1896823 68.28996839 59.39628293 64.72961282 77.80013185 86.92959487 60.1322011 48.9561516 49.45107273 54.4295324 38.08159731 0 63.54855398 27.14855307 35.12270472 38.92960965 79.60216967 0 
111.4117118 158.2474364 98.51724962 132.9145854 75.38374175 141.2553582 106.7744671 127.1675696 152.2195777 121.2254915 124.0348418 86.54948582 120.2934952 133.5377376 141.4852926 143.8517627 91.83280917 157.0884003 135.1785712 128.9916448 133.968953 105.3807046 68.27203915 132.2941591 138.2306977 137.0251276 128.0704077 168.6168663 137.6838658 115.4491207 112.3578282 92.80393281 128.8230009 123.27582 80.53485647 159.0406806 85.69449274 134.7615642 99.81478981 112.5512643 43.64516879 83.62431351 113.7816325 107.3496694 178.2782763 116.4589184 111.6055774 73.71153354 15.38313809 139.034915 110.5996933 81.11607167 111.226405 128.2895144 64.66957544 115.0965424 75.12307779 38.33989074 104.3507094 77.77362671 94.19229229 94.22472962 59.4794229 63.12622905 37.30717973 76.28291403 61.75635316 83.83004523 113.0218483 58.09443813 70.01897585 84.71158983 19.60010969 82.85147551 53.93751821 52.42283776 85.04730913 76.24057631 52.39682979 43.51148061 73.50556042 62.20960711 64.75518855 41.30726215 75.54013946 55.10962883 24.38077871 71.12798234 59.72031208 74.3779138 
146.5833495 142.9874114 109.0026088 145.4076199 132.591933 83.66279554 133.408755 129.7068626 147.4260014 139.4310928 107.887338 118.4549682 69.68171055 99.65691899 105.8358377 125.3996953 182.8036965 155.1906768 116.1702834 146.8492043 148.7678764 96.48022682 95.38064143 157.3550435 150.4008457 135.7633179 114.7908501 38.44518449 125.7941285 135.4251356 145.8817431 176.4429402 123.5283461 169.1521401 134.2727307 153.1722467 147.998787 115.3701154 101.0238985 72.66325275 94.98504199 127.3578712 125.0129127 143.5792358 73.70411809 83.41598897 122.5131934 93.09550975 146.8641565 128.4961435 83.05760041 60.45280501 57.78321485 83.20632791 131.577156 130.7798886 70.28661323 118.4075538 116.9434411 75.7808791 71.82890773 95.94087249 68.24695209 89.05592087 92.67996618 91.20075048 102.0447411 88.19896635 70.39618545 61.40981455 48.74127727 78.35741484 66.20722961 77.92435959 66.79752061 95.82900016 53.66707194 51.85061179 77.94716787 103.4306075 75.23994265 54.00827647 126.8478039 61.64929132 75.89700172 60.9592654 40.02255947 72.22502454 77.34573551 72.23662358 
96.19774155 95.769965 104.6693683 143.6313574 170.1172305 140.1985419 161.1785838 108.3042906 116.4322851 127.9470451 132.8014387 129.2396251 88.46644499 129.1632648 145.8189689 108.4718344 128.5033001 155.8103564 114.9255067 192.8102647 142.7877545 130.1587775 124.5337281 144.682516 107.4769391 108.1087145 43.73132935 86.41825531 147.8518953 134.6235126 90.14626511 75.50332043 124.6920457 106.5355555 125.9344576 93.45943406 171.8487467 137.7027298 113.6105522 147.8560262 119.0470834 164.6556425 127.9432221 115.4772326 119.928191 149.3529851 141.3418755 70.54088212 137.7639656 69.64316421 161.7163765 68.33384772 91.03245052 84.43966631 117.8575232 84.03807292 98.40111904 55.94157176 34.45766131 117.239539 68.8473127 76.72907648 109.7823847 67.03512566 124.3566466 130.7484396 114.6637271 50.23592434 117.5638643 120.9399815 43.72192094 108.6877012 85.80565066 87.17844593 74.9212132 111.7724098 71.2945623 64.04031667 78.60269472 67.46858981 55.30893334 88.53667937 84.28790196 60.49432324 70.45852181 87.50888121 48.75442735 43.80562197 81.74493836 67.80935001 
160.4807489 93.66931728 90.19016139 134.4292049 128.9750223 148.1015848 117.5179373 145.3166491 163.2547312 128.2806586 134.0743527 163.7112216 165.3323314 127.0541174 178.9325818 197.0976742 171.0309739 170.5668725 110.155017 128.507116 117.8996529 132.0581091 79.3844709 98.13432904 90.52530258 111.8959595 117.7549847 155.8765578 89.80338842 159.4317368 176.0784563 132.7521157 132.0970485 150.8466281 148.4300504 140.4480235 82.3953348 162.7751232 147.5963793 127.8341489 62.7641293 150.5757175 119.8619965 112.6769191 117.216426 106.6467494 121.9559887 49.65914934 163.4414556 143.3235147 149.1688887 133.7009025 144.2983048 92.59245309 61.23833276 149.5461416 94.80943424 68.67065528 139.7070292 68.2729133 146.5404323 82.59047963 106.3638366 72.82093257 111.3955752 55.25762633 123.3545789 108.2672031 94.86215012 66.90320552 100.6177795 106.0919139 103.0591617 41.48741725 41.16287825 101.022073 82.1143056 85.95046892 92.04981564 63.60359267 121.4342095 31.4723013 86.16453872 62.88152347 86.70667322 73.70870129 72.90659174 82.23938781 52.07319424 42.16918179 
133.2358852 99.38346962 125.3111367 98.17375519 107.2031344 141.4751379 181.3919108 192.9220519 138.5445781 106.0153208 177.4290983 104.7420937 133.2719381 115.7322299 140.4190517 182.5524775 153.7923852 151.8137781 148.6713757 122.1414822 178.9324594 125.0475149 143.0232235 163.2534536 145.4883677 109.103417 170.9978625 149.2651456 146.6774911 134.5975439 90.09850402 151.5588288 111.2697619 179.2395426 176.7476972 137.4889647 151.4971303 142.3167594 142.3388622 103.5527801 113.5555569 164.2065605 79.45490964 109.6398321 81.02970461 130.4980896 143.464744 173.3593569 132.6294952 67.27924307 61.13762756 156.787838 122.4793922 135.7363011 176.0463559 106.3175802 111.8615703 105.131177 120.9634412 138.1007867 88.85685009 104.3802961 128.2343669 48.7389101 61.5362167 103.5007884 113.6532703 73.5609618 85.19238512 84.75166794 35.8038877 34.22452491 143.1908109 101.3505768 99.91182792 107.8638991 65.90121779 114.2076998 95.27874025 101.3959082 20.60097625 42.02256337 49.78138847 92.41939873 104.7674251 34.41819872 69.75154327 55.4392557 83.34026143 53.7654564 
112.9504929 104.047856 153.0674549 98.29600919 186.850996 142.5074601 151.4263856 111.6183887 159.5822753 92.70967642 122.4530321 166.4984734 165.3030626 162.0808746 114.4999573 217.7403478 191.3400221 164.1237302 174.1800818 126.2831303 147.8372559 144.7989283 169.7314943 185.5749447 123.9859201 132.1144527 149.1715317 169.7119051 116.1300393 170.2254934 163.8725974 145.9624536 140.7233116 107.4239313 182.486693 133.8529169 175.5684286 128.8818636 141.733177 93.143528 174.6892192 164.2116564 133.1865743 149.7405405 153.4109957 142.2978092 129.8488433 162.2974296 120.1252197 125.7921668 100.7520308 84.49105308 110.591056 116.2586417 77.49382025 123.856682 171.3483343 117.0709261 88.27029787 101.4263877 64.05893004 86.03643083 125.5508907 107.9644313 73.61922628 160.7827064 135.6655395 110.1962565 116.8101802 110.9339537 104.3871027 115.7707463 107.935574 104.775026 107.0038544 34.11064888 84.4488271 62.39850699 37.30515976 86.97731754 71.5484242 112.9078002 93.40626051 123.5689264 88.13772319 50.66070272 61.4425893 96.78660003 75.99456305 51.94857322 
# Events [psd_monitor3/analyser3_psd.dat] N:
0 0 0 0 0 0 0 0 0 0 0 0 0 0 0 0 0 0 0 0 0 0 0 0 0 0 0 0 0 0 0 0 0 0 0 0 0 0 0 0 0 0 0 0 0 0 0 0 0 0 0 0 0 0 0 0 0 0 0 0 0 0 0 0 0 0 0 0 0 0 0 0 0 0 0 0 0 0 0 0 0 0 0 0 0 0 0 0 0 0 
0 0 0 0 0 0 0 0 0 0 0 0 0 0 0 0 0 0 0 0 0 0 0 0 0 0 0 0 0 0 0 0 0 0 0 0 0 0 0 0 0 0 0 0 0 0 0 0 0 0 0 0 0 0 0 0 0 0 0 0 0 0 0 0 0 0 0 0 0 0 0 0 0 0 0 0 0 0 0 0 0 0 0 0 0 0 0 0 0 0 
0 0 0 0 0 0 0 0 0 0 0 0 0 0 0 0 0 0 0 0 0 0 0 0 0 0 0 0 0 0 0 0 0 0 0 0 0 0 0 0 0 0 0 0 0 0 0 0 0 0 0 0 0 0 0 0 0 0 0 0 0 0 0 0 0 0 0 0 0 0 0 0 0 0 0 0 0 0 0 0 0 0 0 0 0 0 0 0 0 0 
0 0 0 0 0 0 0 0 0 0 0 0 0 0 0 0 0 0 0 0 0 0 0 0 0 0 0 0 0 0 0 0 0 0 0 0 0 0 0 0 0 0 0 0 0 0 0 0 0 0 0 0 0 0 0 0 0 0 0 0 0 0 0 0 0 0 0 0 0 0 0 0 0 0 0 0 0 0 0 0 0 0 0 0 0 0 0 0 0 0 
0 0 0 0 0 0 0 0 0 0 0 0 0 0 0 0 0 0 0 0 0 0 0 0 0 0 0 0 0 0 0 0 0 0 0 0 0 0 0 0 0 0 0 0 0 0 0 0 0 0 0 0 0 0 0 0 0 0 0 0 0 0 0 0 0 0 0 0 0 0 0 0 0 0 0 0 0 0 0 0 0 0 0 0 0 0 0 0 0 0 
0 0 0 0 0 0 0 0 0 0 0 0 0 0 0 0 0 0 0 0 0 0 0 0 0 0 0 0 0 0 0 0 0 0 0 0 0 0 0 0 0 0 0 0 0 0 0 0 0 0 0 0 0 0 0 0 0 0 0 0 0 0 0 0 0 0 0 0 0 0 0 0 0 0 0 0 0 0 0 0 0 0 0 0 0 0 0 0 0 0 
0 0 0 0 0 0 0 0 0 0 0 0 0 0 0 0 0 0 0 0 0 0 0 0 0 0 0 0 0 0 0 0 0 0 0 0 0 0 0 0 0 0 0 0 0 0 0 0 0 0 0 0 0 0 0 0 0 0 0 0 0 0 0 0 0 0 0 0 0 0 0 0 0 0 0 0 0 0 0 0 0 0 0 0 0 0 0 0 0 0 
0 0 0 0 0 0 0 0 0 0 0 0 0 0 0 0 0 0 0 0 0 0 0 0 0 0 0 0 0 0 0 0 0 0 0 0 0 0 0 0 0 0 0 0 0 0 0 0 0 0 0 0 0 0 0 0 0 0 0 0 0 0 0 0 0 0 0 0 0 0 0 0 0 0 0 0 0 0 0 0 0 0 0 0 0 0 0 0 0 0 
0 0 0 0 0 0 0 0 0 0 0 0 0 0 0 0 0 0 0 0 0 0 0 0 0 0 0 0 0 0 0 0 0 0 0 0 0 0 0 0 0 0 0 0 0 0 0 0 0 0 0 0 0 0 0 0 0 0 0 0 0 0 0 0 0 0 0 0 0 0 0 0 0 0 0 0 0 0 0 0 0 0 0 0 0 0 0 0 0 0 
0 0 0 0 0 0 0 0 0 0 0 0 0 0 0 0 0 0 0 0 0 0 0 0 0 0 0 0 0 0 0 0 0 0 0 0 0 0 0 0 0 0 0 0 0 0 0 0 0 0 0 0 0 0 0 0 0 0 0 0 0 0 0 0 0 0 0 0 0 0 0 0 0 0 0 0 0 0 0 0 0 0 0 0 0 0 0 0 0 0 
0 0 0 0 0 0 0 0 0 0 0 0 0 0 0 0 0 0 0 0 0 0 0 0 0 0 0 0 0 0 0 0 0 0 0 0 0 0 0 0 0 0 0 0 0 0 0 0 0 0 0 0 0 0 0 0 0 0 0 0 0 0 0 0 0 0 0 0 0 0 0 0 0 0 0 0 0 0 0 0 0 0 0 0 0 0 0 0 0 0 
0 0 0 0 0 0 0 0 0 0 0 0 0 0 0 0 0 0 0 0 0 0 0 0 0 0 0 0 0 0 0 0 0 0 0 0 0 0 0 0 0 0 0 0 0 0 0 0 0 0 0 0 0 0 0 0 0 0 0 0 0 0 0 0 0 0 0 0 0 0 0 0 0 0 0 0 0 0 0 0 0 0 0 0 0 0 0 0 0 0 
0 0 0 0 0 0 0 0 0 0 0 0 0 0 0 0 0 0 0 0 0 0 0 0 0 0 0 0 0 0 0 0 0 0 0 0 0 0 0 0 0 0 0 0 0 0 0 0 0 0 0 0 0 0 0 0 0 0 0 0 0 0 0 0 0 0 0 0 0 0 0 0 0 0 0 0 0 0 0 0 0 0 0 0 0 0 0 0 0 0 
0 0 0 0 0 0 0 0 0 0 0 0 0 0 0 0 0 0 0 0 0 0 0 0 0 0 0 0 0 0 0 0 0 0 0 0 0 0 0 0 0 0 0 0 0 0 0 0 0 0 0 0 0 0 0 0 0 0 0 0 0 0 0 0 0 0 0 0 0 0 0 0 0 0 0 0 0 0 0 0 0 0 0 0 0 0 0 0 0 0 
0 0 0 0 0 0 0 0 0 0 0 0 0 0 0 0 0 0 0 0 0 0 0 0 0 0 0 0 0 0 0 0 0 0 0 0 0 0 0 0 0 0 0 0 0 0 0 0 0 0 0 0 0 0 0 0 0 0 0 0 0 0 0 0 0 0 0 0 0 0 0 0 0 0 0 0 0 0 0 0 0 0 0 0 0 0 0 0 0 0 
0 0 0 0 0 0 0 0 0 0 0 0 0 0 0 0 0 0 0 0 0 0 0 0 0 0 0 0 0 0 0 0 0 0 0 0 0 0 0 0 0 0 0 0 0 0 0 0 0 0 0 0 0 0 0 0 0 0 0 0 0 0 0 0 0 0 0 0 0 0 0 0 0 0 0 0 0 0 0 0 0 0 0 0 0 0 0 0 0 0 
0 0 0 0 0 0 0 0 0 0 0 0 0 0 0 0 0 0 0 0 0 0 0 0 0 0 0 0 0 0 0 0 0 0 0 0 0 0 0 0 0 0 0 0 0 0 0 0 0 0 0 0 0 0 0 0 0 0 0 0 0 0 0 0 0 0 0 0 0 0 0 0 0 0 0 0 0 0 0 0 0 0 0 0 0 0 0 0 0 0 
0 0 0 0 0 0 0 0 0 0 0 0 0 0 0 0 0 0 0 0 0 0 0 0 0 0 0 0 0 0 0 0 0 0 0 0 0 0 0 0 0 0 0 0 0 0 0 0 0 0 0 0 0 0 0 0 0 0 0 0 0 0 0 0 0 0 0 0 0 0 0 0 0 0 0 0 0 0 0 0 0 0 0 0 0 0 0 0 0 0 
0 0 0 0 0 0 0 0 0 0 0 0 0 0 0 0 0 0 0 0 0 0 0 0 0 0 0 0 0 0 0 0 0 0 0 0 0 0 0 0 0 0 0 0 0 0 0 0 0 0 0 0 0 0 0 0 0 0 0 0 0 0 0 0 0 0 0 0 0 0 0 0 0 0 0 0 0 0 0 0 0 0 0 0 0 0 0 0 0 0 
0 0 0 0 0 0 0 0 0 0 0 0 0 0 0 0 0 0 0 0 0 0 0 0 0 0 0 0 0 0 0 0 0 0 0 0 0 0 0 0 0 0 0 0 0 0 0 0 0 0 0 0 0 0 0 0 0 0 0 0 0 0 0 0 0 0 0 0 0 0 0 0 0 0 0 0 0 0 0 0 0 0 0 0 0 0 0 0 0 0 
0 0 0 0 0 0 0 0 0 0 0 0 0 0 0 0 0 0 0 0 0 0 0 0 0 0 0 0 0 0 0 0 0 0 0 0 0 0 0 0 0 0 0 0 0 0 0 0 0 0 0 0 0 0 0 0 0 0 0 0 0 0 0 0 0 0 0 0 0 0 0 0 0 0 0 0 0 0 0 0 0 0 0 0 0 0 0 0 0 0 
0 0 0 0 0 0 0 0 0 0 0 0 0 0 0 0 0 0 0 0 0 0 0 0 0 0 0 0 0 0 0 0 0 0 0 0 0 0 0 0 0 0 0 0 0 0 0 0 0 0 0 0 0 0 0 0 0 0 0 0 0 0 0 0 0 0 0 0 0 0 0 0 0 0 0 0 0 0 0 0 0 0 0 0 0 0 0 0 0 0 
0 0 0 0 0 0 0 0 0 0 0 0 0 0 0 0 0 0 0 0 0 0 0 0 0 0 0 0 0 0 0 0 0 0 0 0 0 0 0 0 0 0 0 0 0 0 0 0 0 0 0 0 0 0 0 0 0 0 0 0 0 0 0 0 0 0 0 0 0 0 0 0 0 0 0 0 0 0 0 0 0 0 0 0 0 0 0 0 0 0 
0 0 0 0 0 0 0 0 0 0 0 0 0 0 0 0 0 0 0 0 0 0 0 0 0 0 0 0 0 0 0 0 0 0 0 0 0 0 0 0 0 0 0 0 0 0 0 0 0 0 0 0 0 0 0 0 0 0 0 0 0 0 0 0 0 0 0 0 0 0 0 0 0 0 0 0 0 0 0 0 0 0 0 0 0 0 0 0 0 0 
0 0 0 0 0 0 0 0 0 0 0 0 0 0 0 0 0 0 0 0 0 0 0 0 0 0 0 0 0 0 0 0 0 0 0 0 0 0 0 0 0 0 0 0 0 0 0 0 0 0 0 0 0 0 0 0 0 0 0 0 0 0 0 0 0 0 0 0 0 0 0 0 0 0 0 0 0 0 0 0 0 0 0 0 0 0 0 0 0 0 
0 0 0 0 0 0 0 0 0 0 0 0 0 0 0 0 0 0 0 0 0 0 0 0 0 0 0 0 0 0 0 0 0 0 0 0 0 0 0 0 0 0 0 0 0 0 0 0 0 0 0 0 0 0 0 0 0 0 0 0 0 0 0 0 0 0 0 0 0 0 0 0 0 0 0 0 0 0 0 0 0 0 0 0 0 0 0 0 0 0 
0 0 0 0 0 0 0 0 0 0 0 0 0 0 0 0 0 0 0 0 0 0 0 0 0 0 0 0 0 0 0 0 0 0 0 0 0 0 0 0 0 0 0 0 0 0 0 0 0 0 0 0 0 0 0 0 0 0 0 0 0 0 0 0 0 0 0 0 0 0 0 0 0 0 0 0 0 0 0 0 0 0 0 0 0 0 0 0 0 0 
0 0 0 0 0 0 0 0 0 0 0 0 0 0 0 0 0 0 0 0 0 0 0 0 0 0 0 0 0 0 0 0 0 0 0 0 0 0 0 0 0 0 0 0 0 0 0 0 0 0 0 0 0 0 0 0 0 0 0 0 0 0 0 0 0 0 0 0 0 0 0 0 0 0 0 0 0 0 0 0 0 0 0 0 0 0 0 0 0 0 
0 0 0 0 0 0 0 0 0 0 0 0 0 0 0 0 0 0 0 0 0 0 0 0 0 0 0 0 0 0 0 0 0 0 0 0 0 0 0 0 0 0 0 0 0 0 0 0 0 0 0 0 0 0 0 0 0 0 0 0 0 0 0 0 0 0 0 0 0 0 0 0 0 0 0 0 0 0 0 0 0 0 0 0 0 0 0 0 0 0 
0 0 0 0 0 0 0 0 0 0 0 0 0 0 0 0 0 0 0 0 0 0 0 0 0 0 0 0 0 0 0 0 0 0 0 0 0 0 0 0 0 0 0 0 0 0 0 0 0 0 0 0 0 0 0 0 0 0 0 0 0 0 0 0 0 0 0 0 0 0 0 0 0 0 0 0 0 0 0 0 0 0 0 0 0 0 0 0 0 0 
0 0 0 0 0 0 0 0 0 0 0 0 0 0 0 0 0 0 0 0 0 0 0 0 0 0 0 0 0 0 0 0 0 0 0 0 0 0 0 0 0 0 0 0 0 0 0 0 0 0 0 0 0 0 0 0 0 0 0 0 0 0 0 0 0 0 0 0 0 0 0 0 0 0 0 0 0 0 0 0 0 0 0 0 0 0 0 0 0 0 
0 0 0 0 0 0 0 0 0 0 0 0 0 0 0 0 0 0 0 0 0 0 0 0 0 0 0 0 0 0 0 0 0 0 0 0 0 0 0 0 0 0 0 0 0 0 0 0 0 0 0 0 0 0 0 0 0 0 0 0 0 0 0 0 0 0 0 0 0 0 0 0 0 0 0 0 0 0 0 0 0 0 0 0 0 0 0 0 0 0 
0 0 0 0 0 0 0 0 0 0 0 0 0 0 0 0 0 0 0 0 0 0 0 0 0 0 0 0 0 0 0 0 0 0 0 0 0 0 0 0 0 0 0 0 0 0 0 0 0 0 0 0 0 0 0 0 0 0 0 0 0 0 0 0 0 0 0 0 0 0 0 0 0 0 0 0 0 0 0 0 0 0 0 0 0 0 0 0 0 0 
0 0 0 0 0 0 0 0 0 0 0 0 0 0 0 0 0 0 0 0 0 0 0 0 0 0 0 0 0 0 0 0 0 0 0 0 0 0 0 0 0 0 0 0 0 0 0 0 0 0 0 0 0 0 0 0 0 0 0 0 0 0 0 0 0 0 0 0 0 0 0 0 0 0 0 0 0 0 0 0 0 0 0 0 0 0 0 0 0 0 
0 0 0 0 0 0 0 0 0 0 0 0 0 0 0 0 0 0 0 0 0 0 0 0 0 0 0 0 0 0 0 0 0 0 0 0 0 0 0 0 0 0 0 0 0 0 0 0 0 0 0 0 0 0 0 0 0 0 0 0 0 0 0 0 0 0 0 0 0 0 0 0 0 0 0 0 0 0 0 0 0 0 0 0 0 0 0 0 0 0 
0 0 0 0 0 0 0 0 0 0 0 0 0 0 0 0 0 0 0 0 0 0 0 0 0 0 0 0 0 0 0 0 0 0 0 0 0 0 0 0 0 0 0 0 0 0 0 0 0 0 0 0 0 0 0 0 0 0 0 0 0 0 0 0 0 0 0 0 0 0 0 0 0 0 0 0 0 0 0 0 0 0 0 0 0 0 0 0 0 0 
0 0 0 0 0 0 0 0 0 0 0 0 0 0 0 0 0 0 0 0 0 0 0 0 0 0 0 0 0 0 0 0 0 0 0 0 0 0 0 0 0 0 0 0 0 0 0 0 0 0 0 0 0 0 0 0 0 0 0 0 0 0 0 0 0 0 0 0 0 0 0 0 0 0 0 0 0 0 0 0 0 0 0 0 0 0 0 0 0 0 
0 0 0 0 0 0 0 0 0 0 0 0 0 0 0 0 0 0 0 0 0 0 0 0 0 0 0 0 0 0 0 0 0 0 0 0 0 0 0 0 0 0 0 0 0 0 0 0 0 0 0 0 0 0 0 0 0 0 0 0 0 0 0 0 0 0 0 0 0 0 0 0 0 0 0 0 0 0 0 0 0 0 0 0 0 0 0 0 0 0 
0 0 0 0 0 0 0 0 0 0 0 0 0 0 0 0 0 0 0 0 0 0 0 0 0 0 0 0 0 0 0 0 0 0 0 0 0 0 0 0 0 0 0 0 0 0 0 0 0 0 0 0 0 0 0 0 0 0 0 0 0 0 0 0 0 0 0 0 0 0 0 0 0 0 0 0 0 0 0 0 0 0 0 0 0 0 0 0 0 0 
0 0 0 0 0 0 0 0 0 0 0 0 0 0 0 0 0 0 0 0 0 0 0 0 0 0 0 0 0 0 0 0 0 0 0 0 0 0 0 0 0 0 0 0 0 0 0 0 0 0 0 0 0 0 0 0 0 0 0 0 0 0 0 0 0 0 0 0 0 0 0 0 0 0 0 0 0 0 0 0 0 0 0 0 0 0 0 0 0 0 
0 0 0 0 0 0 0 0 0 0 0 0 0 0 0 0 0 0 0 0 0 0 0 0 0 0 0 0 0 0 0 0 0 0 0 0 0 0 0 0 0 0 0 0 0 0 0 0 0 0 0 0 0 0 0 0 0 0 0 0 0 0 0 0 0 0 0 0 0 0 0 0 0 0 0 0 0 0 0 0 0 0 0 0 0 0 0 0 0 0 
0 0 0 0 0 0 0 0 0 0 0 0 0 0 0 0 0 0 0 0 0 0 0 0 0 0 0 0 0 0 0 0 0 0 0 0 0 0 0 0 0 0 0 0 0 0 0 0 0 0 0 0 0 0 0 0 0 0 0 0 0 0 0 0 0 0 0 0 0 0 0 0 0 0 0 0 0 0 0 0 0 0 0 0 0 0 0 0 0 0 
0 0 0 0 0 0 0 0 0 0 0 0 0 0 0 0 0 0 0 0 0 0 0 0 0 0 0 0 0 0 0 0 0 0 0 0 0 0 0 0 0 0 0 0 0 0 0 0 0 0 0 0 0 0 0 0 0 0 0 0 0 0 0 0 0 0 0 0 0 0 0 0 0 0 0 0 0 0 0 0 0 0 0 0 0 0 0 0 0 0 
0 0 0 0 0 0 0 0 0 0 0 0 0 0 0 0 0 0 0 0 0 0 0 0 0 0 0 0 0 0 0 0 0 0 0 0 0 0 0 0 0 0 0 0 0 0 0 0 0 0 0 0 0 0 0 0 0 0 0 0 0 0 0 0 0 0 0 0 0 0 0 0 0 0 0 0 0 0 0 0 0 0 0 0 0 0 0 0 0 0 
0 0 0 0 0 0 0 0 0 0 0 0 0 0 0 0 0 0 0 0 0 0 0 0 0 0 0 0 0 0 0 0 0 0 0 0 0 0 0 0 0 0 0 0 0 0 0 0 0 0 0 0 0 0 0 0 0 0 0 0 0 0 0 0 0 0 0 0 0 0 0 0 0 0 0 0 0 0 0 0 0 0 0 0 0 0 0 0 0 0 
0 0 1 0 0 0 0 0 0 0 0 0 0 0 0 0 0 0 0 0 0 0 0 0 0 0 0 0 0 0 0 0 0 0 0 0 0 0 0 0 0 0 0 0 0 0 0 0 0 0 0 0 0 0 0 0 0 0 0 0 0 0 0 0 0 0 0 0 0 0 0 0 0 0 0 0 0 0 0 0 0 0 0 0 0 0 0 0 0 0 
0 1 0 0 0 0 0 0 0 0 0 0 0 0 0 0 0 0 0 0 0 0 0 0 0 0 0 0 0 0 0 0 0 0 0 0 0 0 0 0 0 0 0 0 0 0 0 0 0 0 0 0 0 0 0 0 0 0 0 0 0 0 0 0 0 0 0 0 0 0 0 0 0 0 0 0 0 0 0 0 0 0 0 0 0 0 0 0 0 0 
0 0 1 0 0 0 0 0 1 0 0 0 0 0 0 0 0 0 0 0 0 0 0 0 0 0 0 0 0 0 0 0 0 0 0 0 0 0 0 0 0 0 0 0 0 0 0 0 0 0 0 0 0 0 0 0 0 0 0 0 0 0 0 0 0 0 0 0 0 0 0 0 0 0 0 0 0 0 0 0 0 0 0 0 0 0 0 0 0 0 
0 0 0 0 0 0 0 0 1 0 0 0 0 0 0 0 0 0 0 0 0 0 0 0 0 0 0 0 0 0 0 0 0 0 0 0 0 0 0 0 0 0 0 0 0 0 0 0 0 0 0 0 0 0 0 0 0 0 0 0 0 0 0 0 0 0 0 0 0 0 0 0 0 0 0 0 0 0 0 0 0 0 0 0 0 0 0 0 0 0 
0 0 0 0 0 0 1 0 0 0 0 0 1 1 0 0 0 0 0 0 0 1 0 0 0 0 0 0 0 0 0 0 0 0 0 0 0 0 0 0 0 0 0 0 0 0 0 0 0 0 0 0 0 0 0 0 0 0 0 0 0 0 0 0 0 0 0 0 0 0 0 0 0 0 0 0 0 0 0 0 0 0 0 0 0 0 0 0 0 0 
0 0 0 0 0 0 1 0 1 0 1 0 0 0 0 0 0 1 0 0 0 0 0 0 0 0 0 0 0 0 0 0 0 0 0 0 0 0 0 0 0 0 0 0 0 0 0 0 0 0 0 0 0 0 0 0 0 0 0 0 0 0 0 0 0 0 0 0 0 0 0 0 0 0 0 0 0 0 0 0 0 0 0 0 0 0 0 0 0 0 
1 1 0 1 0 0 0 0 0 0 0 0 0 0 1 0 0 0 0 0 1 0 0 0 0 0 0 0 0 0 0 0 1 0 0 0 0 0 0 0 0 0 0 0 0 0 0 0 0 0 0 0 0 0 0 0 0 0 0 0 0 0 0 0 0 0 0 0 0 0 0 0 0 0 0 0 0 0 0 0 0 0 0 0 0 0 0 0 0 0 
2 0 2 0 0 0 0 0 0 0 0 0 0 0 0 0 1 0 1 0 0 0 0 0 0 0 0 0 0 0 0 0 0 0 0 0 0 0 1 0 0 0 0 0 0 0 0 0 0 0 0 0 0 0 0 0 0 0 0 0 0 0 0 0 0 0 0 0 0 0 0 0 0 0 0 0 0 0 0 0 0 0 0 0 0 0 0 0 0 0 
1 0 0 0 0 1 1 0 0 1 2 0 2 0 1 0 0 0 0 0 1 0 1 1 0 0 0 0 0 1 0 0 0 0 0 0 0 0 0 0 0 0 0 0 0 0 0 0 0 0 0 0 0 0 0 0 0 0 0 0 0 0 0 0 0 0 0 0 0 0 0 0 0 0 0 0 0 0 0 0 0 0 0 0 0 0 0 0 0 0 
0 1 0 0 0 0 0 0 0 0 0 0 1 2 0 0 0 1 0 0 0 0 0 0 0 0 0 0 0 0 1 0 1 0 0 0 0 0 0 0 0 0 0 0 0 0 0 0 0 0 0 0 0 0 0 0 0 0 0 0 0 0 0 0 0 0 0 0 0 0 0 0 0 0 0 0 0 0 0 0 0 0 0 0 0 0 0 0 0 0 
1 0 1 0 0 0 0 0 0 1 0 1 1 0 1 0 0 1 0 1 0 0 0 1 1 1 0 0 0 0 0 0 0 1 0 0 0 0 0 0 0 0 0 0 0 0 0 0 0 0 0 0 0 0 0 0 0 0 0 0 1 1 0 0 0 0 0 0 0 0 0 0 0 0 0 0 0 0 0 0 0 0 0 0 0 0 0 0 0 0 
1 1 2 0 0 2 0 0 1 1 0 0 1 0 1 0 1 0 1 0 0 0 2 0 1 2 0 0 0 0 1 0 0 0 1 0 0 0 0 0 0 1 0 0 0 0 0 0 0 0 0 0 0 0 0 0 0 0 0 0 0 0 0 0 0 0 0 0 0 0 0 0 0 0 0 0 0 0 0 0 0 0 0 0 0 0 0 0 0 0 
0 0 1 2 2 1 0 0 0 1 0 0 1 1 1 1 1 1 0 0 2 1 1 0 0 0 1 0 0 0 0 0 0 1 0 0 1 0 0 0 2 0 1 0 0 0 1 0 1 0 0 0 0 0 0 0 0 0 0 0 0 0 0 0 0 0 0 0 0 0 0 0 0 0 0 0 0 0 0 0 0 0 0 0 0 0 0 0 0 0 
3 0 0 0 0 1 0 1 0 1 0 1 0 0 0 1 0 1 1 0 1 0 1 0 0 1 0 0 0 1 0 1 0 1 1 0 0 0 0 0 0 0 0 0 0 0 0 0 0 0 0 0 0 0 0 0 0 0 0 0 0 0 0 0 0 0 0 0 0 0 0 0 0 0 0 0 0 0 0 0 0 0 0 0 0 0 0 0 0 0 
1 0 1 1 1 1 1 1 2 1 1 0 1 1 0 1 0 0 0 1 1 1 1 0 3 0 0 0 1 0 1 1 1 2 0 0 1 0 2 0 0 0 0 0 0 0 0 0 0 0 0 0 0 1 0 0 0 0 0 0 0 0 0 0 0 0 0 0 0 0 0 0 0 0 0 0 0 0 0 0 0 0 0 0 0 0 0 0 0 0 
0 0 0 3 2 2 0 3 1 0 0 0 0 0 0 1 1 1 1 0 1 2 1 0 0 1 0 0 2 2 0 0 0 0 0 0 0 1 0 0 0 0 0 0 1 0 1 1 1 1 0 0 0 0 0 0 0 1 0 0 0 0 0 0 0 1 0 0 0 0 0 0 0 0 0 0 0 0 0 0 0 0 0 0 0 0 0 0 0 0 
0 1 1 1 0 1 0 3 2 0 3 1 1 2 1 0 0 0 1 1 0 0 1 1 0 0 0 1 0 1 0 0 1 0 0 0 1 1 1 1 1 0 0 0 0 0 1 1 0 1 0 0 0 0 1 0 0 0 1 0 0 0 0 0 0 0 0 0 0 0 0 0 0 0 0 0 0 0 0 0 0 0 0 0 0 0 0 0 0 0 
3 1 0 1 2 2 0 0 1 2 0 0 1 0 2 0 0 0 4 3 0 2 0 1 2 0 1 0 2 1 1 0 0 1 0 0 1 0 0 0 0 0 2 1 0 3 0 0 0 0 0 0 0 0 0 0 0 0 0 0 0 0 0 0 0 0 0 0 0 0 0 0 0 0 0 0 0 0 0 1 0 0 0 0 0 0 0 0 0 0 
2 2 2 2 0 3 2 1 3 0 0 0 1 0 0 0 2 4 1 0 1 2 0 1 4 0 2 0 0 1 1 0 1 0 0 3 2 0 0 1 0 2 1 1 0 1 0 0 0 0 1 0 0 0 1 0 0 0 0 0 0 0 0 1 0 0 0 0 0 0 0 0 0 0 0 0 0 0 0 0 0 0 0 0 0 0 0 0 0 0 
0 1 0 2 1 2 0 1 2 1 2 1 0 1 1 0 3 0 3 1 2 0 0 1 1 1 1 3 1 1 2 3 0 2 3 0 1 0 1 0 0 1 1 1 2 1 0 0 0 2 0 0 0 0 0 0 0 0 0 0 0 0 0 0 0 0 0 0 0 0 0 0 0 0 0 0 0 0 0 0 0 0 0 0 0 0 0 0 0 0 
1 3 1 2 4 2 1 3 3 1 2 1 2 3 1 2 1 1 3 1 3 0 0 2 0 1 3 1 3 1 0 1 0 1 0 2 2 2 0 0 1 1 0 1 3 0 0 1 1 0 0 1 1 1 0 1 0 1 1 0 1 0 0 0 1 0 0 0 0 0 0 0 0 0 0 1 0 0 0 0 0 0 0 0 0 0 0 0 1 0 
1 2 1 1 3 1 3 0 0 2 1 2 1 2 4 2 4 1 4 2 0 1 1 3 1 0 0 2 0 1 1 0 0 2 1 1 2 1 1 1 1 3 0 1 2 0 1 1 1 0 0 0 1 0 0 0 0 2 0 0 0 1 4 0 0 0 0 0 0 0 2 0 0 0 0 0 0 0 1 1 0 0 0 0 0 0 0 0 0 0 
4 4 3 2 3 2 3 4 1 2 1 0 2 2 1 1 0 1 4 2 0 3 0 1 5 2 0 1 1 0 1 1 0 2 1 1 3 1 2 3 0 1 0 0 1 0 0 2 0 1 0 2 0 0 1 0 0 1 0 1 0 0 0 1 2 1 1 0 0 0 1 0 0 1 0 0 1 0 0 0 0 0 0 0 0 0 0 0 0 0 
3 1 4 2 2 1 2 1 2 3 4 5 0 1 1 0 2 0 1 2 1 1 3 1 2 1 6 1 0 1 2 0 3 2 3 2 3 3 3 0 1 1 0 0 1 1 2 1 1 1 2 3 1 0 0 2 0 0 0 1 0 0 1 0 0 0 0 0 1 0 0 0 0 0 0 1 0 0 0 0 0 0 0 0 0 0 0 0 0 0 
3 3 4 4 2 1 5 3 3 2 3 2 0 3 1 3 1 2 2 3 5 1 4 1 0 1 4 1 1 3 2 1 4 3 3 1 4 0 3 1 1 1 2 0 1 0 1 1 1 2 2 0 0 0 0 1 0 1 1 0 1 3 0 0 1 1 0 1 1 0 0 0 0 1 1 0 0 2 0 0 0 1 0 0 0 0 0 1 0 0 
2 3 2 2 7 5 6 2 3 6 2 1 2 2 1 2 4 1 3 2 1 1 1 5 3 2 5 1 5 1 1 3 2 0 2 4 2 3 3 3 2 3 3 3 0 2 2 1 0 2 4 1 1 3 2 3 0 0 1 1 2 1 1 0 1 0 0 0 0 0 1 1 0 0 1 0 1 0 0 0 0 0 1 0 0 1 0 0 0 0 
2 6 1 3 4 2 4 3 2 4 4 4 4 3 3 3 0 2 1 4 2 4 0 2 0 1 2 2 4 3 4 3 0 1 3 1 1 5 5 3 0 6 2 1 1 2 1 1 2 1 0 2 1 0 0 0 0 0 0 0 2 2 3 2 1 0 3 1 1 0 1 0 0 0 0 0 1 1 0 1 0 1 0 0 0 0 0 0 0 0 
1 3 4 5 2 5 0 2 6 0 3 2 4 6 4 3 2 2 3 6 2 3 2 0 5 2 5 3 3 1 0 2 4 5 4 4 4 3 2 2 1 1 1 2 2 3 2 2 1 1 2 1 1 1 2 1 0 0 1 0 2 3 3 3 0 0 0 1 2 1 2 1 0 0 3 2 0 1 0 0 0 0 1 0 0 3 0 0 0 0 
3 4 5 4 2 8 2 2 2 4 1 5 2 3 3 4 4 4 3 5 3 6 3 2 6 2 5 2 8 4 2 2 2 4 3 1 3 3 6 3 2 0 1 3 4 3 1 2 1 0 2 1 1 2 3 1 1 0 3 1 1 0 2 1 0 3 1 1 1 1 1 1 0 3 0 1 1 1 0 1 3 0 0 0 1 0 0 0 1 0 
6 5 4 6 1 5 3 7 4 3 6 5 2 3 3 3 4 2 6 5 7 3 7 2 4 1 2 1 1 2 3 2 6 6 2 6 4 4 3 3 2 0 6 4 4 2 2 0 2 3 4 5 4 2 2 1 2 3 1 3 1 0 1 2 2 3 1 2 1 2 4 3 0 3 0 1 0 0 0 2 1 1 0 0 1 0 1 0 0 0 
5 4 6 5 2 3 8 3 3 4 5 4 6 7 3 4 4 6 4 1 4 4 4 0 4 5 4 7 1 4 4 3 2 2 5 3 3 4 3 0 2 3 1 2 3 2 1 5 4 3 2 1 4 1 2 3 1 2 1 1 2 0 2 0 0 1 2 1 3 1 2 1 2 0 0 1 0 0 0 0 0 0 0 0 1 1 0 2 2 1 
4 3 5 5 5 2 5 7 7 3 3 3 3 3 1 4 6 2 5 3 4 4 5 4 5 6 6 4 3 4 4 2 0 6 7 5 4 5 8 3 7 3 1 5 2 2 1 7 3 0 1 3 0 2 4 2 2 5 0 0 1 1 0 2 1 2 2 1 1 2 1 5 2 2 0 0 2 1 2 2 0 2 0 2 0 2 2 0 0 0 
6 5 5 4 8 5 9 10 2 7 4 8 7 3 8 4 4 3 4 5 10 2 7 7 4 7 1 1 2 3 3 5 6 3 5 1 6 2 5 3 3 5 4 2 1 4 2 3 4 4 4 5 5 3 5 5 0 5 2 1 1 1 1 1 3 2 4 0 0 2 3 0 0 1 1 1 2 1 2 1 1 1 0 2 1 1 1 0 2 0 
10 3 3 9 6 9 8 4 4 8 9 6 2 4 8 5 6 10 2 7 1 2 6 7 2 7 6 5 8 5 6 3 2 3 0 8 8 5 5 3 6 6 3 2 3 4 4 3 5 4 4 6 1 2 4 0 2 6 4 3 2 8 1 7 3 1 2 3 5 4 2 4 3 2 2 2 3 3 5 0 1 2 0 3 3 1 3 1 1 1 
11 4 1 4 5 9 7 9 7 1 4 2 5 7 7 6 5 7 5 9 3 5 11 5 7 5 6 5 9 3 6 9 4 1 2 5 8 6 5 7 5 4 5 4 2 5 3 7 6 8 0 4 1 6 5 6 7 3 1 2 4 1 3 1 6 5 2 2 1 1 0 2 2 3 3 3 4 2 1 2 1 1 1 2 1 0 2 0 0 0 
10 5 6 4 9 4 8 6 6 5 4 5 10 7 9 3 6 10 7 2 4 3 9 4 6 8 6 4 5 0 2 7 1 6 6 5 6 7 6 5 7 6 4 4 5 1 4 4 3 3 5 3 2 1 3 6 1 3 6 5 3 1 4 8 4 1 1 2 2 1 0 3 1 0 4 3 1 1 0 1 2 0 0 5 1 1 2 1 2 0 
10 5 5 6 8 4 5 2 8 4 6 6 13 12 3 10 6 7 5 9 4 8 8 9 6 10 8 8 8 9 9 1 6 9 7 2 2 5 6 3 4 6 6 6 4 4 2 2 1 4 8 6 6 3 4 3 4 4 6 4 4 7 5 1 3 2 2 1 1 5 3 2 1 2 3 1 5 4 1 1 2 1 3 1 0 1 2 3 1 0 
11 7 12 6 13 8 10 10 13 10 2 12 7 10 10 12 10 7 10 4 5 6 7 2 8 8 7 10 8 8 7 1 7 5 7 4 2 10 8 7 6 4 7 5 7 5 8 5 3 4 6 3 4 3 7 4 2 2 5 4 3 2 4 6 5 1 7 3 2 4 3 3 1 6 3 2 0 3 4 3 4 3 2 1 3 3 0 0 2 2 
9 12 8 7 8 8 7 7 10 7 12 7 7 9 10 8 10 11 7 8 7 10 5 2 10 2 8 10 8 8 5 8 7 5 8 6 8 4 9 3 5 5 6 6 5 6 4 3 6 6 5 2 4 9 5 1 6 2 6 5 6 4 3 4 6 4 5 4 5 5 6 3 5 4 2 4 3 6 2 2 3 2 1 0 3 1 1 2 4 0 
6 11 9 8 6 14 9 11 11 8 6 8 7 6 11 10 3 11 8 8 9 11 3 8 11 10 13 10 8 6 9 6 11 7 5 10 5 8 5 7 1 6 7 8 12 8 8 7 1 9 8 4 7 7 6 6 4 2 5 4 4 5 5 5 2 7 4 4 6 4 5 6 1 5 3 3 4 2 3 2 4 4 3 3 4 3 2 4 3 3 
15 8 4 11 11 10 10 11 12 14 12 12 5 8 5 9 13 10 9 13 10 9 6 11 9 8 12 2 12 8 10 10 5 13 10 9 8 8 8 7 5 10 9 9 3 6 10 7 6 8 6 2 4 3 6 7 3 9 7 6 5 4 3 4 4 4 7 5 4 4 3 2 2 5 2 4 1 2 4 5 2 2 9 4 5 2 1 3 4 3 
10 5 5 13 11 12 18 10 11 13 12 8 10 11 11 9 9 11 9 13 9 12 7 14 10 5 1 7 7 10 3 7 7 4 8 8 17 9 7 10 9 13 9 7 7 8 11 5 9 3 13 2 6 3 10 3 8 4 1 6 4 2 5 4 7 8 6 2 8 6 3 7 5 6 3 7 4 2 2 2 2 6 4 3 5 6 1 2 6 5 
13 9 9 13 11 10 13 16 12 13 13 9 11 10 19 14 18 13 8 7 11 13 6 6 7 9 9 10 8 11 14 10 10 10 8 11 4 9 9 7 5 10 6 7 5 9 10 4 10 9 13 9 9 5 3 10 7 5 10 4 9 5 7 4 9 3 6 10 4 4 6 5 5 1 2 5 4 5 5 2 10 1 6 4 4 3 2 2 2 1 
10 11 13 10 9 10 14 17 15 8 15 12 14 9 10 14 12 11 15 10 12 11 9 15 12 5 12 16 9 9 6 12 11 13 14 7 13 10 8 5 8 11 5 7 4 10 11 12 10 4 4 15 7 8 10 9 8 7 6 8 5 4 9 1 4 6 9 4 3 4 2 1 9 3 4 6 5 9 5 6 1 2 2 3 7 1 4 3 3 4 
10 10 16 9 18 15 12 13 16 9 14 12 16 12 9 19 18 16 18 13 12 11 15 18 5 10 15 13 8 14 12 10 11 6 14 12 11 9 7 8 10 12 7 11 11 11 9 9 5 8 6 5 7 6 4 8 10 6 8 5 3 4 6 6 4 12 8 7 6 4 5 6 5 7 5 1 4 2 2 5 2 7 7 6 5 2 5 4 6 3 
