# Format: McCode with text headers
# URL: http://www.mccode.org
# Creator: McStas 2.5beta01 - Nov. 03, 2018
# Instrument: Full_simple_noSqq.instr
# Ncount: 6250000
# Trace: no
# Gravitation: no
# Seed: 1544478111
# Directory: Magnon_rerun_events_C_noEfocus_noSqq/0
# Nodes: 16
# Param: WaveMin=2.75
# Param: WaveMax=4.4
# Param: E_0=4
# Param: L_0=0
# Param: chopPulseOpening=0.004
# Param: DivSlit0_width=0.1
# Param: DivSlit1_width=0.1
# Param: DivSlit2_width=0.1
# Param: DivSlit3_width=0.1
# Param: Npulse=1
# Param: print=0
# Param: makeVirtualSource=0
# Param: printMValues=0
# Param: power=2
# Param: BWopen=161
# Param: OMA=37.072
# Param: TTA=74.1432
# Param: OMA2=30.628
# Param: TTA2=61.256
# Param: phi=37
# Param: dphi=0.332
# Param: MCPLfile=BIFROST_mcpl.gz
# Param: ax=0
# Param: ay=2.14
# Param: az=-1.24
# Param: bx=0
# Param: by=0
# Param: bz=2.47
# Param: cx=6.71
# Param: cy=0
# Param: cz=0
# Param: Omega=0
# Param: TwoTheta=15
# Param: lambda=10
# Param: dlambda=9.9
# Param: Rotation=0
# Param: inelastic=1
# Param: aa=6.28319
# Param: sample_J1=1.5
# Param: sample_J2=0
# Param: TT=300
# Param: FerroMagnet=0
# Param: Verbose=0
# Param: imultiplier=1
# Param: INCOH=0
# Param: INCOHspread=0
# Param: sample_focusW=2.1
# Param: sample_focusH=0.15
# Param: focus_EF=0
# Param: TOFmin=0.1172
# Param: TOFmax=0.186
# Param: TOFbins=256
# Date: Sun Dec  9 22:02:55 2018 (1544389375)
# type: array_2d(90, 90)
# Source: EGCESE (Full_simple_noSqq.instr)
# component: psd_monitor6
# position: 1.94354 -1.56124 0.906287
# title: PSD monitor
# Ncount: 100000000
# filename: analyser6_psd.dat
# statistics: X0=-0.277588; dX=1.0491; Y0=11.3624; dY=2.604;
# signal: Min=0; Max=1011.9; Mean=78.6465;
# values: 637037 5094.73 21863
# xvar: X 
# yvar: Y 
# xlabel: X position [cm]
# ylabel: Y position [cm]
# zvar: I
# zlabel: Signal per bin
# xylimits: -2 2 -15.595 15.595
# variables: I I_err N
# Data [psd_monitor6/analyser6_psd.dat] I:
0 0 0 0 0 0 0 0 0 0 0 0 0 0 0 0 0 0 0 0 0 0 0 0 0 0 0 0 0 0 0 0 0 0 0 0 0 0 0 0 0 0 0 0 0 0 0 0 0 0 0 0 0 0 0 0 0 0 0 0 0 0 0 0 0 0 0 0 0 0 0 0 0 0 0 0 0 0 0 0 0 0 0 0 0 0 0 0 0 0 
0 0 0 0 0 0 0 0 0 0 0 0 0 0 0 0 0 0 0 0 0 0 0 0 0 0 0 0 0 0 0 0 0 0 0 0 0 0 0 0 0 0 0 0 0 0 0 0 0 0 0 0 0 0 0 0 0 0 0 0 0 0 0 0 0 0 0 0 0 0 0 0 0 0 0 0 0 0 0 0 0 0 0 0 0 0 0 0 0 0 
0 0 0 0 0 0 0 0 0 0 0 0 0 0 0 0 0 0 0 0 0 0 0 0 0 0 0 0 0 0 0 0 0 0 0 0 0 0 0 0 0 0 0 0 0 0 0 0 0 0 0 0 0 0 0 0 0 0 0 0 0 0 0 0 0 0 0 0 0 0 0 0 0 0 0 0 0 0 0 0 0 0 0 0 0 0 0 0 0 0 
0 0 0 0 0 0 0 0 0 0 0 0 0 0 0 0 0 0 0 0 0 0 0 0 0 0 0 0 0 0 0 0 0 0 0 0 0 0 0 0 0 0 0 0 0 0 0 0 0 0 0 0 0 0 0 0 0 0 0 0 0 0 0 0 0 0 0 0 0 0 0 0 0 0 0 0 0 0 0 0 0 0 0 0 0 0 0 0 0 0 
0 0 0 0 0 0 0 0 0 0 0 0 0 0 0 0 0 0 0 0 0 0 0 0 0 0 0 0 0 0 0 0 0 0 0 0 0 0 0 0 0 0 0 0 0 0 0 0 0 0 0 0 0 0 0 0 0 0 0 0 0 0 0 0 0 0 0 0 0 0 0 0 0 0 0 0 0 0 0 0 0 0 0 0 0 0 0 0 0 0 
0 0 0 0 0 0 0 0 0 0 0 0 0 0 0 0 0 0 0 0 0 0 0 0 0 0 0 0 0 0 0 0 0 0 0 0 0 0 0 0 0 0 0 0 0 0 0 0 0 0 0 0 0 0 0 0 0 0 0 0 0 0 0 0 0 0 0 0 0 0 0 0 0 0 0 0 0 0 0 0 0 0 0 0 0 0 0 0 0 0 
0 0 0 0 0 0 0 0 0 0 0 0 0 0 0 0 0 0 0 0 0 0 0 0 0 0 0 0 0 0 0 0 0 0 0 0 0 0 0 0 0 0 0 0 0 0 0 0 0 0 0 0 0 0 0 0 0 0 0 0 0 0 0 0 0 0 0 0 0 0 0 0 0 0 0 0 0 0 0 0 0 0 0 0 0 0 0 0 0 0 
0 0 0 0 0 0 0 0 0 0 0 0 0 0 0 0 0 0 0 0 0 0 0 0 0 0 0 0 0 0 0 0 0 0 0 0 0 0 0 0 0 0 0 0 0 0 0 0 0 0 0 0 0 0 0 0 0 0 0 0 0 0 0 0 0 0 0 0 0 0 0 0 0 0 0 0 0 0 0 0 0 0 0 0 0 0 0 0 0 0 
0 0 0 0 0 0 0 0 0 0 0 0 0 0 0 0 0 0 0 0 0 0 0 0 0 0 0 0 0 0 0 0 0 0 0 0 0 0 0 0 0 0 0 0 0 0 0 0 0 0 0 0 0 0 0 0 0 0 0 0 0 0 0 0 0 0 0 0 0 0 0 0 0 0 0 0 0 0 0 0 0 0 0 0 0 0 0 0 0 0 
0 0 0 0 0 0 0 0 0 0 0 0 0 0 0 0 0 0 0 0 0 0 0 0 0 0 0 0 0 0 0 0 0 0 0 0 0 0 0 0 0 0 0 0 0 0 0 0 0 0 0 0 0 0 0 0 0 0 0 0 0 0 0 0 0 0 0 0 0 0 0 0 0 0 0 0 0 0 0 0 0 0 0 0 0 0 0 0 0 0 
0 0 0 0 0 0 0 0 0 0 0 0 0 0 0 0 0 0 0 0 0 0 0 0 0 0 0 0 0 0 0 0 0 0 0 0 0 0 0 0 0 0 0 0 0 0 0 0 0 0 0 0 0 0 0 0 0 0 0 0 0 0 0 0 0 0 0 0 0 0 0 0 0 0 0 0 0 0 0 0 0 0 0 0 0 0 0 0 0 0 
0 0 0 0 0 0 0 0 0 0 0 0 0 0 0 0 0 0 0 0 0 0 0 0 0 0 0 0 0 0 0 0 0 0 0 0 0 0 0 0 0 0 0 0 0 0 0 0 0 0 0 0 0 0 0 0 0 0 0 0 0 0 0 0 0 0 0 0 0 0 0 0 0 0 0 0 0 0 0 0 0 0 0 0 0 0 0 0 0 0 
0 0 0 0 0 0 0 0 0 0 0 0 0 0 0 0 0 0 0 0 0 0 0 0 0 0 0 0 0 0 0 0 0 0 0 0 0 0 0 0 0 0 0 0 0 0 0 0 0 0 0 0 0 0 0 0 0 0 0 0 0 0 0 0 0 0 0 0 0 0 0 0 0 0 0 0 0 0 0 0 0 0 0 0 0 0 0 0 0 0 
0 0 0 0 0 0 0 0 0 0 0 0 0 0 0 0 0 0 0 0 0 0 0 0 0 0 0 0 0 0 0 0 0 0 0 0 0 0 0 0 0 0 0 0 0 0 0 0 0 0 0 0 0 0 0 0 0 0 0 0 0 0 0 0 0 0 0 0 0 0 0 0 0 0 0 0 0 0 0 0 0 0 0 0 0 0 0 0 0 0 
0 0 0 0 0 0 0 0 0 0 0 0 0 0 0 0 0 0 0 0 0 0 0 0 0 0 0 0 0 0 0 0 0 0 0 0 0 0 0 0 0 0 0 0 0 0 0 0 0 0 0 0 0 0 0 0 0 0 0 0 0 0 0 0 0 0 0 0 0 0 0 0 0 0 0 0 0 0 0 0 0 0 0 0 0 0 0 0 0 0 
0 0 0 0 0 0 0 0 0 0 0 0 0 0 0 0 0 0 0 0 0 0 0 0 0 0 0 0 0 0 0 0 0 0 0 0 0 0 0 0 0 0 0 0 0 0 0 0 0 0 0 0 0 0 0 0 0 0 0 0 0 0 0 0 0 0 0 0 0 0 0 0 0 0 0 0 0 0 0 0 0 0 0 0 0 0 0 0 0 0 
0 0 0 0 0 0 0 0 0 0 0 0 0 0 0 0 0 0 0 0 0 0 0 0 0 0 0 0 0 0 0 0 0 0 0 0 0 0 0 0 0 0 0 0 0 0 0 0 0 0 0 0 0 0 0 0 0 0 0 0 0 0 0 0 0 0 0 0 0 0 0 0 0 0 0 0 0 0 0 0 0 0 0 0 0 0 0 0 0 0 
0 0 0 0 0 0 0 0 0 0 0 0 0 0 0 0 0 0 0 0 0 0 0 0 0 0 0 0 0 0 0 0 0 0 0 0 0 0 0 0 0 0 0 0 0 0 0 0 0 0 0 0 0 0 0 0 0 0 0 0 0 0 0 0 0 0 0 0 0 0 0 0 0 0 0 0 0 0 0 0 0 0 0 0 0 0 0 0 0 0 
0 0 0 0 0 0 0 0 0 0 0 0 0 0 0 0 0 0 0 0 0 0 0 0 0 0 0 0 0 0 0 0 0 0 0 0 0 0 0 0 0 0 0 0 0 0 0 0 0 0 0 0 0 0 0 0 0 0 0 0 0 0 0 0 0 0 0 0 0 0 0 0 0 0 0 0 0 0 0 0 0 0 0 0 0 0 0 0 0 0 
0 0 0 0 0 0 0 0 0 0 0 0 0 0 0 0 0 0 0 0 0 0 0 0 0 0 0 0 0 0 0 0 0 0 0 0 0 0 0 0 0 0 0 0 0 0 0 0 0 0 0 0 0 0 0 0 0 0 0 0 0 0 0 0 0 0 0 0 0 0 0 0 0 0 0 0 0 0 0 0 0 0 0 0 0 0 0 0 0 0 
0 0 0 0 0 0 0 0 0 0 0 0 0 0 0 0 0 0 0 0 0 0 0 0 0 0 0 0 0 0 0 0 0 0 0 0 0 0 0 0 0 0 0 0 0 0 0 0 0 0 0 0 0 0 0 0 0 0 0 0 0 0 0 0 0 0 0 0 0 0 0 0 0 0 0 0 0 0 0 0 0 0 0 0 0 0 0 0 0 0 
0 0 0 0 0 0 0 0 0 0 0 0 0 0 0 0 0 0 0 0 0 0 0 0 0 0 0 0 0 0 0 0 0 0 0 0 0 0 0 0 0 0 0 0 0 0 0 0 0 0 0 0 0 0 0 0 0 0 0 0 0 0 0 0 0 0 0 0 0 0 0 0 0 0 0 0 0 0 0 0 0 0 0 0 0 0 0 0 0 0 
0 0 0 0 0 0 0 0 0 0 0 0 0 0 0 0 0 0 0 0 0 0 0 0 0 0 0 0 0 0 0 0 0 0 0 0 0 0 0 0 0 0 0 0 0 0 0 0 0 0 0 0 0 0 0 0 0 0 0 0 0 0 0 0 0 0 0 0 0 0 0 0 0 0 0 0 0 0 0 0 0 0 0 0 0 0 0 0 0 0 
0 0 0 0 0 0 0 0 0 0 0 0 0 0 0 0 0 0 0 0 0 0 0 0 0 0 0 0 0 0 0 0 0 0 0 0 0 0 0 0 0 0 0 0 0 0 0 0 0 0 0 0 0 0 0 0 0 0 0 0 0 0 0 0 0 0 0 0 0 0 0 0 0 0 0 0 0 0 0 0 0 0 0 0 0 0 0 0 0 0 
0 0 0 0 0 0 0 0 0 0 0 0 0 0 0 0 0 0 0 0 0 0 0 0 0 0 0 0 0 0 0 0 0 0 0 0 0 0 0 0 0 0 0 0 0 0 0 0 0 0 0 0 0 0 0 0 0 0 0 0 0 0 0 0 0 0 0 0 0 0 0 0 0 0 0 0 0 0 0 0 0 0 0 0 0 0 0 0 0 0 
0 0 0 0 0 0 0 0 0 0 0 0 0 0 0 0 0 0 0 0 0 0 0 0 0 0 0 0 0 0 0 0 0 0 0 0 0 0 0 0 0 0 0 0 0 0 0 0 0 0 0 0 0 0 0 0 0 0 0 0 0 0 0 0 0 0 0 0 0 0 0 0 0 0 0 0 0 0 0 0 0 0 0 0 0 0 0 0 0 0 
0 0 0 0 0 0 0 0 0 0 0 0 0 0 0 0 0 0 0 0 0 0 0 0 0 0 0 0 0 0 0 0 0 0 0 0 0 0 0 0 0 0 0 0 0 0 0 0 0 0 0 0 0 0 0 0 0 0 0 0 0 0 0 0 0 0 0 0 0 0 0 0 0 0 0 0 0 0 0 0 0 0 0 0 0 0 0 0 0 0 
0 0 0 0 0 0 0 0 0 0 0 0 0 0 0 0 0 0 0 0 0 0 0 0 0 0 0 0 0 0 0 0 0 0 0 0 0 0 0 0 0 0 0 0 0 0 0 0 0 0 0 0 0 0 0 0 0 0 0 0 0 0 0 0 0 0 0 0 0 0 0 0 0 0 0 0 0 0 0 0 0 0 0 0 0 0 0 0 0 0 
0 0 0 0 0 0 0 0 0 0 0 0 0 0 0 0 0 0 0 0 0 0 0 0 0 0 0 0 0 0 0 0 0 0 0 0 0 0 0 0 0 0 0 0 0 0 0 0 0 0 0 0 0 0 0 0 0 0 0 0 0 0 0 0 0 0 0 0 0 0 0 0 0 0 0 0 0 0 0 0 0 0 0 0 0 0 0 0 0 0 
0 0 0 0 0 0 0 0 0 0 0 0 0 0 0 0 0 0 0 0 0 0 0 0 0 0 0 0 0 0 0 0 0 0 0 0 0 0 0 0 0 0 0 0 0 0 0 0 0 0 0 0 0 0 0 0 0 0 0 0 0 0 0 0 0 0 0 0 0 0 0 0 0 0 0 0 0 0 0 0 0 0 0 0 0 0 0 0 0 0 
0 0 0 0 0 0 0 0 0 0 0 0 0 0 0 0 0 0 0 0 0 0 0 0 0 0 0 0 0 0 0 0 0 0 0 0 0 0 0 0 0 0 0 0 0 0 0 0 0 0 0 0 0 0 0 0 0 0 0 0 0 0 0 0 0 0 0 0 0 0 0 0 0 0 0 0 0 0 0 0 0 0 0 0 0 0 0 0 0 0 
0 0 0 0 0 0 0 0 0 0 0 0 0 0 0 0 0 0 0 0 0 0 0 0 0 0 0 0 0 0 0 0 0 0 0 0 0 0 0 0 0 0 0 0 0 0 0 0 0 0 0 0 0 0 0 0 0 0 0 0 0 0 0 0 0 0 0 0 0 0 0 0 0 0 0 0 0 0 0 0 0 0 0 0 0 0 0 0 0 0 
0 0 0 0 0 0 0 0 0 0 0 0 0 0 0 0 0 0 0 0 0 0 0 0 0 0 0 0 0 0 0 0 0 0 0 0 0 0 0 0 0 0 0 0 0 0 0 0 0 0 0 0 0 0 0 0 0 0 0 0 0 0 0 0 0 0 0 0 0 0 0 0 0 0 0 0 0 0 0 0 0 0 0 0 0 0 0 0 0 0 
0 0 0 0 0 0 0 0 0 0 0 0 0 0 0 0 0 0 0 0 0 0 0 0 0 0 0 0 0 0 0 0 0 0 0 0 0 0 0 0 0 0 0 0 0 0 0 0 0 0 0 0 0 0 0 0 0 0 0 0 0 0 0 0 0 0 0 0 0 0 0 0 0 0 0 0 0 0 0 0 0 0 0 0 0 0 0 0 0 0 
0 0 0 0 0 0 0 0 0 0 0 0 0 0 0 0 0 0 0 0 0 0 0 0 0 0 0 0 0 0 0 0 0 0 0 0 0 0 0 0 0 0 0 0 0 0 0 0 0 0 0 0 0 0 0 0 0 0 0 0 0 0 0 0 0 0 0 0 0 0 0 0 0 0 0 0 0 0 0 0 0 0 0 0 0 0 0 0 0 0 
0 0 0 0 0 0 0 0 0 0 0 0 0 0 0 0 0 0 0 0 0 0 0 0 0 0 0 0 0 0 0 0 0 0 0 0 0 0 0 0 0 0 0 0 0 0 0 0 0 0 0 0 0 0 0 0 0 0 0 0 0 0 0 0 0 0 0 0 0 0 0 0 0 0 0 0 0 0 0 0 0 0 0 0 0 0 0 0 0 0 
0 0 0 0 0 0 0 0 0 0 0 0 0 0 0 0 0 0 0 0 0 0 0 0 0 0 0 0 0 0 0 0 0 0 0 0 0 0 0 0 0 0 0 0 0 0 0 0 0 0 0 0 0 0 0 0 0 0 0 0 0 0 0 0 0 0 0 0 0 0 0 0 0 0 0 0 0 0 0 0 0 0 0 0 0 0 0 0 0 0 
0 0 0 0 0 0 0 0 0 0 0 0 0 0 0 0 0 0 0 0 0 0 0 0 0 0 0 0 0 0 0 0 0 0 0 0 0 0 0 0 0 0 0 0 0 0 0 0 0 0 0 0 0 0 0 0 0 0 0 0 0 0 0 0 0 0 0 0 0 0 0 0 0 0 0 0 0 0 0 0 0 0 0 0 0 0 0 0 0 0 
0 0 0 0 0 0 0 0 0 0 0 0 0 0 0 0 0 0 0 0 0 0 0 0 0 0 0 0 0 0 0 0 0 0 0 0 0 0 0 0 0 0 0 0 0 0 0 0 0 0 0 0 0 0 0 0 0 0 0 0 0 0 0 0 0 0 0 0 0 0 0 0 0 0 0 0 0 0 0 0 0 0 0 0 0 0 0 0 0 0 
0 0 0 0 0 0 0 0 0 0 0 0 0 0 0 0 0 0 0 0 0 0 0 0 0 0 0 0 0 0 0 0 0 0 0 0 0 0 0 0 0 0 0 0 0 0 0 0 0 0 0 0 0 0 0 0 0 0 0 0 0 0 0 0 0 0 0 0 0 0 0 0 0 0 0 0 0 0 0 0 0 0 0 0 0 0 0 0 0 0 
0 0 0 0 0 0 0 0 0 0 0 0 0 0 0 0 0 0 0 0 0 0 0 0 0 0 0 0 0 0 0 0 0 0 0 0 0 0 0 0 0 0 0 0 0 0 0 0 0 0 0 0 0 0 0 0 0 0 0 0 0 0 0 0 0 0 0 0 0 0 0 0 0 0 0 0 0 0 0 0 0 0 0 0 0 0 0 0 0 0 
0 0 0 0 0 0 0 0 0 0 0 0 0 0 0 0 0 0 0 0 0 0 0 0 0 0 0 0 0 0 0 0 0 0 0 0 0 0 0 0 0 0 0 0 0 0 0 0 0 0 0 0 0 0 0 0 0 0 0 0 0 0 0 0 0 0 0 0 0 0 0 0 0 0 0 0 0 0 0 0 0 0 0 0 0 0 0 0 0 0 
0 0 0 0 0 0 0 0 0 0 0 0 0 0 0 0 0 0 0 0 0 0 0 0 0 0 0 0 0 0 0 0 0 0 0 0 0 0 0 0 0 0 0 0 0 0 0 0 0 0 0 0 0 0 0 0 0 0 0 0 0 0 0 0 0 0 0 0 0 0 0 0 0 0 0 0 0 0 0 0 0 0 0 0 0 0 0 0 0 0 
0 0 0 0 0 0 0 0 0 0 0 0 0 0 0 0 0 0 0 0 0 0 0 0 0 0 0 0 0 0 0 0 0 0 0 0 0 0 0 0 0 0 0 0 0 0 0 0 0 0 0 0 0 0 0 0 0 0 0 0 0 0 0 0 0 0 0 0 0 0 0 0 0 0 0 0 0 0 0 0 0 0 0 0 0 0 0 0 0 0 
0 0 0 0 0 0 0 0 0 0 0 0 0 0 0 0 0 0 0 0 0 0 0 0 0 0 0 0 0 0 0 0 0 0 0 0 0 0 0 0 0 0 0 0 0 0 0 0 0 0 0 0 0 0 0 0 0 0 0 0 0 0 0 0 0 0 0 0 0 0 0 0 0 0 0 0 0 0 0 0 0 0 0 0 0 0 0 0 0 0 
0 0 0 0 0 0 0 0 0 0 0 0 0 0 0 0 0 0 0 0 0 0 0 0 0 0 0 0 0 0 0 0 0 0 0 0 0 0 0 0 0 0 0 0 0 0 0 0 0 0 0 0 0 0 0 0 0 0 0 0 0 0 0 0 0 0 0 0 0 0 0 0 0 0 0 0 0 0 0 0 0 0 0 0 0 0 0 0 0 0 
11.04435728 0 0 0 0 0 0 0 0 0 0 0 0 0 0 0 0 0 0 0 0 0 0 0 0 0 0 0 0 0 0 0 0 0 0 0 0 0 0 0 0 0 0 0 0 0 0 0 0 0 0 0 0 0 0 0 0 0 0 0 0 0 0 0 0 0 0 0 0 0 0 0 0 0 0 0 0 0 0 0 0 0 0 0 0 0 0 0 0 0 
0 0 0 0 0 0 0 0 0 0 0 0 0 0 0 0 0 0 0 0 0 0 0 0 0 0 0 0 0 0 0 0 0 0 0 0 0 0 0 0 0 0 0 0 0 0 0 0 0 0 0 0 0 0 0 0 0 0 0 0 0 0 0 0 0 0 0 0 0 0 0 0 0 0 0 0 0 0 0 0 0 0 0 0 0 0 0 0 0 0 
0 0 0 0 0 0 0 0 0 0 0 0 0 0 0 0 0 0 0 0 0 0 0 0 0 0 0 0 0 0 0 0 0 0 0 0 0 0 0 0 0 0 0 0 0 0 0 0 0 0 0 0 0 0 0 0 0 0 0 0 0 0 0 0 0 0 0 0 0 0 0 0 0 0 0 0 0 0 0 0 0 0 0 0 0 0 0 0 0 0 
0 0 0 0 0 0 0 0 0 0 0 0 10.00596363 0 0 0 0 0 0 0 0 0 0 0 0 0 0 0 0 0 0 0 0 0 0 0 0 0 0 0 0 0 0 0 0 0 0 0 0 0 0 0 0 0 0 0 0 0 0 0 0 0 0 0 0 0 0 0 0 0 0 0 0 0 0 0 0 0 0 0 0 0 0 0 0 0 0 0 0 0 
0 34.58401 0 0 52.11548958 0 0 0 0 0 20.27871591 0 0 0 0 0 0 0 0 0 0 0 0 0 0 0 0 0 0 0 0 0 0 0 0 0 0 0 0 0 0 0 0 0 0 0 0 0 0 0 0 0 0 0 0 0 0 0 0 0 0 0 0 0 0 0 0 0 0 0 0 0 0 0 0 0 0 0 0 0 0 0 0 0 0 0 0 0 0 0 
0 0 0 0 0 0 0 64.46849746 0 0 0 7.83962811 0 0 0 0 0 0 0 0 0 0 0 0 0 0 0 0 0 0 0 0 0 0 0 0 0 0 0 0 0 0 0 0 0 0 0 0 0 0 0 0 0 0 0 0 0 0 0 0 0 0 0 0 0 0 0 0 0 0 0 0 0 0 0 0 0 0 0 0 0 0 0 0 0 0 0 0 0 0 
38.77324306 35.31786343 0 24.02338218 0 0 0 2.790127029 0 11.23857099 0 23.14790877 59.21608314 0 0 0 0 0 0 0 0 0 0 0 0 0 0 0 0 0 0 0 0 0 0 0 0 0 0 0 0 0 0 0 0 0 0 0 0 0 0 0 0 0 0 0 0 0 0 0 0 0 0 0 0 0 0 0 0 0 0 0 0 0 0 0 0 0 0 0 0 0 0 0 0 0 0 0 0 0 
0 42.6690326 0 30.74862318 0 0 48.18908205 0 0 20.75751263 18.80173754 57.42516279 0 5.715988762 0 43.63398188 0 0 0 0 0 0 0 0 0 0 0 0 0 0 0 0 0 0 0 0 0 0 0 0 60.9919569 0 0 0 0 0 0 0 0 0 0 0 0 0 0 0 0 0 0 0 0 0 0 0 0 0 0 0 0 0 0 0 0 0 0 0 0 0 0 0 0 0 0 0 0 0 0 0 0 0 
7.447754598 34.34320499 27.00111596 217.6093857 0 22.83174261 9.708518298 0 0 0 15.28372542 0 0 24.58186734 0 9.090600954 0 0 0 0 0 0 0 0 0 0 0 0 0 0 0 0 0 0 0 0 0 0 0 0 0 0 0 0 0 0 0 0 0 0 0 0 0 0 0 0 0 0 0 0 0 0 0 0 0 0 0 0 0 0 0 0 0 0 0 0 0 0 0 0 0 0 0 0 0 0 0 0 0 0 
38.2415869 85.91594853 74.74197522 0 76.47794193 23.42606134 53.87124428 23.84033266 23.71360901 11.60253236 0 0 0 0 0 20.205906 0 0 0 0 13.13248673 0 0 0 0 21.90103341 0 0 0 0 0 0 0 0 0 0 0 0 0 0 0 0 0 0 0 0 0 0 0 0 0 0 0 0 0 0 0 0 0 0 0 0 0 0 0 0 0 0 0 0 0 0 0 0 0 0 0 0 0 0 0 0 0 0 0 0 0 0 0 0 
0 90.97365838 4.588747505 23.77219799 50.05842331 0 40.09507573 19.66178014 27.56814726 168.6585257 32.29233884 0 0 0 16.15585421 12.41311782 9.512656816 0 0 19.79314592 23.303257 0 17.64124366 0 0 0 0 0 54.84807411 25.13779327 0 48.97744989 0 0 0 0 0 0 0 0 0 0 0 0 0 0 0 0 0 0 0 0 0 0 0 0 0 0 0 0 0 0 0 0 0 0 0 0 0 0 0 0 0 0 0 0 0 0 0 0 0 0 0 0 0 0 0 0 0 0 
232.7833412 68.78213007 54.66332646 75.50625677 61.57783873 57.00880211 0 38.53366795 31.72341994 53.12318008 83.7794521 14.13313071 108.7164629 153.7607606 54.30554245 33.45363985 73.72750108 32.93533878 6.530403592 0 0 0 15.79491917 15.74251621 63.4908368 22.66059258 0 0 0 0 0 0 0 17.22625528 0 0 0 0 0 0 0 0 0 8.565787922 0 0 28.18386278 0 0 0 0 0 0 0 0 0 0 0 0 0 0 0 0 0 0 0 0 0 0 0 0 0 0 0 0 0 0 0 0 0 0 0 0 0 0 0 0 0 0 0 
22.1650423 174.6296673 316.2311736 90.10213069 56.19140951 124.9505981 143.4778735 122.8647529 39.88522744 28.2999219 117.703665 77.8359265 207.4179093 119.8028634 0 72.13512263 0 20.33532708 0 130.752263 78.91322308 148.4054899 0 19.17637423 0 48.81821268 0 19.45435322 0 0 67.89978513 0 0 0 0 0 0 0 0 0 0 0 0 0 0 0 0 0 0 59.42078939 0 0 0 0 0 0 0 0 0 0 0 0 0 0 0 0 0 0 0 0 0 0 0 0 0 0 0 0 0 0 0 0 0 0 0 0 0 0 0 0 
66.94656238 145.8985833 204.7828029 12.05996031 34.49849779 117.446388 32.15245079 67.16258381 41.25520835 168.8777102 137.7858282 40.24658884 48.67288462 20.36339269 53.30884286 49.00704059 0 60.88242082 173.0381646 31.75417695 115.9784497 0 100.0359998 0 27.31525812 59.34065995 6.865109958 0 23.57300421 0 61.77501792 3.396275384 0 42.84954672 5.569184526 0 0 14.95032999 28.63553192 0 0 17.95946644 0 0 0 10.30770761 0 0 0 0 0 0 0 0 0 0 0 0 0 0 0 0 0 0 0 0 0 0 0 0 0 0 0 0 0 0 0 0 0 0 0 0 0 0 0 0 0 0 0 0 
314.4219228 184.2346195 73.19854724 142.1410283 133.3044316 55.32254642 213.7404172 237.4770392 49.49947289 58.09392231 102.0369594 94.05537883 137.7932658 50.03903879 26.16896365 140.1194094 72.21245887 38.91332865 33.02155315 79.90866361 33.2918129 45.37385447 27.41292713 43.63100205 23.46752644 46.43079153 116.0315856 0 0 116.491432 0 35.97747403 32.69712935 21.25896962 15.03294897 0 11.65362069 0 0 0 0 0 0 0 0 0 0 0 0 0 0 0 0 0 0 0 0 0 0 0 0 0 0 0 0 0 0 0 0 0 0 0 0 0 0 0 0 0 0 0 0 0 0 0 0 0 0 0 0 0 
235.596883 348.0011592 263.7477019 148.9829873 208.0807728 242.7906813 141.4004182 116.5863982 227.9353336 264.6541639 288.3237356 206.8603867 251.9220555 149.2236282 130.5384652 199.9883213 83.75533192 191.4517752 167.5286875 35.13292564 45.81987505 103.402637 115.624881 155.7279474 83.9840943 46.80728069 93.52543892 110.0995619 37.0326857 82.76181379 47.88407137 22.67273358 89.32879097 28.52773945 41.0001019 0 23.75831858 0 15.93255885 16.43731234 16.84795257 0 0 0 9.103112191 0 25.61511743 0 0 0 0 0 0 0 0 0 0 0 0 0 0 0 0 0 0 0 0 0 0 0 0 0 0 0 0 0 0 0 0 0 0 0 0 0 0 0 0 0 0 0 
139.7006836 195.5239914 359.7139249 144.3133446 199.2123561 104.8624542 318.943875 219.0813155 120.8520602 173.5012701 148.614696 138.4624608 107.7231957 134.1554665 146.5991997 303.3218501 133.4728711 118.7403253 195.940462 98.10655765 139.7891289 149.1683007 52.47558748 118.2597607 60.15220079 76.28117569 0 152.554288 39.60364417 39.21785931 167.1274738 46.75310158 157.6413412 108.3250236 18.50663903 0 0 0 63.55130429 15.48896029 0 0 25.06399036 13.13406973 0 0 9.219362269 49.82318147 0 0 22.9158799 0 0 0 0 0 0 0 0 0 0 0 0 0 0 0 0 0 0 0 0 0 0 0 0 0 0 0 0 0 0 0 0 0 0 0 0 0 0 0 
434.7353651 250.3551293 299.3966313 245.1355568 256.5728498 313.6133675 266.6942202 193.3314013 144.2746966 156.5858995 291.3254871 301.7213669 405.1842356 176.1386503 136.221257 185.0518349 369.1753113 232.7489239 137.1106745 185.2409553 164.5735301 84.3016813 24.70124576 131.4148168 74.42409217 115.584891 110.5606647 103.307618 27.95461506 79.19380202 152.0129647 37.48808257 84.65193387 0 0 74.15991792 35.63065299 27.00481686 55.92985982 25.94024054 48.5322034 96.42231099 0 7.463979614 21.11673505 17.04062928 76.248831 0 13.97009651 0 0 0 0 0 25.12560616 0 0 22.90056474 0 0 0 0 0 0 0 0 0 0 0 0 0 0 0 0 0 0 0 0 0 0 0 0 0 0 0 0 0 0 0 0 
239.2364365 242.1615981 197.2903315 337.7266951 306.8558442 292.1254599 264.9339147 158.7914461 279.9192253 106.2319037 278.3515418 293.7816086 317.981224 350.6454943 368.3187782 252.6338021 205.1108673 387.4528242 387.0367744 169.3035409 195.6516538 274.5130643 126.6249277 174.6072522 161.0497891 190.2421585 174.7704064 187.4788331 72.53496421 188.7682447 180.4213797 57.696193 25.57201778 60.36885154 37.91146678 43.54328912 0 76.44089181 28.2897986 43.44501364 80.60440899 20.58076296 93.78215014 27.96113358 18.67445268 87.72879947 0 44.38162942 39.28361107 0 0 0 0 80.20241785 0 0 19.89653264 0 0 0 0 0 0 0 0 0 0 0 27.2214179 0 0 0 0 0 0 0 0 0 0 0 0 0 0 0 0 0 0 0 0 0 
296.1965206 325.834795 310.2257166 218.6888528 521.7288783 193.7216373 246.9320177 333.3206074 551.7579802 238.7303474 552.0945075 89.93240444 509.2764636 231.2130194 400.7025837 393.487901 228.795441 454.684201 248.3831871 349.9668048 175.9203025 157.6151371 208.4785544 176.5343851 301.9848307 140.717946 333.8732704 150.5237034 77.04196486 142.06586 156.0482283 127.8312992 210.5250778 0 64.61098115 69.23341652 134.0692679 320.0119129 50.88005988 58.39731987 54.10511524 144.1629231 72.33984783 0 26.4916378 16.87762614 0 0 92.95880013 0 95.55493746 26.95135216 0 0 0 0 9.895980461 0 0 59.66484917 0 0 0 0 32.62089124 0 0 0 0 0 0 0.1276032689 0 0 0 0 0 0 0 0 0 0 0 0 0 0 0 0 0 0 
497.8681107 560.0251467 479.5883609 398.6840584 423.7150512 487.5574345 430.8510967 352.0301032 357.9749728 389.1409762 355.7037936 233.1687511 361.933096 549.8542773 386.5760192 227.8296337 273.0262422 485.8138956 285.1936708 469.0733077 454.1305189 181.5119831 467.7690041 244.4265835 244.7034717 223.7752814 422.5695902 277.7348387 182.6516695 159.6622527 319.3660354 220.2785564 137.4156985 94.52443349 329.8602488 162.3039666 249.4081475 87.85956302 48.10417762 45.27424656 139.4081787 25.47951696 41.7070897 173.9939714 71.81801237 210.1209566 17.40721104 16.17644253 0 50.66305041 59.52411508 28.14282569 0 0 4.218422417 12.56291229 64.11327808 0 0 46.80208564 0 0 0 4.393835787 0 0 27.46800791 0 25.60946838 0 0 0 0 0 0 0 10.98015343 0 0 0 0 0 0 0 0 0 0 0 0 0 
341.9948902 280.1724375 269.8118622 257.7555468 215.3518951 422.7995592 537.0970955 406.0603042 312.1630653 609.3556414 279.6881374 342.9962024 651.3361656 406.9818252 546.472121 409.8721878 385.8883919 212.650778 239.9738085 296.5876989 102.7330332 535.1474479 315.4267454 524.2477198 329.1160007 139.4964263 162.2545821 262.264827 393.208699 394.1017974 244.9337727 166.5304025 145.389204 273.4118773 141.1306659 140.3510034 68.40355507 127.6706276 38.34685808 204.0020946 214.0119813 96.62964862 225.7950596 104.8655565 68.27423779 171.602065 79.35509088 168.9236904 78.33688125 69.22128776 29.01876777 80.6651192 11.6274246 46.68506692 107.9870461 121.7060852 0 0 92.2267331 119.4034914 56.78824482 0 0 27.15148515 19.86705302 64.41193972 13.93605021 0 0 0 0 0 35.66970294 0 0 0 0 0 0 0 0 0 17.5703104 26.94151495 0 0 0 0 0 0 
281.8462735 666.6169148 541.8265404 385.9200353 194.7589163 366.7602526 227.4817225 586.5170248 452.6055938 330.4821245 184.1758316 568.1160493 305.6838276 428.764274 423.1178771 477.395367 493.9106993 466.159591 582.956469 190.2478145 246.9844985 305.8540511 183.5961036 278.4567342 294.7933488 328.3473618 239.5464682 243.416496 451.7040106 227.6300541 483.9714704 194.9831275 217.1121682 360.2865805 321.1956478 219.2504449 250.698614 203.9656918 164.2633828 281.5199318 79.70809059 88.03666682 38.68201715 221.6934777 52.75686316 254.3632545 88.89214321 213.5249394 69.9811274 82.93212799 21.30156271 112.4289822 88.04557035 196.9436614 10.8949087 0 39.58171469 53.67759403 0 36.56655343 52.27475307 0 19.60299167 26.77627413 0 43.70738797 26.183477 0 0 0 0 0 0 0 0 0 0 23.48238538 0 0 0 0 0 0 0 0 0 0 0 0 
405.9972855 379.0130935 445.9725745 194.1707962 563.3664541 295.992303 248.6307268 515.981718 336.4664342 395.7088804 503.1396808 193.4410788 407.3255656 408.5598708 561.721529 573.6784505 583.9133914 679.1273805 337.5897341 609.8125368 482.764635 274.8686571 390.7900825 436.1825344 466.3564625 713.4580753 289.1362967 369.5134949 519.6015203 422.6631311 319.909686 177.3441254 200.6280968 311.4237113 352.10342 286.6446227 260.8317485 366.700386 58.65239106 247.316333 313.8417407 92.10152873 311.8923243 282.6252041 331.3798947 184.9116362 58.80765845 155.2725409 58.48475421 21.93395953 123.2009 19.31761091 35.21490367 139.779643 73.63665903 43.65638833 97.92221581 15.85348868 45.74631046 29.46476668 92.16047708 56.43527769 35.35264946 0 17.27424192 141.9336145 0 0 0 0 0 30.37892013 0 0 0 0 0 28.97107077 0 0 0 0 0 0 0 0 0 0 0 0 
106.2885622 242.6459449 154.1698627 373.4623458 594.0386788 559.2771463 358.1350708 493.2768946 371.6158985 360.8757091 260.6786844 456.6331756 501.6505667 533.7933426 358.4822802 553.8333246 495.9435212 412.6366503 43.23152505 524.0896662 239.4598875 322.2909848 339.8344443 231.1606234 476.0468508 375.006691 177.7138218 197.563907 706.6126285 420.6827321 392.696082 397.911748 316.15704 146.5510404 273.3836553 276.0504379 375.1747313 219.1093948 398.317068 241.2314001 226.3585775 219.0488582 233.9632433 133.7374886 87.90867396 278.2730795 450.4130316 87.19486577 405.929023 90.70942036 271.3444703 73.7293762 53.59915728 59.32408037 246.904358 0 147.1895839 152.5840032 28.65905803 90.98527116 256.7116097 0 77.38076916 126.5940573 72.60729504 16.71536319 11.50300933 66.17549426 88.54394504 0 0 26.59264873 48.62694275 0 0 0 0 0 0 0 16.64798828 0 0 0 0 0 0 0 0 0 
316.8866005 341.4321586 333.2497278 270.0714366 562.8216887 404.959855 507.2119949 277.6965008 219.6835752 395.5170626 520.9764404 357.2514608 283.699583 315.4016411 477.7854234 323.4340427 472.6137736 503.510413 443.2782832 255.6999793 432.1434731 617.0387686 327.74647 550.9686626 505.6217131 398.0925776 251.6666272 292.7022602 362.1616417 279.7454804 387.0906944 365.4424321 536.8496166 447.2678557 430.0730584 425.3221911 234.4107183 489.5615338 328.4891498 369.0059666 271.7753487 241.7638274 363.6023037 286.2365528 220.7140719 565.8027731 328.5656963 174.2749987 231.3515724 190.5487082 39.07808693 208.7723689 195.0653773 321.1172614 59.20163671 62.76301489 22.81803031 33.88660413 43.88084676 118.2720676 45.73059936 48.48511263 86.19937303 24.79623225 20.42482436 72.55239494 94.88186876 63.77478334 0 150.3500543 49.01302462 76.08396294 0 0 0 102.2210462 9.967199296 0 59.10209473 44.28090045 20.69188947 24.78659294 0 20.50281926 0 0 36.16947625 0 37.05381374 0 
328.9971881 295.5036989 233.6758793 335.6114524 325.4404727 177.2864463 411.6952966 377.8802819 562.1686374 359.0294905 434.8246539 424.8730228 567.4425695 386.3948683 243.1779613 258.2559944 678.3598647 451.5717418 324.838199 384.6568313 482.0640629 354.0510009 308.6249529 489.6801779 436.4223948 302.7277875 581.1583407 208.5336359 348.0389681 618.571233 366.7731877 465.3606836 351.9134218 641.7200278 592.0043566 344.7878489 400.6918809 504.1901203 191.225891 417.4900715 395.0740738 474.272995 390.6532842 356.5193643 234.8058267 219.6503501 429.4897696 355.1531681 142.5640563 279.1854451 435.6488368 152.3714726 133.8823568 25.71104894 272.233993 324.6884395 197.19445 228.9551769 37.52952857 72.06441863 85.45830581 42.29510143 48.67729011 67.016322 58.72880011 65.01282575 41.30228948 64.15658764 56.6726408 105.4906395 27.31284472 76.95684135 29.42694098 66.61392457 92.5920409 37.56423663 26.08000488 0 61.2155061 0 46.52919173 0 0 22.03268581 20.40457561 24.05857887 0 26.92771314 0 0 
248.0849637 259.4593691 201.6472264 328.378626 512.5281055 217.3713269 268.8714869 483.4780648 217.5890471 597.7010297 349.9376125 317.956236 510.0314247 416.2305329 418.2355008 171.2995402 455.7622659 392.8566676 546.952672 371.3221876 447.7426428 774.4804309 304.673112 460.676291 490.7775387 545.3305171 533.2657665 639.7477979 379.7449351 396.6852737 514.8530982 439.6754254 642.8793657 316.3922748 489.0463914 501.3628079 808.8601863 382.0387557 344.9330312 508.5986442 419.5611728 513.5522828 513.3621627 659.0862684 410.1214794 215.6488115 287.5180098 138.9077597 463.739304 245.6480953 465.2033855 310.4706631 256.5291223 510.3096488 246.0622704 129.6967173 134.083334 262.2247307 157.5915515 247.3997148 188.8150037 54.65543911 138.9155754 245.2718044 211.701364 69.88287641 95.66241593 106.1345707 159.0622056 47.21488953 17.16625424 76.10759611 13.5762395 86.7498406 0 20.4408326 32.23086412 28.60287734 0 12.52919544 62.32765309 46.19474199 112.7058847 29.27239226 0 17.46289121 0 0 31.1875335 0 
257.1713265 285.1700925 494.4293159 251.1851268 514.037972 145.8568834 328.7897962 228.758333 387.6938612 338.8135502 454.0405257 663.7801448 244.43831 468.8851075 546.717 333.9386682 429.425728 744.0666544 322.0096215 500.6888188 582.7770278 391.1243569 429.6621123 149.3838508 716.7958348 343.3309896 440.0732817 522.8087702 457.4923293 540.9564088 691.3828918 377.8080809 362.2218298 504.5658016 591.6927723 398.9089894 339.0321212 458.7419131 377.5972277 391.2973762 422.4165628 441.6951225 573.465341 702.9323375 287.0253973 252.8887002 349.2796303 163.4005433 357.677593 303.2883928 252.9620305 393.4529969 196.6511512 266.2719264 106.4462326 290.9488285 101.4588859 209.1864219 175.0133303 203.0671768 231.184071 206.4899187 182.1944314 230.722064 213.1089546 191.460018 84.6937672 139.6568809 0 4.136421392 19.05007062 137.5454375 118.770867 19.92612686 76.23176387 205.8651344 0 71.30820357 84.97004407 101.922169 61.85570628 42.71633326 0 33.87224836 22.85258978 18.47474521 48.11246448 0 72.72141061 0 
271.2069246 399.1287912 339.8053325 233.8290419 372.862117 203.9779623 370.4870802 292.4963014 153.0512927 240.9962724 351.8233816 334.3912966 222.7387352 604.7752072 288.4151829 290.4370405 323.0507305 432.8651407 755.927499 160.1158172 445.6639145 368.9774898 473.8677292 474.796021 454.4258094 411.1313839 303.9654961 428.298462 416.6983831 629.5061206 216.5931883 453.9072798 646.7514219 449.5381136 515.2385853 384.5157287 552.3806442 412.9295997 498.377995 471.1895136 376.2106017 407.0898309 409.2313979 520.9685336 559.1808327 529.3301248 432.6423524 600.1494285 367.5734243 341.4780716 458.8621354 122.8263748 504.9545158 209.6632806 186.513277 666.6899533 539.5417385 475.9154872 122.0027237 158.0705837 303.30078 135.1383111 165.68264 458.4072597 178.6899684 236.5697671 181.1938895 167.665774 165.1048643 83.61406017 88.87561929 142.1841729 47.90914296 85.59725017 168.5954342 161.1183898 105.0506502 53.66540583 24.8286691 69.34656282 65.92927844 68.2318987 39.19480332 80.02239569 88.33433668 97.92636363 0 18.35847004 22.70426276 0 
346.5113478 253.649105 130.5484949 320.9128733 261.25468 246.8383579 171.9147109 227.2584774 211.996329 367.929575 295.4865801 315.0722984 363.280056 296.6239265 260.3515349 471.0018675 464.1920868 258.7350685 356.590852 239.0080505 437.5199572 487.9888588 327.1000271 542.5785518 510.9197082 444.115647 583.2901758 155.4952505 609.8632869 407.0220421 533.2936952 399.7898832 503.6705725 431.7580049 741.4520639 485.2084943 323.6306506 364.9228686 568.252978 455.8957146 807.7879814 506.9688469 422.0369245 624.9703268 476.0582374 478.2135083 393.2862468 435.4569571 535.6800574 306.966776 389.2535951 356.2779304 144.0365181 286.5247254 580.1032467 279.8685577 266.8642886 395.180538 272.4256391 504.5613493 485.0095772 326.6110258 195.0236753 186.4513122 194.9172459 177.8475621 206.7149922 169.707973 116.2113876 101.184296 161.8069591 32.05209155 102.3001334 155.0194474 25.70158843 155.5564104 97.69984664 77.20051516 87.58592339 133.9833848 75.20271358 107.3298995 86.16067879 56.6387731 58.21646749 0 0 67.64699007 0 0 
107.3764286 182.5154337 398.3819193 187.2269471 266.5227062 390.5782636 348.8525769 449.3675117 247.6146744 157.5871336 217.6581474 550.4910795 246.6028476 474.5304678 300.0990857 284.919554 413.2466948 334.1427422 371.2952578 453.9561937 427.5174664 472.612295 638.7977798 323.8184795 269.5881216 535.047773 425.1286228 867.9177337 202.2797383 323.6562555 535.0952765 383.241511 400.4190392 384.8158754 411.2595991 578.2671033 593.3035439 448.9200256 567.7820033 448.9059754 656.9230953 539.8270809 446.9703992 412.537883 462.8806733 561.453815 293.2179182 329.96351 275.7549424 622.5842671 497.8316572 531.9898508 248.8248083 481.8848515 380.1098654 436.5073995 280.3237978 334.8239864 427.8832675 392.5372602 315.1398201 173.4876335 176.4286769 197.4465677 71.0991644 335.9723473 308.8948326 430.9566115 232.7662051 255.1522178 320.7743693 142.1582608 59.96198499 112.4158688 322.5741572 112.609398 230.3316844 251.4194888 28.3518386 105.0644511 275.6325626 65.75362756 80.11476755 35.60521294 72.09822881 0 32.16583957 43.28001187 56.054597 24.64533414 
253.5419665 210.9442183 236.0058032 137.644655 267.1518551 117.0284186 131.0530649 142.7139201 239.8664536 74.49917737 343.063327 119.5584779 281.3748565 303.0342201 319.2136125 305.2240721 383.1539841 233.6179886 238.0953648 108.8878043 360.9483162 471.2152481 250.3934129 395.8242824 541.8495535 328.1296808 471.2385123 296.8161161 381.6984375 462.0217291 278.7917199 573.0330583 641.3950347 579.4514807 174.0809261 353.3526472 495.970965 243.1510272 494.9518497 561.5738515 377.4340108 324.5373206 363.5967979 633.8207069 423.7142069 306.8295755 401.3330674 627.8357756 562.9010142 489.2520986 487.043464 323.6810211 453.2660846 478.1088714 314.813871 372.0182602 474.0627479 552.0485568 383.4446768 908.7580596 356.0270418 362.3528962 293.3407417 242.9926272 451.3039899 113.2795105 254.6654715 238.8485859 340.7855983 391.4626618 251.2102443 393.3640393 279.7338978 333.3348966 117.0751102 169.2617501 190.852394 211.8553423 211.8059592 35.96803371 69.91047436 187.2161367 96.05846204 36.02731494 91.68731894 119.0755704 96.39876335 132.5014174 246.1024449 49.58105678 
362.2420339 333.6617662 215.2626186 171.6456961 216.7877641 109.1091678 367.5678272 329.1874426 332.761294 252.3655879 435.2186609 214.3059501 179.1536049 211.7753745 332.8395231 295.3694898 242.6218457 171.7134136 362.9273652 240.0980289 543.7197872 509.3271476 262.6495334 479.2296868 352.2210228 456.0646183 305.4338658 492.035118 499.6156626 427.0325829 354.1346186 445.8812491 385.0273525 200.4491094 662.2159796 522.0481061 264.2606805 856.0294115 266.2416909 592.0419108 284.6338187 617.5660039 592.5980061 692.2802617 463.5145744 378.4714738 543.2348196 434.9686547 413.7815725 505.9090954 442.0964881 474.0387569 322.3823913 419.924847 521.4526262 420.7482886 409.5764415 398.127156 503.178061 649.1481939 650.3326241 421.0148061 256.4480984 364.9775756 702.987875 430.1099261 278.0665411 390.5783118 631.3929282 224.744636 382.3744265 302.3436477 302.2122062 178.4839591 119.5379045 104.0405869 156.0450768 132.1800185 223.3508692 115.8012938 182.6131488 182.0090785 227.5756141 171.7115138 179.973806 155.6362789 47.25095996 132.2064332 36.41687947 63.12976388 
80.76936064 243.3350445 240.2567692 98.18055612 177.7056821 291.3555779 347.8033656 123.6415875 242.6195505 281.2047067 185.5394622 243.5215069 129.5315949 225.7583926 215.914661 241.7353483 146.5198291 209.7583982 284.8992226 328.5598198 315.4449056 293.7917368 315.4788085 262.5835043 220.8618186 495.3936003 327.1495986 435.5127339 293.4361804 163.8655864 267.5048886 221.5777476 346.5967248 290.5812444 508.9034264 322.1709838 391.8362629 1011.89684 367.7639803 358.6751743 574.89638 628.0070817 627.5516795 414.3319929 546.0812618 400.9954354 246.7600025 199.3237845 367.674258 337.5051039 230.863102 349.1621626 267.1902202 560.1741687 726.5153127 424.8874017 270.3484672 634.0908163 617.7784914 319.9071839 238.8858663 415.3385316 650.6001915 527.7455209 445.6155681 375.226179 296.5305882 523.6227806 196.7358523 273.0611593 506.5572992 238.892214 276.0932802 139.843082 221.8642964 241.9777614 384.1935418 282.1382897 238.1153838 93.918187 104.1800639 82.75427811 217.8701561 171.236752 113.3188214 129.8633109 93.66716028 208.0070633 147.9445047 138.4396742 
193.5859861 190.3613041 108.8968051 67.65515326 208.2774042 186.6573003 247.2386827 140.7945209 184.99329 105.8814175 179.7681298 141.4128863 290.1711947 115.5794028 294.2211638 166.1889583 190.542269 234.3750856 418.8487228 335.3914115 230.9100157 219.9227532 193.0330535 217.2063388 166.3189221 260.2856962 243.593903 379.5008614 205.3153761 382.0931538 386.1178962 191.7040874 400.7146007 342.9750968 453.8579375 363.9936489 510.2682771 437.0181624 310.8552388 545.6436596 556.3977581 803.4941363 588.9621187 411.4970189 452.4540872 232.5146279 387.8272879 634.1208382 607.7759236 390.096106 419.6249437 438.9278877 523.0886214 451.8611555 497.5616601 550.2933262 576.4029702 383.7386783 297.6454064 597.3168571 482.0411138 446.1482935 401.6187784 518.5327155 471.1790341 552.049112 544.6244588 334.5145429 289.1557402 313.6721577 355.2248988 328.5000535 484.7065769 299.7034429 226.4151746 82.263795 325.0422933 401.0437271 309.376121 325.3353922 375.4713195 277.5641413 399.1161401 135.9795133 173.9348043 155.8833865 276.8336709 227.5080343 46.42237911 212.0998387 
74.41846579 254.5176769 167.2715717 108.0484485 290.1564611 216.3907502 127.1025587 320.2054465 123.8473257 261.8182416 153.0636169 298.7736566 302.3807497 270.453134 287.6979409 354.74886 229.8333144 260.1976912 306.5022421 300.6484001 420.111228 239.4334127 225.9668693 307.632845 342.9557809 100.2831743 307.9483142 218.7357047 236.7505258 328.0009072 332.2963287 322.5659365 353.5549953 299.9997444 293.5716192 268.9372719 433.6291277 429.2466372 422.3681303 405.3938941 485.7213933 226.8342943 356.5775863 393.0491516 318.0676197 488.5411686 511.366606 356.9200086 710.3440346 314.8845264 579.3070519 498.5135635 327.0233235 663.101265 234.8357112 428.703915 468.5516674 436.6542418 308.5056758 340.9452317 328.2082434 705.7817466 541.8075841 363.0689159 459.4454463 556.6442827 649.6121523 331.3501065 481.9656701 312.0652262 383.2611293 419.711328 453.1542832 294.1057102 217.6606899 268.7166266 553.8157055 307.2065425 303.2827125 135.5271358 222.5593531 252.8030379 104.9547828 248.5879146 192.8348391 271.7550237 234.8192013 52.99280906 285.4943252 137.3417947 
19.81944453 56.70220663 122.9797246 131.82136 220.4306405 121.2773812 188.9951068 431.8504208 208.4246527 161.8629081 162.1776912 201.8657249 304.5159668 180.045021 172.2100518 304.2030457 123.0452965 315.221044 341.6949794 339.956939 284.419233 272.262189 404.7811463 211.2612158 226.8666445 142.5967627 220.8876371 192.8007193 390.7918583 356.0704642 270.2256925 228.3981342 239.3780157 428.8333029 536.5880456 305.5465152 438.5107488 354.3822454 238.690197 555.2646041 550.8175077 341.7604626 267.2863102 385.6072493 354.7126797 322.9779392 622.9366806 355.5742835 530.0317438 485.9984308 628.4097154 415.7082202 569.5495218 631.2658775 570.0029655 547.0299405 349.9859071 657.4089164 442.915079 481.0499473 308.957754 368.6848715 382.6053669 504.4742585 386.4788845 523.6653332 274.8638185 353.8357217 313.722236 307.9047817 194.6034651 264.3081278 438.031943 267.7752164 295.1445528 250.0734982 298.7677423 400.7168885 240.1019905 355.970878 307.2448082 233.541661 487.3020347 85.87624203 207.700477 274.9947939 39.23607614 162.210609 338.7968466 126.3018557 
156.3557638 229.9952906 308.2236585 95.65168622 221.6656461 137.3529598 48.11994504 323.13531 135.9972744 164.3839069 183.8469769 81.80739244 243.724814 278.7574945 267.0128425 400.4927282 274.0925316 84.16929156 182.7042148 181.4342691 303.796726 221.074114 340.6942196 234.868674 83.31725045 226.674944 69.0038155 179.1697674 264.4614902 242.1862335 296.504889 236.2384308 396.0409314 310.0435793 249.5800085 261.7195018 237.9787071 392.4724124 360.4229557 275.1482298 491.9648977 389.1095699 347.3185479 763.4159979 331.6876295 343.0127934 270.7256083 521.6286638 341.6680068 342.4239851 544.554699 475.1903032 435.9564861 562.3828395 397.3871714 350.727702 548.7778758 599.9515505 258.8319978 387.1089809 690.665765 432.8023468 369.5844327 270.1108081 238.3692541 477.1019613 499.1487599 439.295234 425.7896601 497.431625 428.6963204 387.8742904 330.5258063 391.0647487 594.5761479 356.0967121 199.7608057 411.3466221 365.0055481 310.301826 471.960127 308.1553478 366.5935828 375.7678022 113.4849286 158.3269151 300.0886982 198.9874639 270.8957044 352.900102 
35.37873967 283.3009678 79.94136678 27.16757229 93.93358199 90.16707518 77.95267116 202.703603 277.1257578 191.7347561 97.40264266 212.9303443 145.1233625 227.3792404 119.5921475 248.2099948 227.7042114 277.2983546 239.4202159 258.1263732 112.9015504 141.6622299 174.6014399 182.4556921 269.6164199 301.802082 198.3019083 275.2805436 237.8260982 234.4764673 210.4564984 336.1781357 162.1696573 261.2263953 432.6451877 482.0317664 225.7309045 339.5109018 354.3758207 363.0913299 262.0805756 233.7080047 287.4238495 404.9699864 451.7246359 350.5580229 222.4348246 248.9890305 244.0923086 528.8340003 466.4126768 396.9470898 472.3199279 410.2028961 262.8961444 333.7412871 531.2920341 255.6805469 436.4991939 364.5001027 347.5661824 390.8042114 391.6321198 361.8727506 402.6733877 516.3162021 281.8129318 428.165169 304.9826631 490.6066151 370.7578291 306.4656146 222.8191646 367.7273891 536.4494013 378.2411398 372.8534742 343.698431 344.5610342 393.6000281 334.9197742 274.4437143 506.7307604 476.7979204 306.7217484 268.5844151 254.0479411 342.8200894 82.08735323 388.1666881 
151.4134832 148.8788766 146.2381563 152.5011104 244.2180898 231.4674506 77.07625447 37.28709474 238.6307932 115.0248427 131.1582148 177.7414993 144.288193 160.4857483 126.7902505 381.7587123 245.005825 208.7300754 134.9828796 263.6147982 171.4386021 230.583969 213.0943638 363.4686568 236.1538746 228.6262581 366.4139954 189.9339071 218.3498384 235.1895033 262.5214465 173.8608621 136.8350192 239.4627417 188.1476932 319.4731564 539.2274792 161.4605435 483.1517852 248.5883041 376.6952282 275.0016738 441.0636431 370.0333013 318.4141764 173.5601081 226.9965466 170.9495673 180.2268336 247.1980537 233.2682016 205.9265827 347.0143526 167.1040479 326.2324915 329.2400734 434.5246184 341.1998298 404.8860533 423.1370979 317.6158081 532.8037388 360.37374 340.4070583 345.7175793 268.3946032 442.6788358 599.2386175 714.5511687 242.1081185 224.4996046 138.4525072 369.4788297 369.8418223 341.4936435 609.9045233 486.527429 465.2612448 267.9656107 484.8646299 371.0626308 395.4941267 398.2230013 346.5927463 373.8276917 273.8946849 401.1670337 548.8776887 243.7366755 145.3808722 
169.3842002 60.55199147 185.708493 225.5848721 52.17783349 256.0135794 196.6298787 52.36675801 301.4106477 167.5187107 40.86714025 120.3128275 122.4165178 80.5801719 339.1941711 93.92096385 129.0554918 100.6072262 235.2530428 145.4371093 315.6583638 112.3168766 137.6785246 134.0187139 295.1123173 286.4205537 155.207253 495.0534223 146.6410444 314.0098194 284.0622322 235.8844392 129.1438678 129.602628 501.5404305 277.006222 305.1741226 256.1589405 435.9663054 359.8855131 314.0432424 331.2010019 359.778382 179.9532838 280.9077192 247.3731445 193.5187745 492.9282452 214.2350973 466.6802006 452.122966 393.7035468 321.4620707 155.2914406 322.0018219 356.0727976 212.6401097 467.2864916 467.4211208 236.8493676 643.2301847 435.5193103 192.247737 540.2567793 522.5398972 329.392579 293.4718157 372.6268351 391.011198 469.2089373 234.0236963 455.4667718 402.9930846 236.4678831 562.1714117 444.941204 118.5050411 234.205708 610.8572977 375.9014102 289.4660994 736.0706828 278.7930644 190.2144812 281.661862 475.0253553 338.9411499 235.9009599 726.26886 302.5228132 
58.94184159 105.2859908 184.5181923 80.90010019 65.31820853 175.3469432 176.3452701 120.8243403 156.8765153 119.7605687 193.4726893 94.46192535 163.6935449 37.0405899 326.2837124 200.3379708 267.5360813 149.5357059 61.77656098 60.86598849 92.5477283 188.3617139 291.0721227 220.0749193 180.4981511 253.0220102 332.6977261 246.563896 213.9689874 364.3133752 303.8543137 203.1114171 214.2226063 530.510629 706.6658805 227.3445762 281.6763386 254.0058399 460.9820278 182.3436002 359.2521214 322.627494 120.9271826 307.8835431 222.8105548 196.4998885 324.7297073 345.6319342 274.8224503 350.344925 167.8253111 208.640275 180.5820068 302.0251022 125.7701444 556.6922802 341.2585263 399.893621 192.1645614 314.998964 220.3092173 366.9889352 641.1503221 287.2151238 459.6859223 549.4913601 256.2680054 460.5266049 317.6618512 528.147471 535.032086 546.3386199 328.84848 514.0615466 271.8266914 355.8229665 626.0387746 234.0026321 383.0453318 331.6286906 477.4188457 331.1785826 315.6334304 390.6172245 457.9496168 70.13237899 512.3304412 472.4563967 89.94653332 277.2506439 
40.40514844 145.4399765 96.45922304 99.01754434 106.9181772 95.92239596 195.718838 117.6513056 72.13126735 283.051738 142.8020428 231.3314468 110.1581929 246.10735 168.3306309 315.4417946 137.3493364 104.6856293 125.3798427 149.5269107 94.09314115 172.6967942 106.175878 318.6118175 108.1605661 66.95848761 25.0253526 93.65826264 248.1244294 50.37929894 375.4047726 214.5937822 122.054478 78.13558994 276.1281867 91.08857508 367.5604097 330.0576559 306.2446421 244.360215 172.6317164 259.8813631 72.74761408 225.1794926 284.1383092 237.3302718 360.8951885 202.2592583 124.3008037 96.3273733 255.1638947 540.3837467 261.8410424 256.1104101 136.3711681 355.8769276 382.618713 259.0558945 436.573014 317.9805713 146.4428639 321.0389861 384.0174101 281.3382856 386.6803035 252.7902901 245.2809621 330.6995665 293.4677657 431.4154558 255.68625 200.9119495 483.7505355 232.5954275 572.2772494 152.1507929 258.7084668 364.7648774 319.4688182 378.922676 558.8511973 258.4783759 331.9645353 501.4448263 499.9853026 303.8273914 318.0035698 286.7835684 216.8315523 363.8365902 
# Errors [psd_monitor6/analyser6_psd.dat] I_err:
0 0 0 0 0 0 0 0 0 0 0 0 0 0 0 0 0 0 0 0 0 0 0 0 0 0 0 0 0 0 0 0 0 0 0 0 0 0 0 0 0 0 0 0 0 0 0 0 0 0 0 0 0 0 0 0 0 0 0 0 0 0 0 0 0 0 0 0 0 0 0 0 0 0 0 0 0 0 0 0 0 0 0 0 0 0 0 0 0 0 
0 0 0 0 0 0 0 0 0 0 0 0 0 0 0 0 0 0 0 0 0 0 0 0 0 0 0 0 0 0 0 0 0 0 0 0 0 0 0 0 0 0 0 0 0 0 0 0 0 0 0 0 0 0 0 0 0 0 0 0 0 0 0 0 0 0 0 0 0 0 0 0 0 0 0 0 0 0 0 0 0 0 0 0 0 0 0 0 0 0 
0 0 0 0 0 0 0 0 0 0 0 0 0 0 0 0 0 0 0 0 0 0 0 0 0 0 0 0 0 0 0 0 0 0 0 0 0 0 0 0 0 0 0 0 0 0 0 0 0 0 0 0 0 0 0 0 0 0 0 0 0 0 0 0 0 0 0 0 0 0 0 0 0 0 0 0 0 0 0 0 0 0 0 0 0 0 0 0 0 0 
0 0 0 0 0 0 0 0 0 0 0 0 0 0 0 0 0 0 0 0 0 0 0 0 0 0 0 0 0 0 0 0 0 0 0 0 0 0 0 0 0 0 0 0 0 0 0 0 0 0 0 0 0 0 0 0 0 0 0 0 0 0 0 0 0 0 0 0 0 0 0 0 0 0 0 0 0 0 0 0 0 0 0 0 0 0 0 0 0 0 
0 0 0 0 0 0 0 0 0 0 0 0 0 0 0 0 0 0 0 0 0 0 0 0 0 0 0 0 0 0 0 0 0 0 0 0 0 0 0 0 0 0 0 0 0 0 0 0 0 0 0 0 0 0 0 0 0 0 0 0 0 0 0 0 0 0 0 0 0 0 0 0 0 0 0 0 0 0 0 0 0 0 0 0 0 0 0 0 0 0 
0 0 0 0 0 0 0 0 0 0 0 0 0 0 0 0 0 0 0 0 0 0 0 0 0 0 0 0 0 0 0 0 0 0 0 0 0 0 0 0 0 0 0 0 0 0 0 0 0 0 0 0 0 0 0 0 0 0 0 0 0 0 0 0 0 0 0 0 0 0 0 0 0 0 0 0 0 0 0 0 0 0 0 0 0 0 0 0 0 0 
0 0 0 0 0 0 0 0 0 0 0 0 0 0 0 0 0 0 0 0 0 0 0 0 0 0 0 0 0 0 0 0 0 0 0 0 0 0 0 0 0 0 0 0 0 0 0 0 0 0 0 0 0 0 0 0 0 0 0 0 0 0 0 0 0 0 0 0 0 0 0 0 0 0 0 0 0 0 0 0 0 0 0 0 0 0 0 0 0 0 
0 0 0 0 0 0 0 0 0 0 0 0 0 0 0 0 0 0 0 0 0 0 0 0 0 0 0 0 0 0 0 0 0 0 0 0 0 0 0 0 0 0 0 0 0 0 0 0 0 0 0 0 0 0 0 0 0 0 0 0 0 0 0 0 0 0 0 0 0 0 0 0 0 0 0 0 0 0 0 0 0 0 0 0 0 0 0 0 0 0 
0 0 0 0 0 0 0 0 0 0 0 0 0 0 0 0 0 0 0 0 0 0 0 0 0 0 0 0 0 0 0 0 0 0 0 0 0 0 0 0 0 0 0 0 0 0 0 0 0 0 0 0 0 0 0 0 0 0 0 0 0 0 0 0 0 0 0 0 0 0 0 0 0 0 0 0 0 0 0 0 0 0 0 0 0 0 0 0 0 0 
0 0 0 0 0 0 0 0 0 0 0 0 0 0 0 0 0 0 0 0 0 0 0 0 0 0 0 0 0 0 0 0 0 0 0 0 0 0 0 0 0 0 0 0 0 0 0 0 0 0 0 0 0 0 0 0 0 0 0 0 0 0 0 0 0 0 0 0 0 0 0 0 0 0 0 0 0 0 0 0 0 0 0 0 0 0 0 0 0 0 
0 0 0 0 0 0 0 0 0 0 0 0 0 0 0 0 0 0 0 0 0 0 0 0 0 0 0 0 0 0 0 0 0 0 0 0 0 0 0 0 0 0 0 0 0 0 0 0 0 0 0 0 0 0 0 0 0 0 0 0 0 0 0 0 0 0 0 0 0 0 0 0 0 0 0 0 0 0 0 0 0 0 0 0 0 0 0 0 0 0 
0 0 0 0 0 0 0 0 0 0 0 0 0 0 0 0 0 0 0 0 0 0 0 0 0 0 0 0 0 0 0 0 0 0 0 0 0 0 0 0 0 0 0 0 0 0 0 0 0 0 0 0 0 0 0 0 0 0 0 0 0 0 0 0 0 0 0 0 0 0 0 0 0 0 0 0 0 0 0 0 0 0 0 0 0 0 0 0 0 0 
0 0 0 0 0 0 0 0 0 0 0 0 0 0 0 0 0 0 0 0 0 0 0 0 0 0 0 0 0 0 0 0 0 0 0 0 0 0 0 0 0 0 0 0 0 0 0 0 0 0 0 0 0 0 0 0 0 0 0 0 0 0 0 0 0 0 0 0 0 0 0 0 0 0 0 0 0 0 0 0 0 0 0 0 0 0 0 0 0 0 
0 0 0 0 0 0 0 0 0 0 0 0 0 0 0 0 0 0 0 0 0 0 0 0 0 0 0 0 0 0 0 0 0 0 0 0 0 0 0 0 0 0 0 0 0 0 0 0 0 0 0 0 0 0 0 0 0 0 0 0 0 0 0 0 0 0 0 0 0 0 0 0 0 0 0 0 0 0 0 0 0 0 0 0 0 0 0 0 0 0 
0 0 0 0 0 0 0 0 0 0 0 0 0 0 0 0 0 0 0 0 0 0 0 0 0 0 0 0 0 0 0 0 0 0 0 0 0 0 0 0 0 0 0 0 0 0 0 0 0 0 0 0 0 0 0 0 0 0 0 0 0 0 0 0 0 0 0 0 0 0 0 0 0 0 0 0 0 0 0 0 0 0 0 0 0 0 0 0 0 0 
0 0 0 0 0 0 0 0 0 0 0 0 0 0 0 0 0 0 0 0 0 0 0 0 0 0 0 0 0 0 0 0 0 0 0 0 0 0 0 0 0 0 0 0 0 0 0 0 0 0 0 0 0 0 0 0 0 0 0 0 0 0 0 0 0 0 0 0 0 0 0 0 0 0 0 0 0 0 0 0 0 0 0 0 0 0 0 0 0 0 
0 0 0 0 0 0 0 0 0 0 0 0 0 0 0 0 0 0 0 0 0 0 0 0 0 0 0 0 0 0 0 0 0 0 0 0 0 0 0 0 0 0 0 0 0 0 0 0 0 0 0 0 0 0 0 0 0 0 0 0 0 0 0 0 0 0 0 0 0 0 0 0 0 0 0 0 0 0 0 0 0 0 0 0 0 0 0 0 0 0 
0 0 0 0 0 0 0 0 0 0 0 0 0 0 0 0 0 0 0 0 0 0 0 0 0 0 0 0 0 0 0 0 0 0 0 0 0 0 0 0 0 0 0 0 0 0 0 0 0 0 0 0 0 0 0 0 0 0 0 0 0 0 0 0 0 0 0 0 0 0 0 0 0 0 0 0 0 0 0 0 0 0 0 0 0 0 0 0 0 0 
0 0 0 0 0 0 0 0 0 0 0 0 0 0 0 0 0 0 0 0 0 0 0 0 0 0 0 0 0 0 0 0 0 0 0 0 0 0 0 0 0 0 0 0 0 0 0 0 0 0 0 0 0 0 0 0 0 0 0 0 0 0 0 0 0 0 0 0 0 0 0 0 0 0 0 0 0 0 0 0 0 0 0 0 0 0 0 0 0 0 
0 0 0 0 0 0 0 0 0 0 0 0 0 0 0 0 0 0 0 0 0 0 0 0 0 0 0 0 0 0 0 0 0 0 0 0 0 0 0 0 0 0 0 0 0 0 0 0 0 0 0 0 0 0 0 0 0 0 0 0 0 0 0 0 0 0 0 0 0 0 0 0 0 0 0 0 0 0 0 0 0 0 0 0 0 0 0 0 0 0 
0 0 0 0 0 0 0 0 0 0 0 0 0 0 0 0 0 0 0 0 0 0 0 0 0 0 0 0 0 0 0 0 0 0 0 0 0 0 0 0 0 0 0 0 0 0 0 0 0 0 0 0 0 0 0 0 0 0 0 0 0 0 0 0 0 0 0 0 0 0 0 0 0 0 0 0 0 0 0 0 0 0 0 0 0 0 0 0 0 0 
0 0 0 0 0 0 0 0 0 0 0 0 0 0 0 0 0 0 0 0 0 0 0 0 0 0 0 0 0 0 0 0 0 0 0 0 0 0 0 0 0 0 0 0 0 0 0 0 0 0 0 0 0 0 0 0 0 0 0 0 0 0 0 0 0 0 0 0 0 0 0 0 0 0 0 0 0 0 0 0 0 0 0 0 0 0 0 0 0 0 
0 0 0 0 0 0 0 0 0 0 0 0 0 0 0 0 0 0 0 0 0 0 0 0 0 0 0 0 0 0 0 0 0 0 0 0 0 0 0 0 0 0 0 0 0 0 0 0 0 0 0 0 0 0 0 0 0 0 0 0 0 0 0 0 0 0 0 0 0 0 0 0 0 0 0 0 0 0 0 0 0 0 0 0 0 0 0 0 0 0 
0 0 0 0 0 0 0 0 0 0 0 0 0 0 0 0 0 0 0 0 0 0 0 0 0 0 0 0 0 0 0 0 0 0 0 0 0 0 0 0 0 0 0 0 0 0 0 0 0 0 0 0 0 0 0 0 0 0 0 0 0 0 0 0 0 0 0 0 0 0 0 0 0 0 0 0 0 0 0 0 0 0 0 0 0 0 0 0 0 0 
0 0 0 0 0 0 0 0 0 0 0 0 0 0 0 0 0 0 0 0 0 0 0 0 0 0 0 0 0 0 0 0 0 0 0 0 0 0 0 0 0 0 0 0 0 0 0 0 0 0 0 0 0 0 0 0 0 0 0 0 0 0 0 0 0 0 0 0 0 0 0 0 0 0 0 0 0 0 0 0 0 0 0 0 0 0 0 0 0 0 
0 0 0 0 0 0 0 0 0 0 0 0 0 0 0 0 0 0 0 0 0 0 0 0 0 0 0 0 0 0 0 0 0 0 0 0 0 0 0 0 0 0 0 0 0 0 0 0 0 0 0 0 0 0 0 0 0 0 0 0 0 0 0 0 0 0 0 0 0 0 0 0 0 0 0 0 0 0 0 0 0 0 0 0 0 0 0 0 0 0 
0 0 0 0 0 0 0 0 0 0 0 0 0 0 0 0 0 0 0 0 0 0 0 0 0 0 0 0 0 0 0 0 0 0 0 0 0 0 0 0 0 0 0 0 0 0 0 0 0 0 0 0 0 0 0 0 0 0 0 0 0 0 0 0 0 0 0 0 0 0 0 0 0 0 0 0 0 0 0 0 0 0 0 0 0 0 0 0 0 0 
0 0 0 0 0 0 0 0 0 0 0 0 0 0 0 0 0 0 0 0 0 0 0 0 0 0 0 0 0 0 0 0 0 0 0 0 0 0 0 0 0 0 0 0 0 0 0 0 0 0 0 0 0 0 0 0 0 0 0 0 0 0 0 0 0 0 0 0 0 0 0 0 0 0 0 0 0 0 0 0 0 0 0 0 0 0 0 0 0 0 
0 0 0 0 0 0 0 0 0 0 0 0 0 0 0 0 0 0 0 0 0 0 0 0 0 0 0 0 0 0 0 0 0 0 0 0 0 0 0 0 0 0 0 0 0 0 0 0 0 0 0 0 0 0 0 0 0 0 0 0 0 0 0 0 0 0 0 0 0 0 0 0 0 0 0 0 0 0 0 0 0 0 0 0 0 0 0 0 0 0 
0 0 0 0 0 0 0 0 0 0 0 0 0 0 0 0 0 0 0 0 0 0 0 0 0 0 0 0 0 0 0 0 0 0 0 0 0 0 0 0 0 0 0 0 0 0 0 0 0 0 0 0 0 0 0 0 0 0 0 0 0 0 0 0 0 0 0 0 0 0 0 0 0 0 0 0 0 0 0 0 0 0 0 0 0 0 0 0 0 0 
0 0 0 0 0 0 0 0 0 0 0 0 0 0 0 0 0 0 0 0 0 0 0 0 0 0 0 0 0 0 0 0 0 0 0 0 0 0 0 0 0 0 0 0 0 0 0 0 0 0 0 0 0 0 0 0 0 0 0 0 0 0 0 0 0 0 0 0 0 0 0 0 0 0 0 0 0 0 0 0 0 0 0 0 0 0 0 0 0 0 
0 0 0 0 0 0 0 0 0 0 0 0 0 0 0 0 0 0 0 0 0 0 0 0 0 0 0 0 0 0 0 0 0 0 0 0 0 0 0 0 0 0 0 0 0 0 0 0 0 0 0 0 0 0 0 0 0 0 0 0 0 0 0 0 0 0 0 0 0 0 0 0 0 0 0 0 0 0 0 0 0 0 0 0 0 0 0 0 0 0 
0 0 0 0 0 0 0 0 0 0 0 0 0 0 0 0 0 0 0 0 0 0 0 0 0 0 0 0 0 0 0 0 0 0 0 0 0 0 0 0 0 0 0 0 0 0 0 0 0 0 0 0 0 0 0 0 0 0 0 0 0 0 0 0 0 0 0 0 0 0 0 0 0 0 0 0 0 0 0 0 0 0 0 0 0 0 0 0 0 0 
0 0 0 0 0 0 0 0 0 0 0 0 0 0 0 0 0 0 0 0 0 0 0 0 0 0 0 0 0 0 0 0 0 0 0 0 0 0 0 0 0 0 0 0 0 0 0 0 0 0 0 0 0 0 0 0 0 0 0 0 0 0 0 0 0 0 0 0 0 0 0 0 0 0 0 0 0 0 0 0 0 0 0 0 0 0 0 0 0 0 
0 0 0 0 0 0 0 0 0 0 0 0 0 0 0 0 0 0 0 0 0 0 0 0 0 0 0 0 0 0 0 0 0 0 0 0 0 0 0 0 0 0 0 0 0 0 0 0 0 0 0 0 0 0 0 0 0 0 0 0 0 0 0 0 0 0 0 0 0 0 0 0 0 0 0 0 0 0 0 0 0 0 0 0 0 0 0 0 0 0 
0 0 0 0 0 0 0 0 0 0 0 0 0 0 0 0 0 0 0 0 0 0 0 0 0 0 0 0 0 0 0 0 0 0 0 0 0 0 0 0 0 0 0 0 0 0 0 0 0 0 0 0 0 0 0 0 0 0 0 0 0 0 0 0 0 0 0 0 0 0 0 0 0 0 0 0 0 0 0 0 0 0 0 0 0 0 0 0 0 0 
0 0 0 0 0 0 0 0 0 0 0 0 0 0 0 0 0 0 0 0 0 0 0 0 0 0 0 0 0 0 0 0 0 0 0 0 0 0 0 0 0 0 0 0 0 0 0 0 0 0 0 0 0 0 0 0 0 0 0 0 0 0 0 0 0 0 0 0 0 0 0 0 0 0 0 0 0 0 0 0 0 0 0 0 0 0 0 0 0 0 
0 0 0 0 0 0 0 0 0 0 0 0 0 0 0 0 0 0 0 0 0 0 0 0 0 0 0 0 0 0 0 0 0 0 0 0 0 0 0 0 0 0 0 0 0 0 0 0 0 0 0 0 0 0 0 0 0 0 0 0 0 0 0 0 0 0 0 0 0 0 0 0 0 0 0 0 0 0 0 0 0 0 0 0 0 0 0 0 0 0 
0 0 0 0 0 0 0 0 0 0 0 0 0 0 0 0 0 0 0 0 0 0 0 0 0 0 0 0 0 0 0 0 0 0 0 0 0 0 0 0 0 0 0 0 0 0 0 0 0 0 0 0 0 0 0 0 0 0 0 0 0 0 0 0 0 0 0 0 0 0 0 0 0 0 0 0 0 0 0 0 0 0 0 0 0 0 0 0 0 0 
0 0 0 0 0 0 0 0 0 0 0 0 0 0 0 0 0 0 0 0 0 0 0 0 0 0 0 0 0 0 0 0 0 0 0 0 0 0 0 0 0 0 0 0 0 0 0 0 0 0 0 0 0 0 0 0 0 0 0 0 0 0 0 0 0 0 0 0 0 0 0 0 0 0 0 0 0 0 0 0 0 0 0 0 0 0 0 0 0 0 
0 0 0 0 0 0 0 0 0 0 0 0 0 0 0 0 0 0 0 0 0 0 0 0 0 0 0 0 0 0 0 0 0 0 0 0 0 0 0 0 0 0 0 0 0 0 0 0 0 0 0 0 0 0 0 0 0 0 0 0 0 0 0 0 0 0 0 0 0 0 0 0 0 0 0 0 0 0 0 0 0 0 0 0 0 0 0 0 0 0 
0 0 0 0 0 0 0 0 0 0 0 0 0 0 0 0 0 0 0 0 0 0 0 0 0 0 0 0 0 0 0 0 0 0 0 0 0 0 0 0 0 0 0 0 0 0 0 0 0 0 0 0 0 0 0 0 0 0 0 0 0 0 0 0 0 0 0 0 0 0 0 0 0 0 0 0 0 0 0 0 0 0 0 0 0 0 0 0 0 0 
0 0 0 0 0 0 0 0 0 0 0 0 0 0 0 0 0 0 0 0 0 0 0 0 0 0 0 0 0 0 0 0 0 0 0 0 0 0 0 0 0 0 0 0 0 0 0 0 0 0 0 0 0 0 0 0 0 0 0 0 0 0 0 0 0 0 0 0 0 0 0 0 0 0 0 0 0 0 0 0 0 0 0 0 0 0 0 0 0 0 
0 0 0 0 0 0 0 0 0 0 0 0 0 0 0 0 0 0 0 0 0 0 0 0 0 0 0 0 0 0 0 0 0 0 0 0 0 0 0 0 0 0 0 0 0 0 0 0 0 0 0 0 0 0 0 0 0 0 0 0 0 0 0 0 0 0 0 0 0 0 0 0 0 0 0 0 0 0 0 0 0 0 0 0 0 0 0 0 0 0 
0 0 0 0 0 0 0 0 0 0 0 0 0 0 0 0 0 0 0 0 0 0 0 0 0 0 0 0 0 0 0 0 0 0 0 0 0 0 0 0 0 0 0 0 0 0 0 0 0 0 0 0 0 0 0 0 0 0 0 0 0 0 0 0 0 0 0 0 0 0 0 0 0 0 0 0 0 0 0 0 0 0 0 0 0 0 0 0 0 0 
0 0 0 0 0 0 0 0 0 0 0 0 0 0 0 0 0 0 0 0 0 0 0 0 0 0 0 0 0 0 0 0 0 0 0 0 0 0 0 0 0 0 0 0 0 0 0 0 0 0 0 0 0 0 0 0 0 0 0 0 0 0 0 0 0 0 0 0 0 0 0 0 0 0 0 0 0 0 0 0 0 0 0 0 0 0 0 0 0 0 
11.04435728 0 0 0 0 0 0 0 0 0 0 0 0 0 0 0 0 0 0 0 0 0 0 0 0 0 0 0 0 0 0 0 0 0 0 0 0 0 0 0 0 0 0 0 0 0 0 0 0 0 0 0 0 0 0 0 0 0 0 0 0 0 0 0 0 0 0 0 0 0 0 0 0 0 0 0 0 0 0 0 0 0 0 0 0 0 0 0 0 0 
0 0 0 0 0 0 0 0 0 0 0 0 0 0 0 0 0 0 0 0 0 0 0 0 0 0 0 0 0 0 0 0 0 0 0 0 0 0 0 0 0 0 0 0 0 0 0 0 0 0 0 0 0 0 0 0 0 0 0 0 0 0 0 0 0 0 0 0 0 0 0 0 0 0 0 0 0 0 0 0 0 0 0 0 0 0 0 0 0 0 
0 0 0 0 0 0 0 0 0 0 0 0 0 0 0 0 0 0 0 0 0 0 0 0 0 0 0 0 0 0 0 0 0 0 0 0 0 0 0 0 0 0 0 0 0 0 0 0 0 0 0 0 0 0 0 0 0 0 0 0 0 0 0 0 0 0 0 0 0 0 0 0 0 0 0 0 0 0 0 0 0 0 0 0 0 0 0 0 0 0 
0 0 0 0 0 0 0 0 0 0 0 0 10.00596363 0 0 0 0 0 0 0 0 0 0 0 0 0 0 0 0 0 0 0 0 0 0 0 0 0 0 0 0 0 0 0 0 0 0 0 0 0 0 0 0 0 0 0 0 0 0 0 0 0 0 0 0 0 0 0 0 0 0 0 0 0 0 0 0 0 0 0 0 0 0 0 0 0 0 0 0 0 
0 25.43085604 0 0 36.949222 0 0 0 0 0 20.27871591 0 0 0 0 0 0 0 0 0 0 0 0 0 0 0 0 0 0 0 0 0 0 0 0 0 0 0 0 0 0 0 0 0 0 0 0 0 0 0 0 0 0 0 0 0 0 0 0 0 0 0 0 0 0 0 0 0 0 0 0 0 0 0 0 0 0 0 0 0 0 0 0 0 0 0 0 0 0 0 
0 0 0 0 0 0 0 64.46849746 0 0 0 7.83962811 0 0 0 0 0 0 0 0 0 0 0 0 0 0 0 0 0 0 0 0 0 0 0 0 0 0 0 0 0 0 0 0 0 0 0 0 0 0 0 0 0 0 0 0 0 0 0 0 0 0 0 0 0 0 0 0 0 0 0 0 0 0 0 0 0 0 0 0 0 0 0 0 0 0 0 0 0 0 
28.48170533 26.77172924 0 24.02338218 0 0 0 2.790127029 0 11.23857099 0 23.14790877 59.21608314 0 0 0 0 0 0 0 0 0 0 0 0 0 0 0 0 0 0 0 0 0 0 0 0 0 0 0 0 0 0 0 0 0 0 0 0 0 0 0 0 0 0 0 0 0 0 0 0 0 0 0 0 0 0 0 0 0 0 0 0 0 0 0 0 0 0 0 0 0 0 0 0 0 0 0 0 0 
0 30.37591604 0 25.99144794 0 0 39.69567892 0 0 20.75751263 18.80173754 35.69164829 0 5.715988762 0 43.63398188 0 0 0 0 0 0 0 0 0 0 0 0 0 0 0 0 0 0 0 0 0 0 0 0 60.9919569 0 0 0 0 0 0 0 0 0 0 0 0 0 0 0 0 0 0 0 0 0 0 0 0 0 0 0 0 0 0 0 0 0 0 0 0 0 0 0 0 0 0 0 0 0 0 0 0 0 
7.447754598 40.74536484 19.19032678 120.1983915 0 22.83174261 9.708518298 0 0 0 15.28372542 0 0 24.58186734 0 9.090600954 0 0 0 0 0 0 0 0 0 0 0 0 0 0 0 0 0 0 0 0 0 0 0 0 0 0 0 0 0 0 0 0 0 0 0 0 0 0 0 0 0 0 0 0 0 0 0 0 0 0 0 0 0 0 0 0 0 0 0 0 0 0 0 0 0 0 0 0 0 0 0 0 0 0 
24.04279624 55.52993223 48.34192733 0 39.14115653 23.42606134 38.2177301 23.84033266 23.71360901 11.60253236 0 0 0 0 0 20.205906 0 0 0 0 13.13248673 0 0 0 0 21.90103341 0 0 0 0 0 0 0 0 0 0 0 0 0 0 0 0 0 0 0 0 0 0 0 0 0 0 0 0 0 0 0 0 0 0 0 0 0 0 0 0 0 0 0 0 0 0 0 0 0 0 0 0 0 0 0 0 0 0 0 0 0 0 0 0 
0 57.71420726 4.588747505 23.77219799 40.94763078 0 40.09507573 19.66178014 27.56814726 99.35221622 22.95112709 0 0 0 16.15585421 12.41311782 9.512656816 0 0 19.79314592 16.8485463 0 17.64124366 0 0 0 0 0 54.84807411 25.13779327 0 48.97744989 0 0 0 0 0 0 0 0 0 0 0 0 0 0 0 0 0 0 0 0 0 0 0 0 0 0 0 0 0 0 0 0 0 0 0 0 0 0 0 0 0 0 0 0 0 0 0 0 0 0 0 0 0 0 0 0 0 0 
81.77310718 66.63794671 51.70858936 56.39694283 38.3515891 33.84524818 0 30.77984455 24.68634173 27.32964798 89.56612759 14.13313071 57.97248042 95.701984 40.17388325 19.83396986 71.37892574 24.453151 6.530403592 0 0 0 15.79491917 15.74251621 45.493168 22.66059258 0 0 0 0 0 0 0 17.22625528 0 0 0 0 0 0 0 0 0 8.565787922 0 0 28.18386278 0 0 0 0 0 0 0 0 0 0 0 0 0 0 0 0 0 0 0 0 0 0 0 0 0 0 0 0 0 0 0 0 0 0 0 0 0 0 0 0 0 0 0 
22.1650423 90.56386602 124.4399605 38.30883325 32.53894744 52.94833439 68.61864366 85.94395297 24.47134895 28.2999219 81.14229942 71.38647147 106.6163875 86.85314923 0 76.45080701 0 18.71402806 0 92.89334366 74.20463758 84.26724917 0 19.17637423 0 35.33159877 0 14.19273695 0 0 43.98903993 0 0 0 0 0 0 0 0 0 0 0 0 0 0 0 0 0 0 59.42078939 0 0 0 0 0 0 0 0 0 0 0 0 0 0 0 0 0 0 0 0 0 0 0 0 0 0 0 0 0 0 0 0 0 0 0 0 0 0 0 0 
33.87277822 78.76928599 93.41155053 12.05996031 27.71193297 53.68753084 19.77825942 36.59353602 25.38293386 90.83142008 76.66655682 32.21062142 48.67288462 20.36339269 30.90322861 33.45228725 0 35.32877254 102.2303952 22.48386846 70.48930074 0 79.61803789 0 27.31525812 51.34839999 6.865109958 0 18.87864592 0 36.53681666 3.396275384 0 30.60355501 5.569184526 0 0 14.95032999 28.63553192 0 0 17.95946644 0 0 0 10.30770761 0 0 0 0 0 0 0 0 0 0 0 0 0 0 0 0 0 0 0 0 0 0 0 0 0 0 0 0 0 0 0 0 0 0 0 0 0 0 0 0 0 0 0 0 
97.17134808 83.88093388 38.93449693 65.50816116 53.3093807 46.558536 79.55736203 99.66146932 32.76324983 42.01776387 42.91337991 66.6220415 85.16609315 31.26421965 21.24781507 74.6782034 51.92498966 27.52834052 33.02155315 41.03510474 33.2918129 45.37385447 27.41292713 31.14009363 23.46752644 31.46362981 81.59628311 0 0 82.91224908 0 35.97747403 23.59605384 21.25896962 15.03294897 0 11.65362069 0 0 0 0 0 0 0 0 0 0 0 0 0 0 0 0 0 0 0 0 0 0 0 0 0 0 0 0 0 0 0 0 0 0 0 0 0 0 0 0 0 0 0 0 0 0 0 0 0 0 0 0 0 
87.84878278 131.7732978 111.1024545 87.62773785 91.13534102 99.22511411 69.82529755 65.30601124 106.6282119 111.7960048 116.387288 109.2911884 103.7217091 81.8844308 68.95200962 104.2861025 43.8029497 98.28875386 95.06323054 35.13292564 32.39955326 88.04926343 71.98566671 99.33474082 42.59957672 33.50427452 79.62244709 78.55288704 29.60771871 72.48180775 34.69212971 22.67273358 75.14934262 28.52773945 29.97677917 0 23.75831858 0 15.93255885 16.43731234 16.84795257 0 0 0 9.103112191 0 25.61511743 0 0 0 0 0 0 0 0 0 0 0 0 0 0 0 0 0 0 0 0 0 0 0 0 0 0 0 0 0 0 0 0 0 0 0 0 0 0 0 0 0 0 0 
76.25905775 83.9566659 134.9420335 57.64605687 92.07463945 45.56904888 115.7397621 74.90275945 83.20546122 82.9245157 62.81305561 75.11406474 57.82604502 72.25221514 75.31157778 111.8580203 61.98652889 57.51798272 91.3582951 47.52146181 60.55147796 93.32641225 39.89317434 80.78528713 42.76543495 57.3657429 0 91.00612078 28.00426866 29.49040981 91.40187053 29.21807519 87.32286164 65.62053438 18.50663903 0 0 0 63.55130429 15.48896029 0 0 25.06399036 13.13406973 0 0 9.219362269 49.82318147 0 0 22.9158799 0 0 0 0 0 0 0 0 0 0 0 0 0 0 0 0 0 0 0 0 0 0 0 0 0 0 0 0 0 0 0 0 0 0 0 0 0 0 0 
136.8645188 114.5021672 122.5945574 104.4837862 89.49090363 121.8361132 101.127015 93.31227897 56.01196239 77.54476767 136.6915585 109.777746 149.6406227 72.62664203 75.0447841 85.45616647 119.792251 105.3285117 72.28970053 87.81602059 79.16001897 39.8153115 18.24181834 79.99217885 43.00516969 63.61452803 70.103195 83.01255305 23.76425591 46.59079146 95.76120858 26.51531861 45.60692897 0 0 72.08324229 25.53081536 26.34365902 39.55741851 25.94024054 35.18524342 68.28811702 0 7.463979614 21.11673505 17.04062928 61.1081407 0 13.97009651 0 0 0 0 0 25.12560616 0 0 22.90056474 0 0 0 0 0 0 0 0 0 0 0 0 0 0 0 0 0 0 0 0 0 0 0 0 0 0 0 0 0 0 0 0 
93.99298264 94.16991507 93.34705803 94.33296394 138.2089617 107.3140189 95.99106208 80.31621365 99.137871 49.19132224 117.5515166 95.09854029 99.76079285 116.5429808 108.2290428 110.4849121 91.36474774 152.7841586 126.6014031 88.47159954 100.689855 113.6239861 75.00144419 66.6915179 89.30802543 88.57399018 71.68188815 89.04877469 72.53496421 88.02456779 109.2105629 33.40950595 18.22918442 31.03213077 26.83777402 25.77987121 0 42.08758382 20.10851147 43.44501364 68.63967374 20.58076296 59.0362778 27.96113358 18.67445268 86.58411581 0 31.9546465 28.41886764 0 0 0 0 75.60121809 0 0 19.89653264 0 0 0 0 0 0 0 0 0 0 0 27.2214179 0 0 0 0 0 0 0 0 0 0 0 0 0 0 0 0 0 0 0 0 0 
106.4078295 117.3122784 112.5245114 78.9000532 141.8566226 106.3664507 101.5314253 108.3008672 168.3580425 105.2174056 144.0480394 45.56314968 158.2987678 99.21331626 126.5575157 128.9578806 108.0932461 141.1701042 102.8811771 127.931102 82.60289861 67.58605842 105.8558563 82.4222194 110.8920207 70.82180396 121.829452 58.2210524 44.48483921 89.71770967 63.53498925 54.67577809 94.58079361 0 45.73558782 65.10493484 84.93367566 139.5472504 29.46491849 58.39731987 39.4431158 87.31347243 44.27197205 0 26.4916378 16.87762614 0 0 78.61857041 0 72.23012168 26.95135216 0 0 0 0 9.895980461 0 0 59.66484917 0 0 0 0 32.62089124 0 0 0 0 0 0 0.1276032689 0 0 0 0 0 0 0 0 0 0 0 0 0 0 0 0 0 0 
146.4712748 167.9632727 171.9821185 125.3237012 142.9804389 155.4580083 142.5681099 126.1035348 133.3658336 125.442334 131.5949717 97.03813026 147.1321984 169.2955133 129.3797435 95.95408865 96.1288276 148.7767227 112.9260965 146.4689179 143.4864838 63.41860596 129.3411258 103.7592605 103.912615 97.83199135 156.8817494 101.9173432 86.77467495 87.57386429 106.5594786 88.52568965 78.34698871 49.20698959 130.1907672 78.12374539 105.707762 41.97486766 38.62278898 45.27424656 74.98286007 16.87377755 29.84742533 103.1509143 71.81801237 110.7577387 17.40721104 16.17644253 0 36.39067111 34.91757731 28.14282569 0 0 4.218422417 12.56291229 64.11327808 0 0 37.50203627 0 0 0 4.393835787 0 0 27.46800791 0 25.60946838 0 0 0 0 0 0 0 10.98015343 0 0 0 0 0 0 0 0 0 0 0 0 0 
109.769706 94.82260869 106.307678 115.5922629 86.96859909 134.2494495 174.1595744 139.7076917 96.3006665 156.2160657 106.1016333 133.7575771 187.2294383 105.0891077 162.7864941 141.9180992 136.3166805 71.29789648 93.24318052 105.8510143 46.17714349 161.8635808 135.6301169 161.8234873 120.6729112 83.15832115 77.09401499 116.8465894 137.9189295 133.598444 116.8487165 88.01699016 76.71986982 113.8641014 50.64800525 76.50401535 36.64248083 85.01245866 29.35385369 99.16908751 92.10373354 56.96190406 106.4313311 65.82031441 35.69720498 81.02817554 58.16959529 86.20788821 63.63188634 52.85359846 29.11885936 49.23731212 11.6274246 35.4829956 80.78760283 80.41412673 0 0 70.90497251 85.39113996 40.15894241 0 0 27.15148515 19.86705302 64.41193972 13.93605021 0 0 0 0 0 35.66970294 0 0 0 0 0 0 0 0 0 17.5703104 26.94151495 0 0 0 0 0 0 
96.47835561 165.7954276 175.6627212 153.6221104 80.3096127 123.2443706 91.34206276 186.5716842 148.4454042 108.9256256 66.00809714 170.2257398 107.268329 148.4834174 130.576042 156.5813037 138.5981202 145.8427368 155.9447477 98.49461938 86.5593995 123.0968781 53.02962104 94.92660157 99.60780566 115.2204622 71.27049229 108.6849626 142.6232221 103.8220468 148.8063823 72.3644052 96.00755664 139.8792816 122.6772916 91.17521104 107.6949443 80.19807788 75.66900131 111.572998 62.10053095 40.12643535 38.68201715 106.1280201 33.98285371 123.3102098 50.14890643 119.4720698 43.5810416 49.20448237 21.30156271 69.60065992 59.91892168 90.49791513 10.8949087 0 29.06225584 32.49033158 0 36.56655343 37.71814998 0 19.60299167 26.77627413 0 31.28275948 26.183477 0 0 0 0 0 0 0 0 0 0 23.48238538 0 0 0 0 0 0 0 0 0 0 0 0 
131.2135089 120.1890571 152.5102401 77.67142021 170.8231025 100.43833 86.99850592 145.5972301 113.1906733 153.4243015 157.5387878 90.51021692 137.3605403 137.1184283 160.9349842 145.7652251 132.6155682 188.0323308 120.5690295 148.7578821 132.6976065 78.91172351 132.8177198 127.3150081 142.908735 181.2957986 119.2554738 125.0034412 155.7052221 121.2770458 97.4981344 74.14587257 86.61349852 100.7576902 131.8457991 121.6209208 113.2606603 129.4979626 35.29539268 105.795796 94.51727833 44.62666936 113.0670941 112.9527315 124.7734644 91.7461615 38.87902207 81.29201667 38.26448761 15.9923287 82.63195283 14.73444093 31.66019677 84.56216137 43.19739141 33.58680921 68.74690535 15.85348868 32.5295294 29.46476668 80.37966853 42.58377713 25.43030731 0 17.27424192 88.44114358 0 0 0 0 0 30.37892013 0 0 0 0 0 28.97107077 0 0 0 0 0 0 0 0 0 0 0 0 
51.81445714 103.1798295 68.36436139 124.1439516 175.2632334 155.014525 123.8291079 153.6331451 127.3971229 117.0634321 88.97647754 131.6119837 137.0509673 147.0504943 129.7785059 183.6676171 147.1833403 122.1617382 25.56839399 142.1247585 88.02500992 103.2119007 112.5802168 94.09728111 142.778396 134.582448 72.09088059 84.42580278 178.9428359 140.8777513 126.8730886 141.8552896 142.441401 60.265331 106.7564764 113.0688105 147.0155379 78.23492794 128.0156561 98.34083279 81.3217263 99.3299677 94.67909933 68.70250138 42.39180934 104.5248109 149.3788103 44.05996732 141.3810854 41.84941127 107.7092447 68.20662677 36.48130986 36.23566419 104.5241442 0 73.89018321 92.03274957 28.65905803 79.60891375 123.8009314 0 49.93238903 59.91718126 70.02718276 16.37598997 11.50300933 66.17549426 77.49638958 0 0 26.59264873 38.84974675 0 0 0 0 0 0 0 11.7722173 0 0 0 0 0 0 0 0 0 
102.2086021 138.7085217 108.3697312 94.12337185 168.5089772 152.0282947 160.7479861 126.4335878 64.5822647 129.4422032 152.2045509 125.2766309 106.7632553 111.485083 132.6855082 114.8525621 151.2604178 167.4495964 129.4092519 83.43958161 131.91674 182.9963399 98.73334408 160.4413995 161.1450189 117.1814044 87.13700376 109.675873 126.1186891 92.96961946 114.6300885 109.176008 140.4683301 137.2804778 136.7513001 132.2487053 97.74351634 121.6848365 98.32584112 145.347383 101.4706857 98.19947637 122.560636 107.1918322 76.28103135 158.9479188 114.9716977 79.35780439 114.8560492 97.92898168 29.54750868 94.89530452 94.62088824 121.5316892 34.6036609 49.89336275 22.81803031 31.56413323 33.19150509 64.75671047 32.38082048 34.31087669 68.63264393 24.79623225 20.42482436 38.45059694 66.79521456 61.08685964 0 79.90328319 35.12575564 56.02293953 0 0 0 80.10329216 9.967199296 0 59.10209473 44.28090045 20.69188947 24.78659294 0 20.50281926 0 0 36.16947625 0 37.05381374 0 
125.0143477 110.7507527 105.1094175 100.6806524 100.776154 96.9294631 148.5030362 119.6252264 159.7790971 110.7446692 134.7580754 133.7325614 159.8901061 111.6167385 85.02273253 95.82796151 187.1533251 121.0919176 117.7702864 124.0168149 147.1842448 141.1521428 131.3195241 133.6721499 137.9843208 108.7524339 168.6783256 68.99705898 114.3936055 171.1096899 125.417865 150.6955977 141.4853878 173.410005 176.7911062 129.7432235 133.6232188 155.1348886 90.58733801 120.2681776 114.5923859 147.2621248 121.8852456 125.2299195 114.4324905 103.6289107 154.0368224 127.2769317 67.44311503 97.57943672 144.3418592 78.48582831 55.80784981 25.71104894 105.0572956 113.2446499 77.36120634 110.2838533 26.5507552 41.54135614 63.78096469 33.94125366 34.47334369 67.016322 35.52922297 39.55485366 29.23550474 64.15658764 33.5355475 78.28745959 27.31284472 38.18534244 29.42694098 40.55495011 72.89964397 37.56423663 26.08000488 0 43.41160565 0 36.79326778 0 0 22.03268581 20.40457561 24.05857887 0 26.92771314 0 0 
89.2041251 97.17309104 88.41876174 132.6693684 145.7377916 77.27962316 105.0745404 130.1845109 77.88402198 156.6192797 116.9754416 126.7564344 161.3830366 137.8567179 130.3221046 66.39814096 114.5234535 128.5081537 187.1939565 120.4487559 148.4219051 201.6658287 103.9651135 128.7456641 139.361165 159.9566964 165.1668614 170.8467214 109.3561656 133.417973 163.5695549 122.940493 146.8901845 88.31618245 151.5831441 156.3621515 200.1170117 125.0295763 132.9663402 160.5491689 112.812867 162.2087887 150.6605533 182.8457396 117.3728345 92.13128656 97.53272271 72.33327965 145.5707164 80.37592492 138.6046805 126.4367298 99.13969083 159.5524315 76.87522948 80.49239556 60.97167424 103.2123167 90.14626936 111.4347725 89.55754591 31.21087798 65.23049111 104.8075432 101.1445676 43.70536645 53.78886873 67.16891473 107.6297804 35.73723665 17.16625424 68.3746904 13.5762395 53.51747379 0 20.4408326 24.64718934 28.60287734 0 12.52919544 44.30616198 46.19474199 76.9273125 29.27239226 0 17.46289121 0 0 31.1875335 0 
87.20756605 103.5441276 161.673393 99.67553411 150.6839238 51.86868524 121.4890229 79.57295791 122.0039236 112.2406456 146.8467372 182.9606447 81.38277375 158.4223624 155.5889953 98.23402005 130.1759468 196.6745986 97.76984237 158.7443221 188.7321979 114.1314084 152.281918 79.33204736 187.835219 124.0307102 130.903501 168.5476279 140.4304524 163.962286 180.4806429 125.8247498 98.64609119 136.9833247 158.9727483 120.9291506 124.9201696 140.83976 121.3044234 136.8085317 131.2109749 141.542077 172.3669012 175.9158829 107.4405913 114.1781668 119.420798 79.99494534 135.0913698 92.60930273 91.31047394 123.3109926 80.61764207 100.4882765 53.85807383 117.4196354 47.87831394 96.35240554 74.5805282 85.8696991 96.85054306 68.83434544 77.91010989 86.59963265 101.9142618 96.57804443 50.03300574 75.60347777 0 4.136421392 19.05007062 56.85592078 78.49408949 19.92612686 74.77608575 113.5000596 0 71.30820357 53.54440709 55.35632268 35.83365182 33.59764949 0 33.87224836 22.85258978 18.47474521 34.39646064 0 72.72141061 0 
92.47628328 121.4052154 120.7871598 87.04812518 124.8274395 81.4792316 113.9320502 90.93436975 59.09886922 79.31163704 101.316535 121.2474845 96.00175642 161.4415726 110.8356366 86.82351505 98.35378938 149.9159824 200.4434121 53.49192775 137.1773029 120.3958968 134.4597711 140.6249669 136.0988995 140.7583353 103.5906093 141.2043058 137.9198171 188.1893459 85.83576765 138.2079703 164.4755896 140.741603 129.5362001 133.7267295 163.7967992 130.8468165 138.8086784 136.1632703 141.7484533 111.7332406 154.2529799 160.3312197 161.6187774 176.8834598 145.4628452 153.5039307 123.1237393 118.2084422 125.1319131 57.92972026 148.5423295 87.51020438 84.65542169 186.1034901 158.1816509 139.0226833 69.05504443 53.23436534 120.2758396 75.45790807 73.33572853 155.7723561 75.82777251 107.0900303 86.90072788 61.94920898 71.06852043 48.50859423 68.93906965 86.73270345 34.41597796 94.77642526 65.58527181 91.17961144 80.47481697 38.39328116 24.8286691 49.49444036 42.40758183 68.2318987 39.19480332 71.85866926 80.67105343 82.23156639 0 18.35847004 22.70426276 0 
119.3049888 110.9565588 64.98353066 141.4806127 87.03164611 109.5301914 67.47531463 83.22473909 79.981467 107.7033286 107.5435642 111.3612664 121.6928132 100.8848754 82.4122254 153.4796573 140.0103903 98.52639212 116.5264559 99.83851194 159.0876719 127.6087419 104.1774679 162.9723554 125.0125011 137.7110769 153.7554341 95.56691766 165.2409244 135.560639 151.8000198 141.1286472 155.3850273 115.8173423 184.1082373 137.9764289 107.9359699 114.7571861 162.6695905 153.8906406 191.1810718 150.2728409 119.5770226 175.2367263 142.9619083 141.03764 140.2166257 144.7929625 170.3196701 112.4306767 134.6154051 127.5137416 64.21171805 102.9936976 162.2618833 86.62064073 97.9294692 136.8192937 89.95379634 148.6157582 151.3792792 126.0142713 84.41144317 88.65189898 90.62718123 68.68250027 102.1149885 77.29923104 55.62173584 52.45326839 86.68481786 27.28464284 52.94458613 96.47226111 25.70158843 65.72017977 76.24256446 46.4075156 52.02841321 89.17521443 40.02776822 84.9180259 76.54079346 41.74384505 56.39141147 0 0 48.05211183 0 0 
48.8895407 73.02339442 114.1277437 73.66225649 94.3240769 118.2956385 121.7355165 129.7309752 81.17501014 68.76530591 77.29753095 161.1882323 105.3707521 142.7949724 112.0419609 127.6252558 120.2712567 102.8684819 109.9362318 122.3118234 147.4222129 142.4574205 164.3321468 109.6396662 111.9218001 167.9519076 139.846355 207.7445583 80.20090447 111.6269422 114.5253506 112.8278715 146.895633 139.297417 151.3768049 155.7148102 181.1110357 116.4821586 187.9548321 146.2157893 169.4809144 162.8778007 144.5634851 125.4857755 128.2567796 171.3289981 111.1896345 98.01695001 112.9950431 167.1345113 139.2632605 153.3995809 108.6283575 121.3813429 115.1156834 154.8014329 94.30168978 103.9235853 127.1244812 115.3687199 91.07267606 61.89992159 91.93092354 83.08461017 43.53486458 120.1757777 116.911064 137.6095687 83.67579897 109.4708459 106.1808956 65.83175858 37.12203329 66.05670905 114.2747162 79.32139396 117.5183439 111.0418949 23.69160972 82.26076454 122.8315371 41.30182858 47.0293608 29.65113435 41.94499803 0 32.16583957 30.89116986 32.83636918 24.64533414 
94.47298906 78.95630553 102.4722919 69.5591471 95.1943777 63.27705151 95.00069339 93.75462691 92.7312078 46.5657268 108.8816818 69.24916474 94.88175193 103.3944225 111.3938231 96.31625973 130.7162914 105.8780488 79.48236471 57.93942462 130.8209105 158.3179266 100.9680709 130.3226404 162.7380761 111.6705777 120.4328671 109.5482325 131.3088582 141.9311509 107.436809 168.6674145 164.7182641 169.5621889 71.39323453 97.64889694 136.3724991 86.55689588 155.216216 165.5479956 118.6360573 136.8134539 126.2043645 162.5278567 137.0959829 116.4120792 125.2835026 176.2518961 160.8799567 130.6012887 141.9152634 126.0010357 149.0010365 145.6736032 88.15552481 126.3153832 127.5920114 146.8003719 110.4562623 203.4644321 120.5710816 122.6993688 110.635169 82.67630805 128.8459986 53.25227533 101.0380679 77.4209369 117.8827851 116.2247363 89.80515592 135.1276899 109.1248039 127.0785568 59.92994522 86.08386034 96.58592273 72.41283095 94.77247739 24.99170695 43.92237647 98.76831933 50.03370162 39.68530561 56.41531368 59.74898194 47.04679929 84.72979797 124.2964736 35.95069985 
111.8052859 122.6213271 92.85589708 67.58274965 77.12755708 65.20578127 107.6418643 102.6644014 99.2347646 86.83068644 121.9771261 103.5639475 95.09198472 82.8534233 123.0696813 98.04448808 106.2340874 85.17861005 114.6967381 83.55454623 162.0056426 128.626046 109.1989536 141.3418936 128.6780588 152.225103 99.04744637 171.5724163 128.5235206 121.5609919 115.6139406 110.4821095 132.2526125 96.37338145 179.1485353 167.5939206 81.50142867 210.580574 82.67456905 170.4497646 89.93862504 185.8963211 163.7073287 205.660899 131.9593524 135.2102401 147.9710032 106.211772 145.9168956 152.9147514 143.0673213 141.5407125 91.8753284 136.1074291 176.8140975 137.611053 122.0224595 132.6007877 139.4275406 170.2832341 188.2431968 143.343681 102.1671929 116.6415693 185.1008183 119.8590619 107.2250641 119.4008549 162.2461785 97.30794162 126.3315583 125.7825743 115.3938007 69.98472609 75.65253216 65.54980591 86.08501695 85.4155644 98.69805347 49.81822136 96.02908636 83.06529389 104.6787482 66.7085595 70.47273286 65.54690239 26.52200109 84.58254225 26.89775736 37.50051969 
46.63262769 80.9193505 89.53832351 46.67019476 96.05904621 119.3648168 109.1030865 64.69291057 84.22332283 105.570439 79.99967747 88.51757981 85.83533313 82.78659196 98.58073982 105.8805946 76.77437534 91.29332263 98.58128751 107.8657363 115.2094064 132.0097457 136.8174146 88.99073849 100.1618084 139.4487077 101.7913842 132.8583514 110.3721894 73.89344805 111.3378647 85.27757741 122.3004377 121.4568337 147.5425447 89.92392239 133.6294999 228.6376058 124.399649 105.7309653 162.9036113 185.6496286 173.7022906 144.9064632 154.8289086 118.9154795 97.1469388 65.93976072 113.6389702 123.5941675 91.0957899 133.9510573 94.97742324 150.8149502 205.083358 137.4713417 106.7979688 166.6176373 172.8571523 123.170956 81.34607235 148.6544613 182.2482469 156.9855371 152.209966 121.4726735 122.478653 150.3843931 73.98454057 115.8986746 171.8321631 102.0323593 104.1381243 52.90179304 76.92600151 98.64502582 121.1898769 119.8728698 82.60590808 51.91709891 46.12924095 62.14956118 77.95844183 67.52744244 53.80856152 83.3687244 47.46370238 91.33529927 82.73125904 89.69544069 
100.42737 86.52745622 64.74207843 43.84400844 88.03290369 105.5003995 103.6497282 69.69789381 74.27451817 51.28125088 78.69015274 64.2216565 96.35183856 65.31741487 110.6527494 68.36971589 76.6507002 83.69095021 133.8319141 98.23701417 78.25781435 85.07426942 81.11968803 107.4048432 69.89330061 109.618208 111.9920621 130.2111277 66.07790547 113.7816962 115.9533206 93.86999277 123.4714475 134.8041263 147.7175862 99.05671381 167.8616594 128.41701 120.7746224 143.5090948 179.6870093 217.2406299 164.2472501 132.1592055 140.3633129 99.23584484 121.1624526 175.361187 153.8062579 115.1235666 128.3974485 143.2242377 143.3140965 131.3392536 156.5632079 152.540721 168.330967 118.5446295 90.36406671 178.5646859 143.6098437 110.306568 106.6302704 140.4056502 154.0926999 153.6044321 157.5535574 125.0702858 95.45020754 109.5332231 117.3486297 122.1022 144.8962036 109.5534548 80.13410775 43.16655736 112.9503575 152.2133938 123.304489 127.5323537 119.3761313 123.9439241 131.1197695 82.69509339 69.84154813 70.91681756 119.7074816 93.19562956 34.21572962 98.75604144 
37.99222143 85.41593284 79.20330021 65.26662021 97.17239664 90.35637581 66.30907674 102.3990482 80.9223564 86.45647165 60.90974103 101.5839987 94.97835107 98.66705346 100.1520925 116.2097984 104.2708851 114.3807111 104.9806804 119.909848 131.018952 78.65316169 104.5117067 127.794773 104.4268133 45.03746933 112.9735019 98.51224418 80.93140536 134.5591905 135.0873725 99.98085303 123.6896992 114.4056059 95.39395368 107.5215773 130.4488803 135.7769161 138.3410854 121.7096403 153.2092074 76.36380023 119.4856566 119.3004924 112.5396376 154.7494049 158.8365852 136.6384786 183.4615003 106.0021503 151.418822 140.1216522 110.141614 185.8313788 100.6189439 137.5711216 144.4403582 134.711287 118.9063259 132.8762023 107.4667755 181.9661515 167.9453416 104.0305987 137.7541014 165.5175957 175.3692833 110.7592057 162.6517685 102.5895786 129.7301594 135.5084325 131.7915076 110.8951352 96.45898802 94.37755401 158.3735394 126.9601435 108.8458756 59.88295786 98.53054795 98.95814438 45.86897399 111.1600085 79.36998698 114.2897729 102.3006499 36.82604358 106.4719818 67.83840869 
16.57211318 29.57253711 66.62228166 67.09643269 89.1792161 58.07391392 80.94423068 124.9148203 78.68842669 62.77888583 74.08920262 84.3464103 120.2143425 97.5787531 65.75482977 105.1848594 56.15750622 120.4242822 103.5091812 106.275409 97.42797732 89.64742276 116.6425543 78.38764649 80.16951699 64.94035399 79.53859246 77.74735727 142.9001438 102.1964079 90.41187848 73.42279903 82.39401469 122.135794 139.9397508 90.12325099 123.9945355 123.2669405 95.61538689 144.7104156 158.1786345 120.131742 128.223756 126.7445921 102.9351406 121.589635 172.9990114 132.7946398 153.2607275 142.7957448 177.8164676 118.7074524 152.8090256 177.0666922 147.4433966 179.3157975 100.192536 188.1506731 108.9827463 155.430525 90.45251195 120.5607701 110.5938132 140.94048 123.4044408 147.9090233 102.7720462 120.6454281 88.71658932 118.0308995 71.3285654 102.1100771 156.7285721 83.6429739 100.9641878 120.7958092 120.1530085 141.5106125 108.0284974 97.90045287 113.1001645 99.17549796 156.1001328 43.70793374 89.92542936 103.7674815 32.2680949 64.68944078 128.5816475 57.52810117 
71.49927821 88.39102475 100.4878181 59.82414378 92.18420078 71.35478904 35.84540693 106.4049872 68.74906936 104.2119878 80.36867427 51.00067051 92.37557913 97.74819312 94.29848339 129.9814356 103.1090688 51.42741118 76.04523729 72.71596687 103.7591611 82.02284866 105.4394678 85.73878918 50.95284309 104.4105582 34.61534609 73.98667529 106.3610599 90.27916055 101.3454623 83.91846296 111.3725547 112.1884701 110.7704626 106.493494 101.1992442 128.2960548 124.2852888 91.73688407 135.6236229 119.2730802 129.9907226 190.3096554 121.1814879 141.2442073 109.8847001 163.0864789 119.9936255 113.3469973 176.461968 152.0026167 132.8001939 151.5932439 110.8525347 126.077848 169.8702578 156.9772685 81.59491446 122.3558981 180.1200241 153.4066991 121.8462033 90.643999 96.89144159 142.7342381 152.1480578 124.772988 126.5159386 145.4628022 148.4298298 126.5140399 127.9348234 119.7970103 154.1256197 125.2097472 95.91393202 144.7632284 141.9401361 105.1490901 128.4483247 119.2154405 118.2637193 142.2800696 49.96178931 90.2602188 103.3448174 76.12987804 109.8580815 126.3913219 
35.37873967 107.3585775 56.53952475 19.23744809 49.5520576 54.03446394 51.91755195 86.90376377 97.81008413 84.02541953 65.70572837 85.74285024 73.22250256 93.09943779 63.22042236 95.59527974 98.73739944 98.43611721 92.38872272 93.75188499 55.76685286 68.2012783 76.82087169 79.22398168 109.68622 126.797113 79.68733385 88.9039877 98.90064546 101.7244983 80.770331 108.5140983 87.0465322 85.73553775 120.4246412 157.6292698 78.70733642 111.1464544 134.8511319 132.4194857 105.2027082 94.8056021 91.81166771 133.7934099 137.5004418 120.1459195 102.072709 109.0911662 94.11992945 157.4058785 155.9654676 138.8358916 138.5126579 146.0408623 88.67031822 102.0508533 170.3264006 115.5755636 133.7520606 120.2412207 125.3888092 140.3441941 132.8422157 96.11350662 145.1296514 153.5673966 96.42124931 134.5785154 127.3011878 162.2814402 99.53885735 89.20636325 99.9430053 116.1603231 159.3344527 129.0451169 129.9811814 125.2195141 118.1369369 142.8918245 121.4775106 129.736959 160.5849896 135.4230926 130.0639541 103.1345396 101.8106205 112.6457974 41.26721955 128.1415314 
69.89858485 74.83507187 64.02308718 74.60559744 99.98078162 96.95876906 54.55564479 37.28709474 89.16623141 66.42962824 61.69563364 80.02826969 70.42454458 70.00611806 67.57407579 119.8297477 91.54804034 85.47468992 73.6602266 100.6652128 75.33660549 88.42299767 82.96640191 112.7031389 87.66749559 90.38191859 111.709214 80.52314119 82.93501479 83.73485901 94.30322389 68.48729112 70.96493832 81.56221625 70.75702113 110.6798679 155.4834196 64.39642908 140.0859538 93.5251179 144.092892 96.67682907 173.8694583 120.55893 123.1769399 67.83754778 96.24287725 73.86511169 89.89102746 100.1389965 93.73062648 73.70067349 111.9846043 78.77659279 137.030713 100.2947325 132.6539902 114.2172512 118.7571096 114.5382146 96.88824178 152.6979148 112.4920936 139.37806 97.21510975 109.1085446 143.0930379 165.888355 176.4933019 104.7926073 91.24786942 55.95182804 130.262864 146.6822631 106.0162034 155.8783127 167.7725301 137.602206 87.59774978 153.2536301 123.3635154 144.7008581 140.57997 116.2968469 124.695056 102.4418704 105.1356078 162.9861839 94.42049677 64.35728185 
74.3291146 49.99911046 79.66183556 89.21037506 43.59626019 96.25448105 88.83602419 39.30463288 105.6758841 75.31508982 40.86714025 58.50349891 66.05154929 52.02263698 119.6568608 55.76653842 74.51040798 46.1083908 93.31986714 68.0305159 121.2061618 60.19051562 64.91328469 60.22027448 98.64762708 102.7874992 68.91868621 151.5881436 74.74310402 109.9751153 97.22179243 84.097634 59.42318745 50.64832179 151.8544257 125.6910972 146.6907917 92.05329801 133.1013525 118.9411336 112.4040611 136.923335 128.6578192 70.48300204 90.95595996 90.10312578 77.02757907 125.9751777 89.80892941 137.5846874 130.5485314 141.5575036 117.4926213 68.48147773 104.7110174 131.089271 71.273566 126.5520583 161.0507537 79.61062215 178.2740233 134.6439426 99.66131985 167.7818822 160.7739425 112.0903082 117.1116894 115.9529137 118.9900551 146.8127647 99.09299787 154.0385014 139.9508141 114.3018762 162.3217948 138.6156465 68.3623584 103.8721443 178.6916223 128.2881323 121.0614898 181.9410916 102.022841 95.75513739 100.2522335 140.9516036 128.18875 90.26027995 174.5902136 111.6741961 
50.0358791 63.70590361 87.26582167 47.19389357 49.40806625 79.145574 80.35773037 70.01463577 78.70049254 69.52866746 82.83738794 56.59451327 64.16270368 32.63357191 110.5535944 78.73291593 99.23696493 75.31016323 50.05463731 43.33514381 51.82930397 75.16033227 98.6727969 111.0520848 72.96191864 97.21475232 109.4472176 108.2616816 84.21092666 114.3019324 102.7543172 76.77349352 104.8230295 153.3011307 164.8146532 86.77963225 114.5532677 89.33249292 132.1747493 73.98450716 112.7517015 123.0102961 58.43285942 116.4493112 105.9676338 83.51158507 123.0851561 121.8278386 83.54901688 143.7599804 65.96929897 89.38533798 75.77644276 103.5183141 92.67122581 182.7159466 117.4366106 122.4341128 70.57976234 115.1430542 113.5631347 124.6268202 186.8831584 111.770113 139.5178528 164.5233757 84.80485598 169.1966664 125.8992573 148.1009331 168.9613682 147.7105617 111.7473036 162.8229265 126.0247052 132.4242476 179.1485878 71.44582939 115.5321764 101.9607021 151.4822444 131.6993382 96.18947224 136.8464008 145.4593869 45.3327395 136.7510296 147.4381481 47.32396844 89.62793741 
40.40514844 67.23609142 59.55209939 61.98614237 63.1814699 55.60472191 82.95194355 64.96579388 51.29359813 100.3664119 68.34212708 83.79589315 60.29277372 98.91378448 73.78661053 109.5291188 69.91373038 56.80762654 62.78430466 72.40842486 52.72636524 81.17943958 62.57267589 103.8078631 63.85612339 45.2408858 25.0253526 46.48926862 93.82161218 31.48410356 133.4898172 83.98668264 65.13681538 39.61300703 92.21666447 53.72753793 115.2427765 100.361046 106.9835861 93.11648342 68.92566795 97.76789654 40.33569631 83.77186773 88.77863793 83.6101627 111.6164417 79.89894486 62.58841746 57.69602827 91.80630599 144.6361822 110.4608905 84.98040302 62.61555438 96.30018982 110.9914449 86.96345152 148.6525347 120.3435375 57.78503248 91.93832561 135.8277037 103.2798322 125.6188456 111.5678203 84.21134361 95.50115253 109.2715636 154.7185764 81.44984394 87.02352029 137.743637 81.95710997 173.9638917 67.03678925 101.4965093 133.9675152 125.5691691 142.297179 164.8143241 110.1495788 107.7011486 155.8615735 151.254074 125.3363873 103.5478276 98.33936915 90.86035649 141.334995 
# Events [psd_monitor6/analyser6_psd.dat] N:
0 0 0 0 0 0 0 0 0 0 0 0 0 0 0 0 0 0 0 0 0 0 0 0 0 0 0 0 0 0 0 0 0 0 0 0 0 0 0 0 0 0 0 0 0 0 0 0 0 0 0 0 0 0 0 0 0 0 0 0 0 0 0 0 0 0 0 0 0 0 0 0 0 0 0 0 0 0 0 0 0 0 0 0 0 0 0 0 0 0 
0 0 0 0 0 0 0 0 0 0 0 0 0 0 0 0 0 0 0 0 0 0 0 0 0 0 0 0 0 0 0 0 0 0 0 0 0 0 0 0 0 0 0 0 0 0 0 0 0 0 0 0 0 0 0 0 0 0 0 0 0 0 0 0 0 0 0 0 0 0 0 0 0 0 0 0 0 0 0 0 0 0 0 0 0 0 0 0 0 0 
0 0 0 0 0 0 0 0 0 0 0 0 0 0 0 0 0 0 0 0 0 0 0 0 0 0 0 0 0 0 0 0 0 0 0 0 0 0 0 0 0 0 0 0 0 0 0 0 0 0 0 0 0 0 0 0 0 0 0 0 0 0 0 0 0 0 0 0 0 0 0 0 0 0 0 0 0 0 0 0 0 0 0 0 0 0 0 0 0 0 
0 0 0 0 0 0 0 0 0 0 0 0 0 0 0 0 0 0 0 0 0 0 0 0 0 0 0 0 0 0 0 0 0 0 0 0 0 0 0 0 0 0 0 0 0 0 0 0 0 0 0 0 0 0 0 0 0 0 0 0 0 0 0 0 0 0 0 0 0 0 0 0 0 0 0 0 0 0 0 0 0 0 0 0 0 0 0 0 0 0 
0 0 0 0 0 0 0 0 0 0 0 0 0 0 0 0 0 0 0 0 0 0 0 0 0 0 0 0 0 0 0 0 0 0 0 0 0 0 0 0 0 0 0 0 0 0 0 0 0 0 0 0 0 0 0 0 0 0 0 0 0 0 0 0 0 0 0 0 0 0 0 0 0 0 0 0 0 0 0 0 0 0 0 0 0 0 0 0 0 0 
0 0 0 0 0 0 0 0 0 0 0 0 0 0 0 0 0 0 0 0 0 0 0 0 0 0 0 0 0 0 0 0 0 0 0 0 0 0 0 0 0 0 0 0 0 0 0 0 0 0 0 0 0 0 0 0 0 0 0 0 0 0 0 0 0 0 0 0 0 0 0 0 0 0 0 0 0 0 0 0 0 0 0 0 0 0 0 0 0 0 
0 0 0 0 0 0 0 0 0 0 0 0 0 0 0 0 0 0 0 0 0 0 0 0 0 0 0 0 0 0 0 0 0 0 0 0 0 0 0 0 0 0 0 0 0 0 0 0 0 0 0 0 0 0 0 0 0 0 0 0 0 0 0 0 0 0 0 0 0 0 0 0 0 0 0 0 0 0 0 0 0 0 0 0 0 0 0 0 0 0 
0 0 0 0 0 0 0 0 0 0 0 0 0 0 0 0 0 0 0 0 0 0 0 0 0 0 0 0 0 0 0 0 0 0 0 0 0 0 0 0 0 0 0 0 0 0 0 0 0 0 0 0 0 0 0 0 0 0 0 0 0 0 0 0 0 0 0 0 0 0 0 0 0 0 0 0 0 0 0 0 0 0 0 0 0 0 0 0 0 0 
0 0 0 0 0 0 0 0 0 0 0 0 0 0 0 0 0 0 0 0 0 0 0 0 0 0 0 0 0 0 0 0 0 0 0 0 0 0 0 0 0 0 0 0 0 0 0 0 0 0 0 0 0 0 0 0 0 0 0 0 0 0 0 0 0 0 0 0 0 0 0 0 0 0 0 0 0 0 0 0 0 0 0 0 0 0 0 0 0 0 
0 0 0 0 0 0 0 0 0 0 0 0 0 0 0 0 0 0 0 0 0 0 0 0 0 0 0 0 0 0 0 0 0 0 0 0 0 0 0 0 0 0 0 0 0 0 0 0 0 0 0 0 0 0 0 0 0 0 0 0 0 0 0 0 0 0 0 0 0 0 0 0 0 0 0 0 0 0 0 0 0 0 0 0 0 0 0 0 0 0 
0 0 0 0 0 0 0 0 0 0 0 0 0 0 0 0 0 0 0 0 0 0 0 0 0 0 0 0 0 0 0 0 0 0 0 0 0 0 0 0 0 0 0 0 0 0 0 0 0 0 0 0 0 0 0 0 0 0 0 0 0 0 0 0 0 0 0 0 0 0 0 0 0 0 0 0 0 0 0 0 0 0 0 0 0 0 0 0 0 0 
0 0 0 0 0 0 0 0 0 0 0 0 0 0 0 0 0 0 0 0 0 0 0 0 0 0 0 0 0 0 0 0 0 0 0 0 0 0 0 0 0 0 0 0 0 0 0 0 0 0 0 0 0 0 0 0 0 0 0 0 0 0 0 0 0 0 0 0 0 0 0 0 0 0 0 0 0 0 0 0 0 0 0 0 0 0 0 0 0 0 
0 0 0 0 0 0 0 0 0 0 0 0 0 0 0 0 0 0 0 0 0 0 0 0 0 0 0 0 0 0 0 0 0 0 0 0 0 0 0 0 0 0 0 0 0 0 0 0 0 0 0 0 0 0 0 0 0 0 0 0 0 0 0 0 0 0 0 0 0 0 0 0 0 0 0 0 0 0 0 0 0 0 0 0 0 0 0 0 0 0 
0 0 0 0 0 0 0 0 0 0 0 0 0 0 0 0 0 0 0 0 0 0 0 0 0 0 0 0 0 0 0 0 0 0 0 0 0 0 0 0 0 0 0 0 0 0 0 0 0 0 0 0 0 0 0 0 0 0 0 0 0 0 0 0 0 0 0 0 0 0 0 0 0 0 0 0 0 0 0 0 0 0 0 0 0 0 0 0 0 0 
0 0 0 0 0 0 0 0 0 0 0 0 0 0 0 0 0 0 0 0 0 0 0 0 0 0 0 0 0 0 0 0 0 0 0 0 0 0 0 0 0 0 0 0 0 0 0 0 0 0 0 0 0 0 0 0 0 0 0 0 0 0 0 0 0 0 0 0 0 0 0 0 0 0 0 0 0 0 0 0 0 0 0 0 0 0 0 0 0 0 
0 0 0 0 0 0 0 0 0 0 0 0 0 0 0 0 0 0 0 0 0 0 0 0 0 0 0 0 0 0 0 0 0 0 0 0 0 0 0 0 0 0 0 0 0 0 0 0 0 0 0 0 0 0 0 0 0 0 0 0 0 0 0 0 0 0 0 0 0 0 0 0 0 0 0 0 0 0 0 0 0 0 0 0 0 0 0 0 0 0 
0 0 0 0 0 0 0 0 0 0 0 0 0 0 0 0 0 0 0 0 0 0 0 0 0 0 0 0 0 0 0 0 0 0 0 0 0 0 0 0 0 0 0 0 0 0 0 0 0 0 0 0 0 0 0 0 0 0 0 0 0 0 0 0 0 0 0 0 0 0 0 0 0 0 0 0 0 0 0 0 0 0 0 0 0 0 0 0 0 0 
0 0 0 0 0 0 0 0 0 0 0 0 0 0 0 0 0 0 0 0 0 0 0 0 0 0 0 0 0 0 0 0 0 0 0 0 0 0 0 0 0 0 0 0 0 0 0 0 0 0 0 0 0 0 0 0 0 0 0 0 0 0 0 0 0 0 0 0 0 0 0 0 0 0 0 0 0 0 0 0 0 0 0 0 0 0 0 0 0 0 
0 0 0 0 0 0 0 0 0 0 0 0 0 0 0 0 0 0 0 0 0 0 0 0 0 0 0 0 0 0 0 0 0 0 0 0 0 0 0 0 0 0 0 0 0 0 0 0 0 0 0 0 0 0 0 0 0 0 0 0 0 0 0 0 0 0 0 0 0 0 0 0 0 0 0 0 0 0 0 0 0 0 0 0 0 0 0 0 0 0 
0 0 0 0 0 0 0 0 0 0 0 0 0 0 0 0 0 0 0 0 0 0 0 0 0 0 0 0 0 0 0 0 0 0 0 0 0 0 0 0 0 0 0 0 0 0 0 0 0 0 0 0 0 0 0 0 0 0 0 0 0 0 0 0 0 0 0 0 0 0 0 0 0 0 0 0 0 0 0 0 0 0 0 0 0 0 0 0 0 0 
0 0 0 0 0 0 0 0 0 0 0 0 0 0 0 0 0 0 0 0 0 0 0 0 0 0 0 0 0 0 0 0 0 0 0 0 0 0 0 0 0 0 0 0 0 0 0 0 0 0 0 0 0 0 0 0 0 0 0 0 0 0 0 0 0 0 0 0 0 0 0 0 0 0 0 0 0 0 0 0 0 0 0 0 0 0 0 0 0 0 
0 0 0 0 0 0 0 0 0 0 0 0 0 0 0 0 0 0 0 0 0 0 0 0 0 0 0 0 0 0 0 0 0 0 0 0 0 0 0 0 0 0 0 0 0 0 0 0 0 0 0 0 0 0 0 0 0 0 0 0 0 0 0 0 0 0 0 0 0 0 0 0 0 0 0 0 0 0 0 0 0 0 0 0 0 0 0 0 0 0 
0 0 0 0 0 0 0 0 0 0 0 0 0 0 0 0 0 0 0 0 0 0 0 0 0 0 0 0 0 0 0 0 0 0 0 0 0 0 0 0 0 0 0 0 0 0 0 0 0 0 0 0 0 0 0 0 0 0 0 0 0 0 0 0 0 0 0 0 0 0 0 0 0 0 0 0 0 0 0 0 0 0 0 0 0 0 0 0 0 0 
0 0 0 0 0 0 0 0 0 0 0 0 0 0 0 0 0 0 0 0 0 0 0 0 0 0 0 0 0 0 0 0 0 0 0 0 0 0 0 0 0 0 0 0 0 0 0 0 0 0 0 0 0 0 0 0 0 0 0 0 0 0 0 0 0 0 0 0 0 0 0 0 0 0 0 0 0 0 0 0 0 0 0 0 0 0 0 0 0 0 
0 0 0 0 0 0 0 0 0 0 0 0 0 0 0 0 0 0 0 0 0 0 0 0 0 0 0 0 0 0 0 0 0 0 0 0 0 0 0 0 0 0 0 0 0 0 0 0 0 0 0 0 0 0 0 0 0 0 0 0 0 0 0 0 0 0 0 0 0 0 0 0 0 0 0 0 0 0 0 0 0 0 0 0 0 0 0 0 0 0 
0 0 0 0 0 0 0 0 0 0 0 0 0 0 0 0 0 0 0 0 0 0 0 0 0 0 0 0 0 0 0 0 0 0 0 0 0 0 0 0 0 0 0 0 0 0 0 0 0 0 0 0 0 0 0 0 0 0 0 0 0 0 0 0 0 0 0 0 0 0 0 0 0 0 0 0 0 0 0 0 0 0 0 0 0 0 0 0 0 0 
0 0 0 0 0 0 0 0 0 0 0 0 0 0 0 0 0 0 0 0 0 0 0 0 0 0 0 0 0 0 0 0 0 0 0 0 0 0 0 0 0 0 0 0 0 0 0 0 0 0 0 0 0 0 0 0 0 0 0 0 0 0 0 0 0 0 0 0 0 0 0 0 0 0 0 0 0 0 0 0 0 0 0 0 0 0 0 0 0 0 
0 0 0 0 0 0 0 0 0 0 0 0 0 0 0 0 0 0 0 0 0 0 0 0 0 0 0 0 0 0 0 0 0 0 0 0 0 0 0 0 0 0 0 0 0 0 0 0 0 0 0 0 0 0 0 0 0 0 0 0 0 0 0 0 0 0 0 0 0 0 0 0 0 0 0 0 0 0 0 0 0 0 0 0 0 0 0 0 0 0 
0 0 0 0 0 0 0 0 0 0 0 0 0 0 0 0 0 0 0 0 0 0 0 0 0 0 0 0 0 0 0 0 0 0 0 0 0 0 0 0 0 0 0 0 0 0 0 0 0 0 0 0 0 0 0 0 0 0 0 0 0 0 0 0 0 0 0 0 0 0 0 0 0 0 0 0 0 0 0 0 0 0 0 0 0 0 0 0 0 0 
0 0 0 0 0 0 0 0 0 0 0 0 0 0 0 0 0 0 0 0 0 0 0 0 0 0 0 0 0 0 0 0 0 0 0 0 0 0 0 0 0 0 0 0 0 0 0 0 0 0 0 0 0 0 0 0 0 0 0 0 0 0 0 0 0 0 0 0 0 0 0 0 0 0 0 0 0 0 0 0 0 0 0 0 0 0 0 0 0 0 
0 0 0 0 0 0 0 0 0 0 0 0 0 0 0 0 0 0 0 0 0 0 0 0 0 0 0 0 0 0 0 0 0 0 0 0 0 0 0 0 0 0 0 0 0 0 0 0 0 0 0 0 0 0 0 0 0 0 0 0 0 0 0 0 0 0 0 0 0 0 0 0 0 0 0 0 0 0 0 0 0 0 0 0 0 0 0 0 0 0 
0 0 0 0 0 0 0 0 0 0 0 0 0 0 0 0 0 0 0 0 0 0 0 0 0 0 0 0 0 0 0 0 0 0 0 0 0 0 0 0 0 0 0 0 0 0 0 0 0 0 0 0 0 0 0 0 0 0 0 0 0 0 0 0 0 0 0 0 0 0 0 0 0 0 0 0 0 0 0 0 0 0 0 0 0 0 0 0 0 0 
0 0 0 0 0 0 0 0 0 0 0 0 0 0 0 0 0 0 0 0 0 0 0 0 0 0 0 0 0 0 0 0 0 0 0 0 0 0 0 0 0 0 0 0 0 0 0 0 0 0 0 0 0 0 0 0 0 0 0 0 0 0 0 0 0 0 0 0 0 0 0 0 0 0 0 0 0 0 0 0 0 0 0 0 0 0 0 0 0 0 
0 0 0 0 0 0 0 0 0 0 0 0 0 0 0 0 0 0 0 0 0 0 0 0 0 0 0 0 0 0 0 0 0 0 0 0 0 0 0 0 0 0 0 0 0 0 0 0 0 0 0 0 0 0 0 0 0 0 0 0 0 0 0 0 0 0 0 0 0 0 0 0 0 0 0 0 0 0 0 0 0 0 0 0 0 0 0 0 0 0 
0 0 0 0 0 0 0 0 0 0 0 0 0 0 0 0 0 0 0 0 0 0 0 0 0 0 0 0 0 0 0 0 0 0 0 0 0 0 0 0 0 0 0 0 0 0 0 0 0 0 0 0 0 0 0 0 0 0 0 0 0 0 0 0 0 0 0 0 0 0 0 0 0 0 0 0 0 0 0 0 0 0 0 0 0 0 0 0 0 0 
0 0 0 0 0 0 0 0 0 0 0 0 0 0 0 0 0 0 0 0 0 0 0 0 0 0 0 0 0 0 0 0 0 0 0 0 0 0 0 0 0 0 0 0 0 0 0 0 0 0 0 0 0 0 0 0 0 0 0 0 0 0 0 0 0 0 0 0 0 0 0 0 0 0 0 0 0 0 0 0 0 0 0 0 0 0 0 0 0 0 
0 0 0 0 0 0 0 0 0 0 0 0 0 0 0 0 0 0 0 0 0 0 0 0 0 0 0 0 0 0 0 0 0 0 0 0 0 0 0 0 0 0 0 0 0 0 0 0 0 0 0 0 0 0 0 0 0 0 0 0 0 0 0 0 0 0 0 0 0 0 0 0 0 0 0 0 0 0 0 0 0 0 0 0 0 0 0 0 0 0 
0 0 0 0 0 0 0 0 0 0 0 0 0 0 0 0 0 0 0 0 0 0 0 0 0 0 0 0 0 0 0 0 0 0 0 0 0 0 0 0 0 0 0 0 0 0 0 0 0 0 0 0 0 0 0 0 0 0 0 0 0 0 0 0 0 0 0 0 0 0 0 0 0 0 0 0 0 0 0 0 0 0 0 0 0 0 0 0 0 0 
0 0 0 0 0 0 0 0 0 0 0 0 0 0 0 0 0 0 0 0 0 0 0 0 0 0 0 0 0 0 0 0 0 0 0 0 0 0 0 0 0 0 0 0 0 0 0 0 0 0 0 0 0 0 0 0 0 0 0 0 0 0 0 0 0 0 0 0 0 0 0 0 0 0 0 0 0 0 0 0 0 0 0 0 0 0 0 0 0 0 
0 0 0 0 0 0 0 0 0 0 0 0 0 0 0 0 0 0 0 0 0 0 0 0 0 0 0 0 0 0 0 0 0 0 0 0 0 0 0 0 0 0 0 0 0 0 0 0 0 0 0 0 0 0 0 0 0 0 0 0 0 0 0 0 0 0 0 0 0 0 0 0 0 0 0 0 0 0 0 0 0 0 0 0 0 0 0 0 0 0 
0 0 0 0 0 0 0 0 0 0 0 0 0 0 0 0 0 0 0 0 0 0 0 0 0 0 0 0 0 0 0 0 0 0 0 0 0 0 0 0 0 0 0 0 0 0 0 0 0 0 0 0 0 0 0 0 0 0 0 0 0 0 0 0 0 0 0 0 0 0 0 0 0 0 0 0 0 0 0 0 0 0 0 0 0 0 0 0 0 0 
0 0 0 0 0 0 0 0 0 0 0 0 0 0 0 0 0 0 0 0 0 0 0 0 0 0 0 0 0 0 0 0 0 0 0 0 0 0 0 0 0 0 0 0 0 0 0 0 0 0 0 0 0 0 0 0 0 0 0 0 0 0 0 0 0 0 0 0 0 0 0 0 0 0 0 0 0 0 0 0 0 0 0 0 0 0 0 0 0 0 
0 0 0 0 0 0 0 0 0 0 0 0 0 0 0 0 0 0 0 0 0 0 0 0 0 0 0 0 0 0 0 0 0 0 0 0 0 0 0 0 0 0 0 0 0 0 0 0 0 0 0 0 0 0 0 0 0 0 0 0 0 0 0 0 0 0 0 0 0 0 0 0 0 0 0 0 0 0 0 0 0 0 0 0 0 0 0 0 0 0 
0 0 0 0 0 0 0 0 0 0 0 0 0 0 0 0 0 0 0 0 0 0 0 0 0 0 0 0 0 0 0 0 0 0 0 0 0 0 0 0 0 0 0 0 0 0 0 0 0 0 0 0 0 0 0 0 0 0 0 0 0 0 0 0 0 0 0 0 0 0 0 0 0 0 0 0 0 0 0 0 0 0 0 0 0 0 0 0 0 0 
0 0 0 0 0 0 0 0 0 0 0 0 0 0 0 0 0 0 0 0 0 0 0 0 0 0 0 0 0 0 0 0 0 0 0 0 0 0 0 0 0 0 0 0 0 0 0 0 0 0 0 0 0 0 0 0 0 0 0 0 0 0 0 0 0 0 0 0 0 0 0 0 0 0 0 0 0 0 0 0 0 0 0 0 0 0 0 0 0 0 
0 0 0 0 0 0 0 0 0 0 0 0 0 0 0 0 0 0 0 0 0 0 0 0 0 0 0 0 0 0 0 0 0 0 0 0 0 0 0 0 0 0 0 0 0 0 0 0 0 0 0 0 0 0 0 0 0 0 0 0 0 0 0 0 0 0 0 0 0 0 0 0 0 0 0 0 0 0 0 0 0 0 0 0 0 0 0 0 0 0 
1 0 0 0 0 0 0 0 0 0 0 0 0 0 0 0 0 0 0 0 0 0 0 0 0 0 0 0 0 0 0 0 0 0 0 0 0 0 0 0 0 0 0 0 0 0 0 0 0 0 0 0 0 0 0 0 0 0 0 0 0 0 0 0 0 0 0 0 0 0 0 0 0 0 0 0 0 0 0 0 0 0 0 0 0 0 0 0 0 0 
0 0 0 0 0 0 0 0 0 0 0 0 0 0 0 0 0 0 0 0 0 0 0 0 0 0 0 0 0 0 0 0 0 0 0 0 0 0 0 0 0 0 0 0 0 0 0 0 0 0 0 0 0 0 0 0 0 0 0 0 0 0 0 0 0 0 0 0 0 0 0 0 0 0 0 0 0 0 0 0 0 0 0 0 0 0 0 0 0 0 
0 0 0 0 0 0 0 0 0 0 0 0 0 0 0 0 0 0 0 0 0 0 0 0 0 0 0 0 0 0 0 0 0 0 0 0 0 0 0 0 0 0 0 0 0 0 0 0 0 0 0 0 0 0 0 0 0 0 0 0 0 0 0 0 0 0 0 0 0 0 0 0 0 0 0 0 0 0 0 0 0 0 0 0 0 0 0 0 0 0 
0 0 0 0 0 0 0 0 0 0 0 0 1 0 0 0 0 0 0 0 0 0 0 0 0 0 0 0 0 0 0 0 0 0 0 0 0 0 0 0 0 0 0 0 0 0 0 0 0 0 0 0 0 0 0 0 0 0 0 0 0 0 0 0 0 0 0 0 0 0 0 0 0 0 0 0 0 0 0 0 0 0 0 0 0 0 0 0 0 0 
0 2 0 0 2 0 0 0 0 0 1 0 0 0 0 0 0 0 0 0 0 0 0 0 0 0 0 0 0 0 0 0 0 0 0 0 0 0 0 0 0 0 0 0 0 0 0 0 0 0 0 0 0 0 0 0 0 0 0 0 0 0 0 0 0 0 0 0 0 0 0 0 0 0 0 0 0 0 0 0 0 0 0 0 0 0 0 0 0 0 
0 0 0 0 0 0 0 1 0 0 0 1 0 0 0 0 0 0 0 0 0 0 0 0 0 0 0 0 0 0 0 0 0 0 0 0 0 0 0 0 0 0 0 0 0 0 0 0 0 0 0 0 0 0 0 0 0 0 0 0 0 0 0 0 0 0 0 0 0 0 0 0 0 0 0 0 0 0 0 0 0 0 0 0 0 0 0 0 0 0 
2 2 0 1 0 0 0 1 0 1 0 1 1 0 0 0 0 0 0 0 0 0 0 0 0 0 0 0 0 0 0 0 0 0 0 0 0 0 0 0 0 0 0 0 0 0 0 0 0 0 0 0 0 0 0 0 0 0 0 0 0 0 0 0 0 0 0 0 0 0 0 0 0 0 0 0 0 0 0 0 0 0 0 0 0 0 0 0 0 0 
0 2 0 2 0 0 2 0 0 1 1 3 0 1 0 1 0 0 0 0 0 0 0 0 0 0 0 0 0 0 0 0 0 0 0 0 0 0 0 0 1 0 0 0 0 0 0 0 0 0 0 0 0 0 0 0 0 0 0 0 0 0 0 0 0 0 0 0 0 0 0 0 0 0 0 0 0 0 0 0 0 0 0 0 0 0 0 0 0 0 
1 2 2 4 0 1 1 0 0 0 1 0 0 1 0 1 0 0 0 0 0 0 0 0 0 0 0 0 0 0 0 0 0 0 0 0 0 0 0 0 0 0 0 0 0 0 0 0 0 0 0 0 0 0 0 0 0 0 0 0 0 0 0 0 0 0 0 0 0 0 0 0 0 0 0 0 0 0 0 0 0 0 0 0 0 0 0 0 0 0 
3 3 3 0 4 1 2 1 1 1 0 0 0 0 0 1 0 0 0 0 1 0 0 0 0 1 0 0 0 0 0 0 0 0 0 0 0 0 0 0 0 0 0 0 0 0 0 0 0 0 0 0 0 0 0 0 0 0 0 0 0 0 0 0 0 0 0 0 0 0 0 0 0 0 0 0 0 0 0 0 0 0 0 0 0 0 0 0 0 0 
0 4 1 1 2 0 1 1 1 4 2 0 0 0 1 1 1 0 0 1 2 0 1 0 0 0 0 0 1 1 0 1 0 0 0 0 0 0 0 0 0 0 0 0 0 0 0 0 0 0 0 0 0 0 0 0 0 0 0 0 0 0 0 0 0 0 0 0 0 0 0 0 0 0 0 0 0 0 0 0 0 0 0 0 0 0 0 0 0 0 
11 2 2 3 3 3 0 2 2 4 2 1 4 4 2 3 2 2 1 0 0 0 1 1 2 1 0 0 0 0 0 0 0 1 0 0 0 0 0 0 0 0 0 1 0 0 1 0 0 0 0 0 0 0 0 0 0 0 0 0 0 0 0 0 0 0 0 0 0 0 0 0 0 0 0 0 0 0 0 0 0 0 0 0 0 0 0 0 0 0 
1 4 9 6 4 6 6 4 3 1 4 2 5 2 0 2 0 2 0 2 2 4 0 1 0 2 0 2 0 0 3 0 0 0 0 0 0 0 0 0 0 0 0 0 0 0 0 0 0 1 0 0 0 0 0 0 0 0 0 0 0 0 0 0 0 0 0 0 0 0 0 0 0 0 0 0 0 0 0 0 0 0 0 0 0 0 0 0 0 0 
4 6 7 1 2 6 3 4 3 5 5 2 1 1 3 3 0 3 4 2 3 0 3 0 1 2 1 0 2 0 3 1 0 2 1 0 0 1 1 0 0 1 0 0 0 1 0 0 0 0 0 0 0 0 0 0 0 0 0 0 0 0 0 0 0 0 0 0 0 0 0 0 0 0 0 0 0 0 0 0 0 0 0 0 0 0 0 0 0 0 
12 8 4 6 9 2 10 9 3 3 6 3 4 3 2 6 2 2 1 5 1 1 1 2 1 3 3 0 0 3 0 1 2 1 1 0 1 0 0 0 0 0 0 0 0 0 0 0 0 0 0 0 0 0 0 0 0 0 0 0 0 0 0 0 0 0 0 0 0 0 0 0 0 0 0 0 0 0 0 0 0 0 0 0 0 0 0 0 0 0 
9 10 8 5 7 9 5 4 8 9 10 6 8 5 6 6 4 6 4 1 2 3 4 4 4 2 2 3 2 2 2 1 2 1 2 0 1 0 1 1 1 0 0 0 1 0 1 0 0 0 0 0 0 0 0 0 0 0 0 0 0 0 0 0 0 0 0 0 0 0 0 0 0 0 0 0 0 0 0 0 0 0 0 0 0 0 0 0 0 0 
7 10 11 7 6 6 11 11 3 6 6 7 6 6 6 9 5 5 7 5 7 4 3 4 2 2 0 4 2 2 5 3 5 4 1 0 0 0 1 1 0 0 1 1 0 0 1 1 0 0 1 0 0 0 0 0 0 0 0 0 0 0 0 0 0 0 0 0 0 0 0 0 0 0 0 0 0 0 0 0 0 0 0 0 0 0 0 0 0 0 
16 7 9 8 10 10 11 7 7 6 6 10 11 7 5 8 13 7 5 8 7 6 2 4 3 4 4 3 2 3 3 2 4 0 0 2 2 2 2 1 2 2 0 1 1 1 2 0 1 0 0 0 0 0 1 0 0 1 0 0 0 0 0 0 0 0 0 0 0 0 0 0 0 0 0 0 0 0 0 0 0 0 0 0 0 0 0 0 0 0 
9 11 6 14 6 11 11 6 12 6 8 12 12 13 16 7 9 7 14 6 6 9 4 8 5 6 7 7 1 7 4 3 2 4 2 3 0 4 2 1 3 1 3 1 1 2 0 2 2 0 0 0 0 2 0 0 1 0 0 0 0 0 0 0 0 0 0 0 1 0 0 0 0 0 0 0 0 0 0 0 0 0 0 0 0 0 0 0 0 0 
13 12 11 11 17 6 7 15 15 8 19 5 16 9 16 13 7 15 9 11 7 7 6 6 10 7 11 8 3 3 7 6 8 0 2 2 5 8 3 1 2 3 3 0 1 1 0 0 2 0 3 1 0 0 0 0 1 0 0 1 0 0 0 0 1 0 0 0 0 0 0 1 0 0 0 0 0 0 0 0 0 0 0 0 0 0 0 0 0 0 
18 15 9 16 14 13 12 16 11 15 11 9 10 17 13 8 13 16 8 14 15 9 18 8 9 7 10 10 6 5 12 8 4 5 9 5 8 5 2 1 5 3 2 4 1 5 1 1 0 2 3 1 0 0 1 1 1 0 0 2 0 0 0 1 0 0 1 0 1 0 0 0 0 0 0 0 1 0 0 0 0 0 0 0 0 0 0 0 0 0 
12 13 10 8 10 14 14 12 13 22 12 10 19 19 15 12 14 11 9 11 6 16 8 14 12 6 7 7 13 11 7 6 6 8 9 6 4 3 2 7 7 5 7 3 4 7 2 6 2 2 2 3 1 2 2 3 0 0 2 2 2 0 0 1 1 1 1 0 0 0 0 0 1 0 0 0 0 0 0 0 0 0 1 1 0 0 0 0 0 0 
11 24 15 10 9 15 10 16 15 15 9 15 11 13 16 15 17 14 19 7 11 9 14 12 12 12 13 8 14 7 16 10 9 10 10 9 7 9 6 10 2 5 1 6 3 6 4 4 3 3 1 4 3 7 1 0 2 3 0 1 2 0 1 1 0 2 1 0 0 0 0 0 0 0 0 0 0 1 0 0 0 0 0 0 0 0 0 0 0 0 
15 14 11 9 17 12 10 20 14 9 16 7 14 13 18 21 25 18 13 22 19 14 13 14 16 24 10 11 16 17 14 8 9 12 10 8 9 12 4 8 15 5 10 10 11 8 3 5 3 2 3 2 2 4 3 2 3 1 2 1 2 2 2 0 1 3 0 0 0 0 0 1 0 0 0 0 0 1 0 0 0 0 0 0 0 0 0 0 0 0 
5 8 8 13 16 19 12 17 13 14 11 18 19 18 10 14 16 17 4 19 10 14 13 10 16 11 9 7 22 15 14 12 7 7 9 8 9 9 14 8 9 8 8 5 6 10 14 4 11 5 9 2 3 3 8 0 5 4 1 2 6 0 3 5 2 2 1 1 2 0 0 1 2 0 0 0 0 0 0 0 2 0 0 0 0 0 0 0 0 0 
13 8 15 12 16 12 13 8 13 14 16 12 9 10 20 12 14 12 15 11 14 15 14 18 15 18 11 11 15 13 17 13 18 13 13 14 8 22 15 9 9 9 13 10 9 18 10 7 7 6 2 7 6 10 3 2 1 2 2 4 2 2 2 1 1 4 3 2 0 5 2 2 0 0 0 2 1 0 1 1 1 1 0 1 0 0 1 0 1 0 
10 11 8 13 12 6 11 14 17 15 14 15 18 14 11 10 20 20 12 16 16 11 9 19 16 10 19 10 14 20 13 15 8 19 15 10 14 15 6 15 17 15 14 13 7 7 11 11 6 10 13 6 7 1 9 10 8 7 2 4 2 3 2 1 3 3 2 1 3 2 1 5 1 3 2 1 1 0 2 0 2 0 0 1 1 1 0 1 0 0 
9 10 7 9 17 10 9 18 10 21 11 11 17 14 14 10 19 17 12 14 14 19 12 18 18 19 16 20 15 14 16 16 25 15 16 18 21 12 11 14 16 15 17 18 16 7 13 5 15 11 15 8 9 13 12 4 5 9 5 7 6 4 6 7 6 3 4 3 3 2 1 2 1 3 0 1 2 1 0 1 2 1 3 1 0 1 0 0 1 0 
11 11 12 11 17 9 10 10 13 13 15 21 11 13 18 15 17 19 14 15 14 14 12 7 21 12 15 15 16 16 21 13 17 18 19 14 13 14 15 12 16 17 15 22 10 8 13 6 11 13 10 14 8 11 5 8 6 8 7 7 7 10 7 9 5 7 3 4 0 1 1 6 3 1 2 5 0 1 3 4 3 2 0 1 1 1 2 0 1 0 
11 14 12 9 13 7 14 12 8 11 15 10 8 20 10 13 15 13 20 10 17 15 16 17 16 13 14 13 13 15 9 16 21 14 21 13 15 15 18 18 12 16 11 16 17 12 13 21 13 11 17 6 16 7 7 17 17 16 4 10 9 5 6 12 6 7 5 8 6 3 2 3 2 2 7 5 3 2 1 2 3 1 1 2 2 2 0 1 1 0 
11 8 5 8 12 7 8 9 9 15 10 11 12 12 12 14 14 12 11 9 12 18 13 18 20 15 19 6 19 14 17 14 15 20 22 19 13 13 19 15 24 18 16 22 18 17 11 13 14 12 12 12 7 13 17 13 11 12 12 17 15 10 9 6 7 7 6 7 5 4 5 2 4 4 1 6 3 3 3 3 4 4 2 2 2 0 0 2 0 0 
5 8 15 9 11 13 12 15 11 7 9 15 9 15 11 10 15 14 15 18 14 15 23 11 9 14 16 26 8 13 24 16 10 11 12 18 14 19 13 14 23 17 15 17 17 16 9 13 11 17 19 15 9 18 14 12 10 14 16 16 13 9 6 7 3 10 9 15 9 8 13 5 3 4 10 3 5 6 2 3 9 3 3 2 3 0 1 2 3 1 
9 9 6 5 9 5 5 4 8 4 15 3 11 12 11 12 13 8 11 4 11 12 8 13 17 11 18 11 13 15 11 17 23 18 7 17 18 10 15 19 14 8 14 20 14 13 14 20 17 18 17 9 14 15 15 13 17 19 16 26 11 11 9 10 16 5 9 14 10 14 11 10 9 10 5 6 5 10 8 3 3 5 4 2 3 4 5 3 5 2 
13 11 7 8 10 3 14 13 14 11 18 7 8 10 11 11 7 6 12 11 17 20 9 16 11 13 11 12 19 16 14 19 12 8 21 16 12 23 12 19 12 16 18 14 17 12 18 20 11 15 14 16 14 14 13 14 14 14 17 20 17 12 10 14 21 17 10 13 20 7 13 8 9 7 5 3 5 4 9 6 5 6 6 8 7 6 4 4 2 3 
4 11 10 5 6 8 13 5 10 12 7 8 4 9 7 9 5 7 10 11 9 7 8 10 8 17 13 15 13 7 8 10 10 8 18 15 13 28 12 13 21 16 19 12 19 16 10 11 17 11 10 10 10 19 18 13 10 21 20 12 11 11 18 16 12 14 9 19 9 9 12 8 10 9 10 8 13 8 9 4 6 3 9 7 6 4 4 8 5 4 
4 5 3 3 6 5 10 5 7 5 6 6 12 4 11 7 7 10 13 14 10 8 6 6 6 11 7 12 11 15 14 7 15 10 14 17 14 16 12 18 14 20 17 14 16 8 12 19 20 15 17 14 18 17 15 20 15 13 12 15 16 19 18 17 13 19 17 10 12 11 14 11 16 10 10 4 11 10 10 11 12 8 12 4 7 6 8 8 2 6 
4 11 5 3 11 6 5 12 4 11 7 10 13 9 9 11 8 8 9 8 14 11 8 9 12 7 11 7 11 10 10 15 13 9 12 10 17 16 12 14 15 10 14 15 12 14 14 11 19 13 18 16 15 20 9 14 15 15 10 10 13 20 14 15 14 15 19 13 14 12 14 13 17 9 9 11 15 8 11 6 7 8 6 9 8 8 7 3 10 5 
2 4 4 5 7 5 6 13 9 8 6 6 9 6 8 10 5 10 13 11 10 12 15 10 10 6 10 9 13 16 11 12 10 14 20 13 18 11 9 20 18 12 7 13 15 9 18 12 17 15 18 14 21 19 20 12 14 16 22 15 13 14 15 18 14 16 10 13 13 11 9 8 12 13 11 6 8 10 8 15 10 7 15 4 8 9 2 7 9 6 
6 7 10 3 7 4 2 10 5 4 6 3 8 9 10 12 8 4 7 8 10 9 12 9 4 7 5 7 8 9 10 10 15 9 8 9 10 13 12 11 18 15 10 22 12 9 8 16 11 13 14 14 14 20 16 11 16 21 11 14 19 12 13 10 9 16 15 18 18 15 13 13 10 14 18 11 7 11 10 13 16 10 13 9 6 4 11 8 8 9 
1 7 2 2 5 3 3 6 9 6 3 7 4 6 4 8 7 9 8 9 6 6 6 7 9 8 8 12 10 8 10 13 5 10 15 14 9 13 10 11 9 9 11 14 15 12 9 8 10 15 13 13 16 11 11 17 14 9 14 15 10 13 13 16 11 16 12 14 8 13 15 13 8 14 16 12 11 11 10 11 10 6 15 16 9 8 8 13 4 12 
5 4 6 5 6 7 2 1 9 3 5 5 5 7 5 11 8 7 4 8 6 8 8 12 8 7 12 7 8 9 10 8 5 10 8 12 17 9 17 9 10 10 9 13 10 8 9 6 7 9 10 9 14 6 9 15 14 12 15 17 13 18 13 9 15 10 13 20 23 9 7 7 11 10 12 19 12 15 10 14 13 10 12 13 12 11 17 16 8 6 
7 2 6 7 2 8 5 2 9 6 1 5 5 3 11 3 3 5 7 6 8 5 6 6 10 10 6 14 4 10 10 10 6 8 15 7 5 10 15 12 11 8 11 8 12 8 8 17 8 14 14 11 11 6 10 11 10 17 13 11 18 15 6 16 15 10 9 14 14 13 11 14 10 7 15 13 4 8 16 13 11 22 9 6 10 15 11 9 22 12 
2 3 5 4 2 5 6 3 5 3 6 3 7 3 10 7 8 4 2 2 4 8 11 6 8 7 10 8 7 12 10 8 7 14 22 8 9 10 15 7 13 10 5 9 6 6 9 12 13 9 9 6 6 12 3 12 10 14 8 10 5 12 18 10 13 15 10 12 11 19 14 16 12 15 6 11 17 12 16 13 14 10 13 12 14 3 18 14 4 11 
1 6 3 3 3 3 6 6 2 9 5 9 4 7 6 9 4 4 4 5 4 5 4 10 3 3 1 5 9 3 10 7 4 4 10 4 11 12 12 8 7 8 4 8 13 10 12 7 5 3 9 17 8 11 7 17 15 10 11 9 7 14 11 10 13 7 10 14 12 13 11 8 17 9 16 8 9 12 9 10 17 7 13 14 14 8 12 12 8 10 
