# Format: McCode with text headers
# URL: http://www.mccode.org
# Creator: McStas 2.5beta01 - Nov. 03, 2018
# Instrument: Full_simple_noSqq.instr
# Ncount: 6250000
# Trace: no
# Gravitation: no
# Seed: 1544335695
# Directory: Magnon_rerun_events_B_noEfocus_noSqq/23
# Nodes: 16
# Param: WaveMin=2.75
# Param: WaveMax=4.4
# Param: E_0=4
# Param: L_0=0
# Param: chopPulseOpening=0.004
# Param: DivSlit0_width=0.1
# Param: DivSlit1_width=0.1
# Param: DivSlit2_width=0.1
# Param: DivSlit3_width=0.1
# Param: Npulse=1
# Param: print=0
# Param: makeVirtualSource=0
# Param: printMValues=0
# Param: power=2
# Param: BWopen=161
# Param: OMA=37.072
# Param: TTA=74.1432
# Param: OMA2=30.628
# Param: TTA2=61.256
# Param: phi=37
# Param: dphi=0.332
# Param: MCPLfile=BIFROST_mcpl.gz
# Param: ax=0
# Param: ay=2.14
# Param: az=-1.24
# Param: bx=0
# Param: by=0
# Param: bz=2.47
# Param: cx=6.71
# Param: cy=0
# Param: cz=0
# Param: Omega=23
# Param: TwoTheta=20
# Param: lambda=10
# Param: dlambda=9.9
# Param: Rotation=0
# Param: inelastic=1
# Param: aa=6.28319
# Param: sample_J1=1.5
# Param: sample_J2=0
# Param: TT=300
# Param: FerroMagnet=0
# Param: Verbose=0
# Param: imultiplier=1
# Param: INCOH=0
# Param: INCOHspread=0
# Param: sample_focusW=2.1
# Param: sample_focusH=0.15
# Param: focus_EF=0
# Param: TOFmin=0.1172
# Param: TOFmax=0.186
# Param: TOFbins=256
# Date: Sun Dec  9 06:35:17 2018 (1544333717)
# type: array_2d(90, 90)
# Source: EGCESE (Full_simple_noSqq.instr)
# component: psd_monitor6
# position: 2.01513 -1.56124 0.733448
# title: PSD monitor
# Ncount: 100000000
# filename: analyser6_psd.dat
# statistics: X0=0.084879; dX=1.11455; Y0=-1.91634; dY=9.06616;
# signal: Min=0; Max=9119.58; Mean=66.4535;
# values: 538274 15540.2 2362
# xvar: X 
# yvar: Y 
# xlabel: X position [cm]
# ylabel: Y position [cm]
# zvar: I
# zlabel: Signal per bin
# xylimits: -2 2 -15.595 15.595
# variables: I I_err N
# Data [psd_monitor6/analyser6_psd.dat] I:
0 0 0 0 397.3427102 0 0 0 0 0 0 0 0 197.6418798 0 0 351.0292032 0 0 0 0 23.08600071 0 0 141.8092872 262.4011893 0 0 0 0 58.17053887 305.5723144 0 0 262.1177338 0 155.9204825 0 298.8962535 0 0 214.3553727 771.2830003 487.031137 211.2204065 0 155.0856441 230.945318 88.50359298 232.1744327 0 191.8823094 0 0 0 0 389.5717683 0 271.445289 0 0 311.8429521 317.8868414 242.0709461 0 0 131.1754489 233.6424392 0 191.0873256 0 307.3478896 191.254006 120.7266456 0 230.9909733 167.4181259 234.9747308 0 0 218.0914473 0 178.2741354 0 0 0 330.5543374 0 0 0 
287.8997072 0 0 270.0706897 0 0 0 0 0 444.0517552 267.1935099 0 0 153.1167303 0 0 0 311.7190974 321.5436352 0 0 0 213.75934 0 197.6871726 0 329.1676564 0 272.5758551 447.0871069 0 0 0 0 0 0 0 223.884913 0 0 206.2137644 0 185.8072498 365.9850875 147.7665314 0 321.3626144 0 0 189.4988693 0 201.996432 202.6844356 0 262.4762704 0 357.9693541 0 198.3422066 0 0 1769.955527 116.8043052 0 0 266.7473062 0 280.9957211 187.7151689 0 0 0 372.4934066 180.0837251 0 565.718697 0 0 224.5323206 0 0 214.2204709 0 0 0 0 0 0 433.2775981 0 
0 0 0 0 0 0 0 0 0 0 0 0 190.9457382 253.8245575 135.8232063 0 0 0 0 0 277.3884257 0 93.56896653 0 0 0 214.5334016 200.1284377 167.4537936 0 0 0 253.9656757 0 0 73.46718636 0 406.7672956 217.9037303 318.5072973 904.2396149 0 0 222.7130744 0 0 0 0 213.0241747 0 0 188.7565632 0 0 0 366.9705893 0 0 0 0 0 0 0 0 0 0 0 201.4515782 215.6741754 133.529468 0 61.48040536 250.7271992 120.8628451 0 413.0993822 219.0406524 0 0 0 0 0 191.2523715 0 0 0 0 0 170.4681711 0 
0 0 0 0 0 0 0 0 0 0 0 0 266.5741958 65.14066422 0 0 0 66.03905489 0 0 0 0 299.4970656 0 0 0 0 0 222.3428815 0 0 809.1343347 0 0 0 0 248.5959998 241.2935263 0 0 259.7396655 0 249.8377566 253.1155023 0 0 0 135.8959026 0 0 0 300.3404213 260.3920051 0 0 196.3715716 0 0 0 485.6848366 0 0 186.9610499 0 0 180.1492622 0 558.337787 0 0 194.1146086 0 135.7406191 286.4842924 184.1721548 0 0 332.1336187 0 0 0 0 0 0 0 0 85.35835779 0 0 254.6720816 
0 0 651.7401381 0 0 0 297.0080016 0 0 0 0 0 0 0 0 0 0 0 0 363.3021134 332.4162489 0 0 0 84.54095512 0 0 330.9079576 0 0 0 0 276.8459329 187.1972415 0 0 0 193.5853937 289.4484599 0 0 0 476.9033907 1637.535895 0 0 0 402.4388947 301.1476922 0 446.2122264 0 0 0 0 0 0 0 0 238.2817021 0 0 0 0 0 329.8529904 0 0 312.4818921 195.945272 0 136.5286239 0 0 0 238.7232926 192.3483109 0 0 0 0 0 0 179.779486 0 0 0 0 0 55.60724159 
0 0 253.5787049 0 0 518.2108986 0 0 148.3344259 274.0087108 0 0 0 0 0 0 305.441113 0 0 0 0 0 0 182.59527 0 0 201.2746765 0 0 0 474.623654 243.5031152 0 0 0 0 0 0 0 0 525.9398869 0 0 0 0 0 128.7849038 267.0307079 632.2939639 0 205.673705 0 0 0 0 97.01600242 268.2999754 302.5891772 198.1038083 200.1679862 284.8736756 0 116.3535762 0 585.4067069 0 142.001717 0 0 175.7402076 267.0369579 180.6351244 372.6451061 206.1786536 0 406.850837 139.2429706 0 0 0 0 253.2151345 212.555003 9119.578857 0 0 0 0 192.4437709 411.9337339 
382.9530905 0 0 0 0 208.9079885 0 0 0 0 380.5636329 0 0 0 0 267.4540017 0 0 508.9951689 0 0 0 0 0 0 0 0 0 238.664092 0 0 494.0348322 112.2213851 0 1563.086273 0 0 0 91.61796634 0 0 0 115.6023976 0 46.13401087 0 362.3747958 0 294.5101163 0 292.386841 374.7783557 215.7493246 0 274.1093353 0 0 0 180.7963098 132.798038 0 0 0 0 0 0 184.9747815 636.6181006 0 161.8348795 0 0 162.7582366 0 577.3383204 0 201.3853917 179.8709303 1254.239247 129.8535389 0 0 0 0 0 0 0 0 0 0 
0 0 0 388.8145001 0 497.8740045 0 308.9390628 0 0 0 0 0 190.7361212 0 0 3865.682358 155.0442224 0 344.5588136 0 234.5736629 0 0 0 0 0 174.3913625 0 0 0 0 0 312.6664162 84.21417316 150.527431 231.5832387 0 274.0889285 270.85016 387.2710067 196.0695892 0 189.7652833 95.69553515 0 0 0 0 0 0 253.6112267 0 161.9926392 0 0 266.7697026 0 0 180.7499555 0 0 217.2160164 0 0 479.2616956 0 0 879.4572325 316.8350739 0 0 330.7120458 0 208.8479782 0 0 0 0 0 0 0 259.7666151 170.3680275 257.9789553 0 0 217.6569242 0 343.2926612 
0 248.0917219 0 0 0 0 0 185.4740788 0 0 0 0 0 317.0375157 219.0767303 0 0 0 224.1992267 0 0 413.5528593 0 190.1637731 0 0 0 0 586.3427084 0 0 224.5321693 218.9921057 0 317.4996433 0 126.5310238 287.2918294 0 0 0 292.7373837 0 0 180.9628923 0 0 190.8127148 0 309.0835955 0 44.87623166 156.2503412 0 0 0 38.47795678 0 301.3239728 0 383.597074 0 0 0 0 0 0 0 0 0 106.8824003 174.8491969 140.8390485 0 0 0 0 295.3271339 138.6334874 0 0 0 482.2832749 0 205.7995628 0 186.7534122 0 0 0 
0 0 0 0 298.3614447 87.6665792 0 0 0 0 0 0 0 1662.698121 309.225936 170.4341655 0 0 0 0 0 0 0 0 300.3908397 0 0 285.251834 0 0 0 191.3825369 0 0 0 0 203.5459666 0 0 0 0 0 262.6736365 0 0 0 0 168.8617639 207.6412049 0 235.1578502 0 211.0510451 0 0 0 349.9933907 0 0 0 197.5511431 0 328.4642028 0 0 0 0 157.1711701 0 243.4730294 0 0 0 495.6122918 0 0 0 349.2435113 0 0 161.9503607 0 0 0 78.52548272 0 0 291.5371372 0 0 
0 294.7248555 0 0 0 0 0 0 0 0 198.2968845 189.7702379 145.8028471 0 0 187.371467 0 0 0 0 0 150.7568725 0 0 0 284.6946092 0 0 0 295.6211898 0 262.1550171 0 0 0 0 0 0 0 0 414.9655233 0 0 0 277.2161791 0 0 0 0 0 0 0 0 422.1852301 302.5557705 0 0 260.3901068 0 55.87268257 0 0 0 226.0008694 0 0 0 0 0 0 0 0 0 254.301915 0 212.2576953 0 0 0 184.1636584 0 0 194.9532056 0 0 0 0 0 0 254.4114353 
247.1267923 0 0 0 0 0 0 0 0 231.6466234 0 0 147.1727006 0 0 0 0 0 0 0 205.4469138 138.0442915 0 0 0 0 0 0 0 0 0 0 0 0 0 206.7236261 0 0 0 0 0 0 0 0 0 262.6526557 0 234.8372293 0 0 0 0 0 0 349.961013 187.234191 147.5754248 0 0 0 0 60.58499776 172.5516602 0 0 0 0 0 0 145.8086207 0 0 0 0 259.7660277 0 0 0 0 0 0 0 0 0 0 203.3167102 0 484.7695315 0 140.3156942 
0 484.6975288 0 0 0 0 0 0 0 0 176.0669562 0 0 0 0 0 0 0 0 0 0 0 0 0 0 866.83025 0 0 206.0575863 0 440.4993812 0 0 220.3481301 0 105.7340546 0 231.6958097 0 177.9648182 198.5736275 0 0 0 0 0 0 0 0 0 267.6764105 0 0 258.0284207 328.5236124 156.9347133 0 0 0 0 241.0392238 0 131.0458191 0 0 0 0 204.1306873 298.1528676 221.5887651 0 0 0 309.9422652 0 0 0 87.34815337 0 0 0 0 0 110.6572062 0 84.36549441 0 176.6135013 129.0391044 139.9351306 
0 0 0 0 496.1967226 0 0 0 0 0 284.7954468 0 0 0 247.1483045 0 0 0 0 215.5160475 0 0 0 0 283.543457 0 205.9500889 184.5568065 0 0 0 0 0 302.1402932 0 0 0 145.4547667 0 0 0 0 0 0 234.9387365 143.7967956 264.8504062 0 0 0 536.2200336 0 0 317.9195022 0 260.5254825 0 0 0 0 0 297.2727153 261.2689968 0 251.9458731 180.8311986 281.1146581 0 160.6514729 0 0 0 0 0 0 0 0 0 149.8710564 0 0 0 0 0 190.5815088 0 0 0 128.7814734 357.6043699 
0 0 0 0 0 0 0 271.094696 0 0 0 0 274.0485057 263.5259528 178.0598644 0 0 0 0 0 0 0 199.8396447 0 0 0 0 0 0 565.1826465 0 218.7373225 233.9527483 1573.575013 0 212.9364984 210.1945617 0 0 0 0 0 0 1048.793535 226.3467882 200.7623812 0 259.4138676 0 0 463.2227279 0 0 434.581676 226.746633 0 0 0 120.7120159 228.8972548 0 0 0 180.8090974 0 0 0 0 0 176.9062111 203.0105611 226.6206774 0 0 340.6931393 0 0 0 0 0 0 0 0 0 0 0 0 0 0 455.2796876 
224.7666566 0 0 0 0 0 0 310.55192 462.4809068 0 0 0 0 218.8542107 0 0 0 0 0 0 0 0 81.19709066 0 0 373.9483033 0 0 0 0 0 322.5649401 276.7355307 0 0 307.2437306 0 0 0 230.3142125 0 0 0 0 0 0 0 0 0 0 244.6109089 0 0 64.46326331 202.1367886 0 0 0 0 177.4797927 0 0 0 0 0 0 173.1659686 0 0 308.6746886 0 0 0 0 420.6776136 237.0690625 0 0 0 177.1514893 0 277.0276279 0 124.6841894 226.5659591 0 0 0 0 0 
0 0 660.9751758 0 0 0 0 0 501.284127 0 0 0 0 0 0 0 0 0 0 0 0 287.906375 0 0 275.6028119 0 0 0 0 196.4459424 0 0 0 0 211.1257062 0 0 0 0 110.8718178 0 0 246.3712412 0 338.0671343 0 0 0 201.8500099 0 0 191.7701015 0 219.587689 122.1836998 0 0 0 0 0 0 266.9403171 196.3241948 0 196.8944586 0 0 159.0822452 0 0 0 192.2911456 266.3576734 52.44887289 152.5972157 0 0 0 0 0 396.8333381 0 161.5220581 190.4020086 0 0 0 198.102948 184.7969252 0 
0 0 0 0 136.255771 0 0 0 0 0 0 249.2894526 0 0 0 0 0 0 0 0 0 466.8155144 452.5637587 0 222.7126671 144.7021957 105.627721 0 112.350544 0 0 0 0 0 0 0 0 0 313.007291 0 0 0 0 0 0 0 0 131.6845534 144.4969065 0 158.7343039 0 0 160.0685069 0 0 194.7755039 0 0 0 0 0 0 0 340.3513851 0 0 0 0 211.8079885 372.7858922 0 0 180.6323385 0 219.6231257 0 0 0 252.8916558 0 0 0 0 656.0312395 0 0 762.8550641 0 0 
0 0 242.9119776 0 311.9772173 0 0 0 346.6107472 0 0 246.8485017 0 0 0 0 230.3638946 0 59.59009754 244.5614579 0 0 367.4288568 93.45914683 455.1881621 0 0 0 0 234.5717144 0 0 239.8849931 426.0195595 55.64759724 0 0 114.9127479 0 317.2092738 178.3181342 0 0 0 336.3362488 184.9648314 206.2760348 0 318.6400979 0 0 0 0 533.8077684 0 0 0 0 0 0 71.43444964 0 191.3193617 534.1361015 518.5286357 0 0 0 182.5322553 0 0 0 248.2563028 211.6580243 394.0154972 213.9474513 0 259.1694755 0 180.4647153 0 0 0 0 0 0 263.3037366 0 68.92775838 0 
0 0 0 0 0 0 0 261.9288647 0 318.7520709 0 0 0 0 0 230.3053109 0 0 0 225.0647809 0 0 0 0 0 0 0 0 0 0 0 0 187.7594125 0 0 0 0 302.2177607 0 195.4742651 0 179.0790633 0 258.1086463 203.9359901 0 0 0 0 0 0 0 283.6991355 0 0 0 0 0 0 0 0 0 16.8016574 0 0 0 0 0 0 84.25233682 0 217.8271869 199.9321791 281.2106393 0 0 191.3121666 0 0 230.0010992 0 153.6775784 0 163.0175139 0 0 200.8152953 263.8637159 41.31843099 0 
0 0 0 0 0 0 373.1710612 132.6388616 0 0 0 0 0 0 0 0 116.4095 0 0 0 0 167.9345723 0 0 0 249.5645639 0 0 0 0 0 0 0 0 0 237.2508876 0 0 0 0 85.71677363 0 0 0 0 0 0 0 0 0 0 0 0 0 267.4133645 0 0 0 0 0 0 0 281.1891827 0 0 139.2176926 164.1776062 0 0 218.4728505 0 0 0 164.6931534 0 0 0 219.5411431 0 199.9715039 193.2182953 0 0 0 0 434.850173 0 0 0 0 
209.3373367 0 0 0 0 0 0 0 184.7379617 293.193152 497.1762698 0 304.7669826 0 472.269457 310.0083915 0 0 0 0 211.9406852 0 0 313.6247511 0 184.1007354 0 0 0 185.6663125 258.4683999 0 169.6999996 0 208.3085386 0 218.567765 333.0820722 0 98.4008044 0 210.732186 0 0 0 260.0305257 312.0312561 0 0 0 0 0 344.5781965 0 284.2923124 0 236.021504 230.0263342 0 189.0749757 0 264.1925741 105.4874156 0 0 0 379.350632 189.1594246 0 221.8222647 193.2802599 0 0 360.6106726 0 0 224.0293927 0 185.4284516 0 0 0 169.1683084 0 0 0 0 0 0 0 
0 358.4393667 0 181.5105494 0 0 0 0 372.0476767 270.1934048 0 0 0 0 215.7553438 230.2665248 0 0 0 0 0 427.4227062 219.2759734 260.5438958 0 0 244.3834395 235.2895291 0 0 0 0 0 0 0 0 178.1660468 0 0 481.1745426 383.3334204 211.9415844 0 0 0 0 0 494.0744693 0 0 621.4632264 0 0 0 0 0 0 0 0 0 0 0 472.6428766 266.1896724 0 423.525583 297.0298633 0 0 0 0 0 0 0 203.8792102 405.8241349 427.0898259 0 0 160.5623609 190.0101674 0 0 0 0 358.5413677 230.5771234 203.1009538 356.6244581 0 
0 279.7922369 0 401.5642561 0 0 0 331.7807462 453.5403652 243.8011654 178.2431511 0 0 0 0 0 0 0 252.9883833 0 156.9253516 0 0 0 0 0 0 0 237.263239 0 0 0 0 141.3836034 0 0 0 305.3041914 0 134.7736559 161.164445 0 132.1978291 0 0 0 0 0 193.5621864 144.2077258 0 726.958662 0 0 361.5404156 124.8734608 395.9145073 0 0 133.682049 0 0 0 0 208.0890642 0 0 0 0 0 0 0 0 0 0 263.2120001 0 0 0 0 226.7645638 171.1962387 186.4340539 0 0 248.3364752 0 181.0999714 0 0 
192.1435471 251.1815513 0 271.3590655 0 0 0 0 0 0 0 689.2973336 0 0 0 0 0 0 0 0 0 0 391.7562868 0 0 95.24864732 0 0 0 260.783847 0 0 0 187.1450971 0 0 0 0 0 0 0 0 0 0 0 0 0 0 236.6309902 0 0 0 0 260.205714 0 0 0 0 342.5131137 0 0 0 0 0 0 0 0 0 0 307.8203444 148.4356434 179.0365593 109.2519833 0 199.0618756 0 0 171.2163855 0 0 0 0 0 338.030238 0 0 248.6236683 31.51834698 0 0 
558.6789903 0 0 283.8406739 0 220.653546 0 0 0 0 234.0433318 0 0 0 83.83533564 0 0 0 0 39.59144833 0 0 0 0 0 127.161779 0 0 0 433.4151295 241.0847525 0 0 0 228.3345912 0 0 0 0 0 0 0 550.38491 0 209.6368825 279.4972279 0 147.0444165 0 0 233.0305936 0 0 83.83116976 350.7122542 0 0 0 0 0 0 0 0 0 232.0240378 679.9265185 0 0 0 0 0 169.2638557 0 0 0 0 0 0 0 0 0 207.1533665 0 0 197.4100669 0 0 567.9934712 228.5999768 0 
0 0 0 0 0 0 0 0 0 0 484.8070587 0 0 0 0 0 328.1465982 0 165.6951597 0 0 0 0 0 143.3266843 104.5862299 0 0 0 0 0 395.6178452 0 93.31292023 0 133.7238202 235.4841476 0 144.3035223 0 0 0 0 0 0 133.3128688 0 0 0 0 128.0429629 0 498.2492982 0 0 0 0 0 196.2723293 0 184.8660656 508.8036276 157.6586863 161.759836 142.386298 357.994801 0 0 0 0 228.4725471 0 0 269.5440889 0 0 0 0 0 0 236.6916016 178.2376118 0 0 0 0 124.7358237 0 0 204.4229608 
0 0 224.0810347 0 0 0 0 0 0 0 0 0 0 216.7023599 0 204.4942732 0 0 0 0 0 316.1472217 0 0 0 0 207.3065345 0 424.1480369 0 0 295.0821139 0 0 0 159.9701867 0 0 0 0 449.423164 0 0 0 0 0 0 0 248.8268764 171.8202476 271.3196039 0 0 0 0 272.2356543 0 197.7263922 0 0 110.0374524 0 0 0 299.1952081 0 380.4492202 0 406.7065768 0 0 0 0 164.0664299 0 337.0749764 161.2703045 189.2146466 191.0271231 0 0 0 375.62179 0 0 0 0 0 0 0 
0 0 205.9940297 0 0 0 102.2252325 211.6660211 0 0 138.8224602 556.2297432 0 343.4135504 0 0 130.4605629 0 0 236.0056693 0 0 0 0 0 0 204.4606649 0 0 0 0 137.9375544 439.3791745 0 0 0 0 0 0 0 0 0 0 601.6370469 0 0 0 0 0 0 0 0 0 0 204.5364321 78.07832234 0 0 176.0076122 336.8558023 364.6741481 0 55.46513039 164.0684957 0 0 196.7723946 0 0 514.0640502 0 0 0 0 0 0 186.0392806 211.33889 225.0757993 0 350.736766 0 0 0 424.1185535 0 0 0 0 0 
0 0 233.0776727 0 0 290.8202003 260.0803216 0 0 0 0 0 173.3843275 0 0 0 94.20131072 0 0 0 0 0 0 0 218.3045146 398.7928601 0 0 0 225.5190204 0 524.7985136 0 0 0 275.1381928 0 215.8406129 354.8634631 96.31622658 0 0 0 0 0 287.6922787 215.6332657 0 0 134.5589548 0 0 0 120.1443093 0 0 0 282.5075715 153.665403 0 101.795614 0 237.9990225 178.9708845 0 0 0 0 352.3378002 0 0 171.0306531 312.6584042 0 0 0 0 0 0 0 128.6829569 0 0 166.6468565 188.0539736 0 0 0 0 0 
0 0 0 0 318.8303893 0 0 615.7841275 223.5675534 0 0 499.6240536 0 0 0 0 0 206.7296786 165.4718483 0 0 0 456.8891551 0 0 386.5340397 179.4493538 0 100.4861745 182.3871996 225.1030254 185.3798827 0 0 0 0 0 0 146.11438 0 0 158.1707928 0 0 410.5542516 0 0 203.906476 199.2758622 209.4416581 0 281.143766 215.3339752 0 192.5967485 217.8702223 0 339.4363399 0 0 0 109.3865246 175.0036429 393.9370201 281.080892 0 0 0 236.2900302 0 0 0 252.3496815 133.3078476 189.0854914 193.7413701 0 0 291.9105903 155.3236177 0 291.8963485 0 0 0 573.6947801 0 0 0 0 
0 0 0 0 426.8806103 0 338.984224 0 0 0 0 0 228.1405897 0 0 0 224.163193 0 0 204.4549748 0 0 0 240.7293914 0 0 0 277.4878887 0 0 0 363.8178376 0 0 0 0 0 0 188.1243634 0 0 0 0 0 427.5744919 218.9101929 196.746528 209.7576692 208.6742711 0 0 402.6158619 0 0 0 0 0 186.9470224 0 0 0 0 0 164.8600575 0 302.2934024 208.6641059 0 0 163.1444135 0 0 393.7023838 0 191.2018466 0 74.63747196 0 0 0 0 0 0 0 0 0 0 0 0 0 
0 0 0 324.3600169 0 0 0 0 475.8501127 0 230.4527847 0 99.07469244 0 0 0 0 0 207.0513118 0 0 0 0 0 0 0 0 0 0 0 0 0 0 0 0 0 444.1391228 315.7931128 186.8694058 498.5255103 278.9659548 405.6783495 0 203.93754 0 0 0 0 0 0 298.3920823 0 0 0 177.9147149 0 369.0226255 0 0 0 0 87.76926997 235.2478252 0 0 0 0 0 0 0 0 171.8366506 0 188.4026782 198.1353341 0 0 0 197.5991781 0 0 0 198.5536646 0 0 91.95239146 0 0 0 0 
0 261.7214809 0 264.8991179 0 0 0 0 0 0 0 0 0 0 448.8894733 602.6582332 192.6671471 243.2086656 0 556.8002143 278.9944997 0 0 0 0 0 0 0 0 0 0 0 247.9126896 0 252.2757091 221.7283607 0 0 319.1370374 0 0 0 214.3884692 307.0645364 0 0 170.1983869 537.6412224 326.6635037 0 0 0 0 0 0 0 0 0 0 0 0 0 0 181.9262556 0 0 0 0 0 63.67283832 0 93.94206383 0 0 0 0 0 0 183.8845381 0 0 0 0 0 0 224.6700083 0 0 207.2865206 0 
0 0 0 0 0 0 0 0 0 56.25154574 171.4016028 301.0937558 177.9837882 0 0 0 0 0 0 92.63595933 0 341.69291 399.0662779 0 0 0 0 216.0814322 304.6382438 0 0 0 0 0 0 201.3746785 0 0 0 398.6980527 275.2682813 0 194.9547765 233.9678374 0 0 0 215.419384 124.8818301 262.7939251 0 128.880537 0 0 0 211.6533178 0 0 0 0 0 0 0 0 0 86.94490505 606.7855236 0 0 177.7430381 0 0 0 0 0 0 0 182.7103861 0 0 476.1792413 0 167.7219057 125.7008788 303.9749803 489.8062891 0 0 174.4538033 0 
0 0 0 0 0 0 0 0 305.9417851 0 172.177218 0 0 218.4090049 0 0 264.6779287 0 0 0 0 0 0 0 0 0 0 0 0 0 0 231.1614765 0 178.0763474 0 0 0 282.0023838 0 0 321.0381728 0 0 0 254.9088563 0 99.06471118 385.2789566 0 0 310.7258786 0 0 209.2769653 174.4356017 0 0 0 0 0 0 0 0 0 198.1488511 0 252.2515542 0 0 278.9718249 0 147.8088682 0 0 184.9658084 227.4434431 0 245.3913428 0 0 0 449.6247171 0 0 0 0 0 169.0017251 0 138.094456 
0 0 0 0 0 0 0 0 0 372.7187917 0 170.0286693 0 0 0 0 0 219.0597964 0 142.3474833 196.9686517 0 0 0 0 0 0 0 0 0 323.6834098 0 0 0 0 259.4014119 303.2773078 145.2988096 0 0 0 201.2377754 0 0 174.5391599 0 147.0421548 0 0 0 196.4335746 0 174.704049 0 252.5848123 0 0 194.1346927 210.474717 41.80009674 132.6507252 0 0 0 0 0 0 200.7513759 0 524.5510488 0 360.4872859 0 0 0 0 0 164.4099655 228.6006565 0 0 0 306.3451435 0 0 0 256.4851058 0 0 0 
0 0 0 0 0 0 0 0 0 0 445.6673533 0 0 0 0 0 0 0 0 0 0 0 0 0 0 0 0 0 0 0 146.4971171 0 0 0 0 0 0 104.9478823 558.6521226 0 40.60916984 0 0 0 125.3763264 0 0 0 0 0 142.0818539 0 148.4546109 0 224.6735414 0 235.8911679 0 0 240.8391179 0 0 0 721.8853155 491.1579178 0 0 0 0 45.04747095 0 0 0 0 227.1216847 237.412528 0 0 250.4978204 0 224.0086539 0 288.469346 114.7279519 0 277.8682923 0 173.9458188 0 0 
0 0 0 0 261.275072 0 311.5505613 0 0 0 262.5205927 0 0 0 0 0 0 0 0 212.0162762 0 0 0 228.1580896 0 0 0 0 238.1953388 0 0 0 364.4823146 0 0 215.5459173 0 2.620975515 287.9368329 191.0825154 0 230.7124215 0 203.8810456 0 0 409.4022974 0 0 0 0 0 0 337.1714594 0 0 0 0 0 0 181.1484695 0 0 0 281.1262309 0 0 0 0 0 0 0 0 0 0 0 0 0 0 0 0 0 0 0 0 120.8370589 0 0 0 0 
0 0 0 0 0 0 0 0 0 0 0 0 0 198.2578634 0 0 0 0 0 0 0 227.3368809 0 0 0 0 0 0 287.0136093 0 20.10830472 0 0 0 206.0352378 0 0 0 262.4875242 0 0 0 0 413.6937316 197.949637 361.1372398 0 0 0 0 0 227.5930574 0 254.0104055 239.3923767 0 0 0 197.9889109 0 0 183.2165223 190.7738406 0 0 394.1740293 0 0 0 297.4721156 0 166.4784438 0 0 0 0 0 364.9322619 0 0 0 288.4620784 0 152.9675112 414.9181539 0 0 0 0 0 
0 0 0 0 0 0 0 0 0 0 0 218.6971423 0 197.7791885 0 0 0 0 0 0 0 142.4660817 246.906045 242.7350417 192.4931226 0 0 132.2550445 0 0 0 200.086597 0 0 0 0 0 259.8018171 0 0 0 0 0 0 0 550.4597602 0 0 166.035359 138.483409 0 0 0 0 0 0 0 0 0 198.5672034 0 0 0 0 0 0 0 0 0 0 0 177.1347788 0 0 0 141.9690246 0 0 262.3368415 0 0 0 200.4165653 0 68.35148156 0 0 0 0 232.5145258 
0 0 0 0 0 0 0 0 0 0 0 0 198.0674172 195.9376299 0 0 0 0 214.5329331 0 0 400.1008125 0 196.4341836 0 0 0 0 0 0 217.3465159 48.50395315 119.2913396 0 448.8506583 0 236.3307744 378.631919 413.4594876 0 526.1686877 0 0 0 0 39.04328091 0 0 0 0 0 0 0 0 252.6215194 0 0 359.769743 0 0 0 0 233.6701411 0 243.9726591 0 0 166.0363667 0 0 240.0622652 0 196.1782178 0 0 0 0 0 0 0 0 0 819.6559858 0 0 160.0749194 0 0 0 0 
0 0 0 0 0 90.11676805 0 0 0 0 286.1008985 0 189.6714553 0 0 0 492.0698257 0 0 0 0 279.1908339 176.0229402 0 0 0 287.327019 0 0 0 153.9469235 334.5782014 489.5686124 0 285.5640782 782.0731962 220.412444 0 0 0 0 0 0 0 0 0 0 0 0 0 0 67.41926037 0 0 0 0 0 0 0 95.30132963 0 0 178.1002846 0 0 0 76.3686962 0 0 0 0 0 0 0 0 0 0 190.35712 295.9290289 58.39082164 0 0 0 401.5565412 334.7059144 0 105.2918286 0 258.1794735 0 
0 0 0 0 0 0 0 0 44.71211073 0 179.9593449 0 0 0 0 0 0 0 200.6269299 311.0333919 0 0 327.2866435 0 300.878306 133.1052259 211.0679924 331.1847517 0 0 0 0 0 0 0 0 0 0 249.1018137 228.1248488 0 0 0 274.8715217 122.8735165 0 0 203.3506807 240.3568562 0 0 0 0 0 0 0 0 0 448.4485129 189.9734344 0 446.4419712 0 0 0 219.5277498 0 0 63.22269969 0 0 0 417.4830107 0 187.1460631 0 0 0 0 0 0 0 255.3131163 0 0 0 0 469.4046579 0 0 
0 0 0 0 396.3134846 0 213.6241416 0 0 0 0 178.3716541 0 0 0 0 0 0 0 0 0 0 0 0 0 0 0 0 0 0 0 214.4511285 0 136.9639838 0 231.6535211 0 0 298.1017254 0 0 0 0 228.3146651 0 179.9399538 206.589242 0 0 0 199.3115642 0 0 236.1591541 0 0 212.3406043 268.7904635 199.2012729 0 0 0 0 200.720374 0 0 0 317.1162986 0 414.3228887 0 0 91.66062542 0 0 0 0 0 0 0 197.9222062 0 0 207.2039184 115.1490547 0 0 0 0 0 
0 0 0 0 0 0 0 0 0 0 0 0 0 0 0 0 0 0 0 0 0 0 0 259.632755 149.9574295 0 181.0327335 223.8107526 191.7050268 200.8816478 233.507561 0 0 0 0 0 220.3498458 0 0 150.2151877 0 122.0841273 0 0 0 0 0 0 0 0 0 0 0 0 0 0 0 0 0 0 0 131.0349447 191.8481791 0 0 0 0 0 0 0 0 0 0 135.2446267 0 0 0 75.09707786 0 0 0 105.1582022 205.7241986 0 0 0 0 0 0 269.3785569 
0 323.5797266 467.2489237 0 0 0 0 0 499.613438 0 0 0 0 0 0 205.9886738 0 0 650.8890614 0 0 0 355.1350396 0 0 0 0 248.6080854 0 195.4629653 0 0 0 0 0 287.5315942 386.5844675 0 0 0 0 0 0 478.1651656 0 0 0 0 0 0 441.0763859 0 248.0584574 0 220.2264346 0 0 0 0 0 0 189.2912377 0 0 0 0 0 0 0 0 0 0 0 400.6162475 195.6197591 0 0 0 0 274.4929714 0 0 0 0 0 130.2087978 0 0 0 0 
0 0 0 0 231.2902634 0 0 0 0 0 0 0 0 201.4605786 0 0 0 322.9280349 0 0 0 0 0 0 0 0 0 0 0 0 0 0 229.3234029 0 0 0 0 0 0 185.9781522 0 0 0 512.1343919 0 315.0512356 262.4850855 0 0 410.9037478 0 0 0 0 0 274.5800207 0 0 496.5669319 191.3283785 0 0 0 0 0 0 0 157.0912125 0 0 0 0 0 0 0 0 0 0 411.1514168 206.7512115 0 178.8853591 186.7239932 0 0 0 300.2467704 213.9488792 213.5111946 0 
0 0 0 0 0 0 0 0 205.7368866 0 0 0 219.7003873 0 0 0 563.8585218 0 395.5838291 0 0 0 0 379.7728839 0 0 0 275.5195538 0 0 0 0 0 0 301.5143933 0 0 104.1112863 0 0 0 212.3614046 0 0 0 0 191.8176246 0 0 0 0 0 217.9309209 0 0 434.5122824 0 0 0 0 0 0 142.9640323 116.4784897 0 132.035612 343.5246905 330.4122456 0 0 0 0 0 0 0 129.4219247 190.1863494 0 142.4305704 0 0 159.7790235 0 0 95.26461251 228.9427529 347.445089 0 0 0 
0 459.2673229 135.7919202 0 0 0 136.9974658 0 0 0 0 507.4875395 0 0 0 0 197.5881306 0 0 0 0 0 182.8815772 0 0 213.1487644 0 0 0 0 0 0 0 0 0 0 430.3611195 465.0191206 227.4275786 0 0 223.5741772 179.8311356 0 0 365.5600566 0 200.3208261 0 0 166.5716071 0 0 221.6704167 0 0 0 0 0 0 0 0 0 0 267.7317311 0 0 0 327.6164136 0 403.7413498 194.9667117 216.1229785 0 0 0 0 0 0 222.0985348 0 343.2550442 225.7044683 0 0 0 0 0 150.4795257 0 
0 0 0 0 0 0 0 0 0 0 0 0 0 0 0 0 0 0 0 176.4531152 215.2322253 0 52.75965493 0 0 0 361.9520177 0 0 0 149.7690745 0 0 0 0 0 0 198.9860536 0 115.26714 0 0 0 0 0 0 0 0 0 0 193.2348498 141.9507278 193.8591787 0 249.4084502 0 0 462.051172 0 0 134.5015518 0 353.2381802 211.9931619 0 0 0 0 0 0 304.1786637 188.4170299 0 0 56.80322866 59.93739788 0 0 204.9587114 228.3673567 0 0 0 0 0 0 0 206.5575565 203.7021656 0 
230.9069225 0 0 0 0 0 0 0 0 0 0 0 0 0 519.8597265 0 294.9985857 0 0 250.7395407 0 0 0 0 0 159.2167427 158.9154648 0 0 124.4784711 0 0 484.1564285 0 0 0 0 241.8960771 197.5171196 76.20006163 0 0 112.4047874 0 0 0 0 0 0 0 0 0 0 0 0 0 0 186.4778342 0 0 0 0 0 0 0 0 0 302.985625 0 89.59421375 0 0 0 0 0 0 0 0 200.6236673 0 0 0 0 0 0 0 0 0 161.3796224 0 
0 0 0 0 0 0 0 0 0 0 0 0 0 0 0 443.544568 0 0 0 0 221.1294109 284.2012873 80.03588244 0 0 182.1964788 0 0 401.0531977 245.5540703 0 488.7128188 304.3947497 0 0 0 0 0 0 217.9593801 313.8461839 0 0 0 0 473.4453519 276.3446256 0 0 304.6001991 52.8486948 332.0707915 0 0 0 0 0 0 0 0 0 0 0 0 0 82.75266507 0 0 262.6516656 0 0 0 0 0 298.9460261 0 0 137.1904427 88.90906732 0 0 0 0 0 0 198.6722871 0 0 0 0 
0 0 0 0 0 0 0 0 0 0 360.3722991 0 288.014297 0 0 0 0 0 0 0 567.6409069 399.6203719 277.5725366 0 0 0 0 0 0 242.0652701 0 316.3708898 0 0 0 0 0 0 828.2941875 243.5788773 201.0501878 0 0 204.2008899 0 0 0 0 0 222.6707789 280.100495 0 0 0 0 398.8381187 0 187.1838583 0 181.1464155 145.2231315 196.4854644 0 0 0 0 42.1619336 262.3994279 0 0 0 142.9754403 0 0 356.2995172 0 0 0 0 39.00642496 0 0 0 69.94410471 0 0 0 0 0 198.4897687 
0 207.2183346 0 0 238.4699866 0 213.0019576 0 0 0 0 0 0 0 0 0 0 0 0 468.0242811 0 0 477.9510117 0 97.59051136 0 0 0 166.9941025 0 0 173.3092764 0 0 0 178.5020488 0 263.8746749 0 279.1784526 147.714275 0 214.0149774 0 204.1672278 217.9004552 0 0 0 0 296.9587872 0 0 0 307.630998 0 0 0 101.1556251 0 0 0 0 0 0 0 0 0 258.5650062 0 0 300.365944 0 297.5964508 0 208.8161296 0 0 240.6264987 0 0 0 0 0 0 0 0 0 212.8004955 162.7224904 
0 465.7226997 252.1413234 0 0 0 0 0 179.3660346 0 0 0 213.9517224 0 0 0 0 0 0 227.0870711 0 316.5410478 0 357.443604 0 585.9558174 0 0 0 0 0 0 454.8350921 217.8675694 0 175.8734739 0 0 0 0 0 0 200.1614684 0 0 0 0 0 205.5279909 0 0 0 203.4225177 0 0 0 0 0 0 0 0 69.4911367 0 0 414.3150633 0 0 0 370.0074576 0 471.9992661 0 211.0854876 0 0 0 0 140.0069894 0 0 0 0 0 551.9026334 0 0 0 0 0 0 
341.6790863 0 0 0 0 0 0 0 0 0 0 0 0 0 0 0 0 0 0 0 0 0 0 0 0 265.3098152 0 287.6184252 0 0 0 652.4005936 243.7785059 0 0 51.00011821 0 0 194.2776109 0 0 0 0 0 0 0 0 0 0 0 0 0 0 220.7475005 106.6476895 0 0 279.9298405 234.5082986 0 0 0 0 228.7026092 23.52635051 0 0 0 0 0 0 0 0 232.9987505 196.6454834 0 203.8264888 0 287.8926508 166.1046368 177.3266491 0 0 234.0522714 0 0 372.3619257 0 0 0 
284.2725178 0 0 0 0 0 0 387.4973243 0 0 202.0103366 0 0 0 0 0 0 0 0 646.011035 0 0 0 274.2087294 0 0 254.9069205 0 0 0 0 214.8521973 146.9613334 0 0 155.1114678 0 0 168.1334632 0 0 0 0 0 0 0 128.9775235 0 0 132.3668188 0 245.697723 0 0 0 0 0 0 0 0 0 0 0 0 0 222.566633 0 0 0 0 0 0 0 180.088334 342.3119454 90.44168321 356.6892581 0 0 0 0 0 0 0 0 0 0 0 423.5550418 0 
0 0 0 228.3188993 0 0 190.0683267 0 0 0 0 0 0 0 615.8809762 0 0 0 0 389.4604913 0 0 174.0583489 0 0 0 0 0 0 0 0 0 0 0 0 0 258.6840777 0 229.1311862 0 0 0 252.8531153 0 397.9497274 0 126.38939 0 0 0 0 0 0 0 0 262.1090569 52.39468288 0 0 0 0 254.1067985 266.4567359 0 0 291.419656 0 278.500411 0 195.5655918 0 0 0 154.0445184 0 243.946635 230.1331973 0 355.7816559 0 0 0 0 0 0 0 343.4300114 0 474.633407 178.1849368 
0 0 0 288.1692178 0 0 0 0 0 65.04476781 269.5524868 90.05848633 0 0 0 0 0 279.3484444 0 215.4431979 0 0 0 259.956619 0 0 0 0 0 0 0 0 470.6994627 0 0 153.5109803 0 0 281.1468593 0 0 0 0 0 0 225.6177795 0 0 0 217.4992245 0 184.6804252 0 256.2483868 0 0 0 160.52882 0 0 0 0 0 255.7032276 0 0 0 484.3302894 396.3974363 182.7633396 218.6145619 0 0 193.9881542 0 692.0355929 0 176.9430155 0 0 209.1743301 0 283.521995 0 0 0 0 0 0 0 
0 0 0 341.1506319 0 0 281.170016 106.0920946 0 0 0 0 0 462.189955 0 0 0 665.7733106 0 502.1441067 0 182.195065 0 0 232.1243006 0 0 0 137.5079786 0 0 0 0 0 0 0 0 0 0 171.9999328 148.4899398 276.8138084 0 323.2315136 0 0 0 164.0674828 0 101.8447784 158.1928044 0 0 0 0 81.81773542 156.0350916 0 0 303.2380201 154.2880707 180.7438057 0 0 0 0 202.6443123 0 212.8370439 0 0 0 0 54.27478824 0 0 61.68673843 0 0 0 0 0 0 96.73321858 175.8615611 189.5880221 0 0 190.985035 0 
0 206.1055389 0 0 0 0 755.4523525 0 419.8721117 0 0 0 0 0 0 0 261.1625094 0 0 0 0 0 0 233.739601 0 0 141.0783195 0 0 0 0 0 0 0 0 0 0 0 0 0 0 0 0 181.0561876 0 0 312.367865 0 562.5962595 0 0 0 0 0 0 0 0 270.9422859 0 0 0 401.4916396 0 0 0 0 0 0 0 0 0 0 0 207.8474907 0 0 0 0 0 0 407.7948764 0 0 0 0 0 0 0 0 0 
0 0 0 0 0 0 0 0 0 0 0 0 0 0 0 0 0 0 213.268272 0 0 0 0 0 0 176.050626 0 0 0 0 0 79.43756694 0 0 0 0 0 0 0 301.4618184 0 96.1931031 0 0 0 222.33748 0 0 0 0 0 0 0 0 0 0 0 0 195.4732935 0 207.3912102 340.4261644 0 0 0 0 0 306.4272089 0 0 0 175.7065264 0 0 0 0 0 0 196.7240412 0 0 0 0 0 0 0 0 0 0 0 
0 0 0 0 0 0 0 0 0 0 0 201.6708002 0 0 0 0 282.7404587 0 0 0 0 0 234.1251538 0 0 0 0 0 259.8849499 0 0 194.7529003 0 0 0 0 0 0 0 180.3229557 0 243.9532929 218.7950391 0 0 0 0 0 0 407.2365698 237.0015546 0 0 0 0 0 0 0 0 106.6054016 0 0 0 0 200.9004175 0 325.3949301 357.7133091 130.4491574 0 0 0 0 0 0 0 0 0 192.4800658 211.6373289 0 0 373.6359603 0 0 0 0 0 171.3676761 0 
0 0 307.5642457 0 0 0 0 225.549255 0 0 0 0 0 0 0 0 398.5382873 0 0 0 0 0 0 148.2646177 0 0 0 0 0 0 0 278.6791255 0 0 0 0 0 649.4314463 0 0 0 0 201.175569 0 0 0 0 0 0 292.2825167 143.4474212 0 0 0 250.2561934 0 0 95.24084651 0 198.3144952 0 0 0 0 0 375.7719161 419.3733246 0 483.5091722 0 105.8454847 131.0957318 0 315.1390996 0 0 0 0 0 366.5614862 0 0 0 0 0 0 0 0 180.2262709 0 
230.7814551 0 0 0 0 0 0 105.6303303 0 0 0 358.4302057 0 0 0 0 214.4965506 0 244.5975863 260.3294575 0 0 0 0 0 0 250.5912666 0 0 0 0 0 0 0 0 0 0 0 0 0 0 0 0 493.87324 112.4036276 0 0 0 183.1972729 228.0384546 0 0 0 0 0 0 136.4391089 0 0 0 0 0 320.9416748 0 0 0 87.9275352 502.4805179 0 0 0 88.59986879 0 0 0 468.1782492 269.5203291 0 369.8657233 0 174.6507842 0 283.5338507 0 0 0 279.9674316 305.5960014 0 241.6524375 
0 0 424.7651437 0 0 0 0 0 0 0 0 235.6869417 0 244.3263302 290.6061635 0 0 124.687002 0 0 34.02654464 0 0 0 0 313.9631859 0 0 263.6050066 0 0 0 0 0 0 0 0 0 0 0 0 184.6814542 0 0 0 0 0 0 0 0 0 0 0 0 0 0 0 0 189.4512416 0 0 136.1522158 0 0 0 0 0 0 0 0 0 0 0 0 393.4368388 0 0 0 0 439.9534275 0 207.6325808 0 0 0 54.49423466 383.9255827 0 0 0 
197.5097504 0 0 440.5738114 0 0 0 0 0 0 0 0 0 0 216.1766874 0 0 0 0 0 0 0 0 76.9900701 0 0 0 0 0 0 0 0 0 0 0 0 0 0 0 0 0 211.8315489 0 328.8749157 0 0 0 0 0 178.5702171 0 196.0093986 461.5812793 197.7254973 0 0 0 144.8284967 265.9546506 0 0 191.7119035 209.0141289 0 0 0 0 0 0 0 0 0 0 0 0 0 0 0 0 445.2318947 0 0 0 0 0 0 0 0 0 0 
0 0 194.9570857 272.5875211 0 0 0 0 0 0 204.2810051 0 0 0 223.739748 0 0 0 0 0 0 0 0 0 575.5594586 0 0 0 0 0 386.4556802 386.3455333 0 0 0 0 317.1250243 107.9047286 0 0 0 0 0 0 0 0 0 0 293.8101556 0 0 0 0 0 0 0 0 0 44.3807515 0 182.8774286 0 0 0 311.7758104 0 121.8558816 0 0 0 0 276.5758711 0 400.1815948 0 0 0 0 0 184.5617907 0 0 203.4541195 170.6753365 0 0 0 0 0 0 
0 310.4004513 0 0 0 0 0 0 0 202.5931692 0 0 0 0 0 0 0 196.2768499 137.7686732 271.8531253 0 526.1407857 0 0 0 0 0 201.2866625 0 0 0 0 127.0698795 0 0 0 0 0 0 0 226.2783995 0 470.2025465 0 0 242.7761972 183.7925382 0 456.2199221 0 0 0 0 370.9328348 205.2019754 0 0 532.4401867 0 203.3481332 0 279.9348551 0 0 0 0 0 349.4757801 132.7492702 0 0 186.706633 0 0 0 266.592639 515.8432819 0 0 182.2509405 0 0 0 0 0 0 0 0 0 308.4241863 
0 0 245.3271379 206.1823992 168.4960273 711.3546785 0 0 0 0 0 0 0 0 0 610.289613 0 0 84.45431019 0 0 414.0285707 0 0 0 0 112.4157512 0 175.6030081 0 0 0 0 0 0 0 371.6853573 0 0 0 0 0 0 0 166.0724987 0 249.4952694 0 0 182.3173997 174.0633559 211.9196669 196.6141452 0 0 0 185.1298873 0 0 0 0 0 0 163.5623649 0 0 0 0 0 189.6223852 0 0 209.6349837 0 0 0 0 0 0 413.245607 0 0 246.9171377 0 0 0 0 0 0 0 
0 0 191.0220639 24.16577105 0 0 0 0 0 269.5323001 0 0 405.593217 0 0 219.5947071 0 0 0 0 0 0 0 217.6816029 0 0 0 0 0 322.1547033 0 348.5316675 339.5391815 0 146.8930769 0 0 0 0 0 0 0 0 0 0 0 0 0 226.6730744 0 0 0 204.4698275 388.7313032 0 0 0 0 128.0067955 0 0 0 318.4518809 196.2996242 0 183.8778645 0 0 62.69390091 0 221.2699224 0 158.3719397 215.1242741 0 0 0 0 0 0 0 207.6354552 0 0 0 0 0 0 0 0 
0 0 0 0 0 0 0 0 258.2858723 0 0 0 0 0 0 379.6613573 0 0 0 0 0 356.0545813 215.4441306 0 0 0 0 0 0 281.1463171 237.4976808 0 0 0 0 236.7844165 0 0 0 0 234.6891617 0 0 0 0 0 0 0 0 0 0 0 0 551.2289311 0 0 0 252.7206995 0 0 360.5636448 0 0 0 0 104.9508762 0 0 0 0 0 263.0739798 0 0 0 0 0 175.2955112 0 0 0 0 0 252.9444936 0 433.6664024 0 0 0 0 
0 0 0 0 37.26946427 390.7745058 0 0 0 0 0 0 0 0 215.7611255 0 0 0 0 0 0 0 0 142.3960434 0 0 242.0318392 0 0 392.7720148 248.8836579 0 0 0 0 0 0 0 205.6169304 0 0 0 395.9579035 0 0 0 0 372.1039782 0 391.0955748 172.8117335 0 0 350.6782972 0 0 197.1792626 428.1864921 0 0 208.5570883 270.1181249 520.6304743 0 0 0 0 697.5674225 0 0 191.2360849 0 324.7431527 0 0 449.9386866 0 0 366.8200718 0 0 0 0 0 0 0 0 0 0 0 
90.52877111 0 0 0 0 0 0 0 0 69.73125762 0 180.4212865 0 173.8094799 0 0 0 0 0 0 0 0 0 0 0 0 0 0 0 227.7895686 185.9741042 369.1577702 0 0 0 0 139.841996 0 64.97413324 0 0 0 208.5542605 0 0 0 114.8992009 0 217.6015195 0 130.0971568 127.9841647 0 198.6293495 0 252.4204179 212.6752808 0 267.1633136 0 0 0 0 215.1239451 529.3365723 0 0 0 495.1849216 0 456.0401455 0 0 0 0 0 156.5676058 0 0 0 0 0 34.24789905 0 0 0 0 0 181.9772205 0 
0 0 0 0 0 0 0 0 0 0 0 0 0 266.3396969 0 0 0 0 0 0 0 0 0 0 218.8850825 0 0 0 0 0 0 0 330.7103328 0 326.6249212 0 0 0 0 0 0 0 0 399.48895 0 0 0 0 0 0 301.0963866 0 0 0 87.79151164 0 0 0 0 0 194.5826464 0 0 0 0 0 170.9057734 0 338.5365325 242.5213522 0 0 0 0 0 0 0 0 0 0 0 0 0 173.5674942 226.1641069 0 0 0 0 0 
0 0 56.61127078 0 0 0 0 0 181.3625217 0 0 0 223.1006626 0 312.1013726 0 503.9565787 0 0 0 0 0 0 516.2640198 0 0 0 0 0 0 0 0 0 0 0 405.0278231 0 0 0 0 164.1109399 0 0 0 0 0 0 0 0 0 0 0 654.6090877 177.9328815 0 0 0 0 0 0 301.2299231 0 0 0 0 0 160.4556969 0 0 0 0 0 0 0 353.5791434 140.6917042 0 0 0 69.07938264 0 0 0 0 0 0 0 203.6284971 77.76670274 0 
560.4475735 0 0 0 0 206.0627145 181.9734991 0 175.2814211 0 0 0 0 0 0 267.349823 0 70.1279293 0 0 0 190.2434758 0 0 0 0 0 0 0 0 185.4378029 0 0 0 195.4837088 374.735109 0 281.6515294 202.3860193 0 0 0 0 0 0 0 0 0 0 0 399.6446976 160.6738127 0 145.9369492 0 0 0 156.2672296 0 0 0 0 0 0 372.1468902 0 0 0 0 0 0 0 0 0 0 0 0 0 0 353.1715118 0 0 0 0 0 0 0 0 0 0 
276.0963029 0 0 0 0 0 0 0 0 0 0 255.7936563 206.6553069 0 435.0701305 292.9891683 309.0128423 0 0 218.8642008 0 0 0 0 0 0 0 0 0 181.7486558 0 560.2165495 259.3244161 0 0 0 271.08968 0 0 0 175.8915397 0 302.662396 306.3521925 203.1873234 92.33406806 0 0 0 240.0685751 0 0 0 328.4961271 0 0 0 0 0 0 217.1589626 0 332.7186715 0 0 0 0 0 339.8922192 0 0 0 0 213.0748304 0 0 0 0 0 0 0 0 0 0 0 0 0 0 203.5134682 329.3216275 
0 0 0 0 0 0 0 0 0 0 0 0 560.4667117 0 0 0 258.8130052 0 0 0 0 0 0 144.6212989 0 272.9461304 0 0 0 0 0 0 330.9358936 0 0 0 0 0 0 0 0 221.8090672 0 0 105.1223292 0 0 0 0 0 0 0 216.5099179 209.4729431 0 0 65.20073463 0 0 0 0 0 195.9285798 0 0 0 0 0 0 105.2586642 0 0 0 233.0861715 0 0 0 195.1593043 0 143.6982179 0 0 0 0 0 0 0 0 0 0 
0 0 0 0 0 0 0 229.8708932 0 0 0 0 0 218.3757303 0 0 0 0 0 0 0 0 0 0 188.6004666 0 0 288.8325821 0 0 0 0 0 0 0 0 224.2107151 0 676.3521977 0 216.9674396 0 0 0 0 0 433.3969356 80.86446243 0 0 0 0 0 347.8810352 0 0 0 0 211.2049767 0 0 0 0 0 0 0 141.2846153 409.0863867 0 0 0 0 0 0 0 0 0 0 0 127.2575343 0 0 0 0 0 0 0 0 0 163.4494454 
0 0 0 0 218.1712689 359.8244813 0 194.0390657 0 0 279.7891542 0 0 0 0 0 0 0 0 0 68.97401903 0 0 0 0 0 221.4980613 0 0 0 0 0 0 0 0 331.9090953 0 0 0 0 0 0 210.8980674 358.7136442 0 321.9806983 0 0 218.5791057 183.3406679 0 0 0 0 0 0 0 0 0 0 0 0 0 0 0 0 0 0 0 0 0 0 0 0 186.818794 0 0 0 56.55007136 0 0 0 0 231.3089066 0 85.2758831 368.9127563 0 181.3321829 0 
0 432.1391128 0 0 0 0 0 0 0 0 0 0 0 0 0 0 0 0 0 0 0 0 308.4375785 0 0 0 0 184.4371735 214.0401225 549.1905549 0 130.2761821 0 20.85652274 283.3476277 0 0 401.8308824 439.2243587 0 0 0 0 0 0 0 0 0 0 540.5228688 0 0 0 0 0 483.0252646 0 0 178.9407663 0 0 0 190.2690324 0 276.4236409 0 0 0 0 265.5375839 0 0 0 0 0 116.4765624 213.7547954 0 0 230.2246262 89.4390331 168.0531128 0 0 0 0 194.4878262 179.4701555 0 262.3174182 
0 0 0 0 0 0 0 0 0 0 0 143.5426466 0 0 168.9247229 0 0 0 0 0 0 0 0 0 0 0 0 0 0 227.0549183 0 0 0 0 0 0 0 0 0 0 0 161.2684047 277.1000226 0 0 0 0 0 334.3304263 0 0 0 0 0 210.7137036 0 0 0 0 0 0 196.235759 0 0 175.6531134 193.2428786 0 0 0 182.5721925 0 0 0 205.4425645 0 0 0 0 0 0 0 133.7651829 0 0 0 0 0 353.7938461 0 0 
0 0 0 0 0 0 0 0 0 439.4607655 0 162.0930343 0 0 0 0 0 0 0 0 0 0 0 0 0 0 0 0 0 0 0 0 612.8490676 0 196.6030165 0 0 0 0 0 0 0 0 0 0 0 0 0 0 0 0 202.5122771 175.8835313 170.0936148 0 296.421018 0 132.1576973 186.6747265 0 0 0 0 0 246.4338539 0 0 0 351.6398947 0 0 187.9077501 0 0 0 0 0 126.3750098 0 0 113.3331792 0 0 0 0 0 138.22944 159.0341243 0 0 
0 384.8162336 0 0 0 0 0 0 0 0 0 0 0 0 0 0 0 61.58529032 0 0 0 0 0 0 0 0 0 0 0 0 0 0 0 0 0 0 0 0 316.7347587 0 0 0 0 0 151.3282718 0 0 124.2046222 0 251.25878 0 0 0 0 0 0 0 202.1077141 127.7098442 0 0 0 0 0 362.2877909 0 0 0 0 0 399.7765074 0 0 0 0 0 0 0 0 0 0 101.5116924 0 0 0 176.2216854 0 218.6398522 0 0 
0 0 0 0 0 0 0 0 0 0 763.1035695 0 0 154.9070402 370.1803666 0 0 369.8042976 0 0 190.7654031 461.2142073 0 0 0 0 0 421.4867843 0 0 0 96.51729931 315.2091881 233.6716581 0 197.9919632 0 0 0 126.3415675 417.6137673 0 0 0 0 280.9620905 0 267.038206 0 0 0 0 0 0 0 0 0 0 0 0 0 0 0 0 0 0 0 0 0 0 178.0319106 0 0 0 0 251.4617796 0 0 0 459.2526932 311.2074097 0 0 0 0 0 0 0 171.9460078 0 
0 0 0 0 0 0 0 0 0 0 0 0 0 0 0 0 0 0 0 0 0 0 0 0 0 0 0 0 0 0 0 0 0 0 0 0 0 0 280.7031424 236.0769011 306.2231248 0 0 0 0 0 0 0 0 0 0 0 257.4148205 115.4401133 201.6751388 0 365.0138913 0 0 578.0065266 0 0 0 0 0 0 0 0 0 0 0 0 444.9291612 0 0 0 0 120.1596146 236.5497848 47.60840414 0 224.8934327 0 0 0 0 302.7983596 0 414.6421989 0 
0 0 208.2739376 0 0 0 0 482.8900987 0 80.95082523 0 0 0 279.8793861 0 75.61421204 0 0 0 0 0 112.2298509 0 0 0 124.008312 0 0 0 0 0 257.626267 0 0 0 0 0 0 0 0 142.6600555 0 0 0 0 0 0 0 0 0 0 247.9846541 219.3117477 133.148536 0 192.6287642 0 0 0 0 0 0 0 0 0 0 0 0 0 0 0 0 0 0 0 0 0 0 0 0 0 0 206.3011438 0 0 0 0 0 218.1006242 68.46593894 
0 0 0 0 0 0 0 0 0 302.9516956 0 0 0 0 0 0 325.8264936 0 0 0 0 0 200.6161838 0 0 316.2447417 194.0581143 0 334.5963898 0 0 0 0 0 0 0 0 0 0 0 0 0 0 168.8694963 0 0 0 0 0 0 0 0 0 0 0 0 0 246.4806765 138.5194112 0 0 0 0 460.0053483 0 0 0 445.7239107 189.7309793 0 0 0 203.5703473 0 0 0 142.2134507 0 179.73843 0 0 244.7521095 0 0 0 0 391.6636751 0 0 0 
# Errors [psd_monitor6/analyser6_psd.dat] I_err:
0 0 0 0 282.570277 0 0 0 0 0 0 0 0 197.6418798 0 0 351.0292032 0 0 0 0 23.08600071 0 0 141.8092872 262.4011893 0 0 0 0 58.17053887 305.5723144 0 0 262.1177338 0 155.9204825 0 298.8962535 0 0 214.3553727 473.0504141 350.7141894 211.2204065 0 155.0856441 230.945318 88.50359298 232.1744327 0 191.8823094 0 0 0 0 275.9589131 0 271.445289 0 0 311.8429521 317.8868414 242.0709461 0 0 131.1754489 233.6424392 0 191.0873256 0 223.9063422 191.254006 120.7266456 0 230.9909733 167.4181259 204.9977513 0 0 218.0914473 0 178.2741354 0 0 0 330.5543374 0 0 0 
287.8997072 0 0 270.0706897 0 0 0 0 0 357.8805585 267.1935099 0 0 153.1167303 0 0 0 311.7190974 269.2294285 0 0 0 213.75934 0 197.6871726 0 329.1676564 0 272.5758551 350.3610278 0 0 0 0 0 0 0 223.884913 0 0 206.2137644 0 185.8072498 365.9850875 147.7665314 0 321.3626144 0 0 189.4988693 0 201.996432 202.6844356 0 262.4762704 0 255.4737502 0 198.3422066 0 0 1769.955527 85.5844386 0 0 251.0654007 0 280.9957211 187.7151689 0 0 0 372.4934066 180.0837251 0 426.2520348 0 0 224.5323206 0 0 214.2204709 0 0 0 0 0 0 327.0853376 0 
0 0 0 0 0 0 0 0 0 0 0 0 190.9457382 253.8245575 135.8232063 0 0 0 0 0 277.3884257 0 93.56896653 0 0 0 214.5334016 200.1284377 167.4537936 0 0 0 253.9656757 0 0 73.46718636 0 287.6778633 217.9037303 318.5072973 904.2396149 0 0 222.7130744 0 0 0 0 213.0241747 0 0 188.7565632 0 0 0 260.5203095 0 0 0 0 0 0 0 0 0 0 0 201.4515782 215.6741754 133.529468 0 61.48040536 250.7271992 120.8628451 0 292.2135216 219.0406524 0 0 0 0 0 191.2523715 0 0 0 0 0 170.4681711 0 
0 0 0 0 0 0 0 0 0 0 0 0 266.5741958 65.14066422 0 0 0 66.03905489 0 0 0 0 299.4970656 0 0 0 0 0 222.3428815 0 0 492.6083295 0 0 0 0 248.5959998 241.2935263 0 0 230.2709131 0 179.2464204 253.1155023 0 0 0 135.8959026 0 0 0 300.3404213 260.3920051 0 0 196.3715716 0 0 0 398.1980706 0 0 186.9610499 0 0 180.1492622 0 398.8270268 0 0 194.1146086 0 135.7406191 256.2355051 184.1721548 0 0 332.1336187 0 0 0 0 0 0 0 0 85.35835779 0 0 254.6720816 
0 0 474.4029899 0 0 0 297.0080016 0 0 0 0 0 0 0 0 0 0 0 0 421.1162468 237.3003887 0 0 0 84.54095512 0 0 330.9079576 0 0 0 0 276.8459329 187.1972415 0 0 0 193.5853937 289.4484599 0 0 0 338.1806581 1739.841403 0 0 0 291.2327984 301.1476922 0 316.1891613 0 0 0 0 0 0 0 0 238.2817021 0 0 0 0 0 236.5016885 0 0 312.4818921 195.945272 0 136.5286239 0 0 0 238.7232926 192.3483109 0 0 0 0 0 0 179.779486 0 0 0 0 0 55.60724159 
0 0 253.5787049 0 0 518.2108986 0 0 148.3344259 274.0087108 0 0 0 0 0 0 305.441113 0 0 0 0 0 0 182.59527 0 0 201.2746765 0 0 0 474.623654 243.5031152 0 0 0 0 0 0 0 0 375.5746985 0 0 0 0 0 128.7849038 217.3815325 479.4816922 0 205.673705 0 0 0 0 97.01600242 268.2999754 302.5891772 198.1038083 200.1679862 284.8736756 0 116.3535762 0 414.1664588 0 142.001717 0 0 175.7402076 267.0369579 180.6351244 248.69163 206.1786536 0 294.5658133 139.2429706 0 0 0 0 253.2151345 212.555003 10782.68606 0 0 0 0 192.4437709 293.5768375 
382.9530905 0 0 0 0 208.9079885 0 0 0 0 380.5636329 0 0 0 0 267.4540017 0 0 365.3515913 0 0 0 0 0 0 0 0 0 238.664092 0 0 337.0209209 112.2213851 0 1563.086273 0 0 0 91.61796634 0 0 0 115.6023976 0 46.13401087 0 256.4982613 0 294.5101163 0 292.386841 374.7783557 215.7493246 0 199.0685117 0 0 0 180.7963098 132.798038 0 0 0 0 0 0 184.9747815 377.7828173 0 161.8348795 0 0 162.7582366 0 444.9313708 0 201.3853917 179.8709303 1254.239247 129.8535389 0 0 0 0 0 0 0 0 0 0 
0 0 0 302.3937916 0 366.3848275 0 308.9390628 0 0 0 0 0 190.7361212 0 0 3865.682358 155.0442224 0 255.8166172 0 234.5736629 0 0 0 0 0 174.3913625 0 0 0 0 0 312.6664162 84.21417316 150.527431 231.5832387 0 274.0889285 270.85016 387.2710067 196.0695892 0 189.7652833 95.69553515 0 0 0 0 0 0 253.6112267 0 161.9926392 0 0 266.7697026 0 0 180.7499555 0 0 217.2160164 0 0 346.0095761 0 0 518.0724077 260.4273516 0 0 273.4642137 0 208.8479782 0 0 0 0 0 0 0 259.7666151 170.3680275 257.9789553 0 0 217.6569242 0 249.5955169 
0 248.0917219 0 0 0 0 0 185.4740788 0 0 0 0 0 317.0375157 219.0767303 0 0 0 224.1992267 0 0 413.5528593 0 190.1637731 0 0 0 0 423.1148017 0 0 224.5321693 218.9921057 0 317.4996433 0 126.5310238 287.2918294 0 0 0 292.7373837 0 0 180.9628923 0 0 190.8127148 0 309.0835955 0 44.87623166 156.2503412 0 0 0 38.47795678 0 301.3239728 0 383.597074 0 0 0 0 0 0 0 0 0 106.8824003 174.8491969 140.8390485 0 0 0 0 295.3271339 138.6334874 0 0 0 351.691139 0 205.7995628 0 186.7534122 0 0 0 
0 0 0 0 298.3614447 87.6665792 0 0 0 0 0 0 0 1662.698121 309.225936 170.4341655 0 0 0 0 0 0 0 0 300.3908397 0 0 285.251834 0 0 0 191.3825369 0 0 0 0 203.5459666 0 0 0 0 0 262.6736365 0 0 0 0 168.8617639 207.6412049 0 235.1578502 0 211.0510451 0 0 0 280.335884 0 0 0 197.5511431 0 328.4642028 0 0 0 0 157.1711701 0 243.4730294 0 0 0 359.0280907 0 0 0 357.9681981 0 0 161.9503607 0 0 0 78.52548272 0 0 291.5371372 0 0 
0 294.7248555 0 0 0 0 0 0 0 0 198.2968845 189.7702379 145.8028471 0 0 187.371467 0 0 0 0 0 150.7568725 0 0 0 284.6946092 0 0 0 295.6211898 0 262.1550171 0 0 0 0 0 0 0 0 302.1742821 0 0 0 277.2161791 0 0 0 0 0 0 0 0 322.2681759 302.5557705 0 0 195.9572861 0 55.87268257 0 0 0 226.0008694 0 0 0 0 0 0 0 0 0 254.301915 0 212.2576953 0 0 0 184.1636584 0 0 194.9532056 0 0 0 0 0 0 254.4114353 
247.1267923 0 0 0 0 0 0 0 0 231.6466234 0 0 147.1727006 0 0 0 0 0 0 0 205.4469138 138.0442915 0 0 0 0 0 0 0 0 0 0 0 0 0 206.7236261 0 0 0 0 0 0 0 0 0 233.2857037 0 234.8372293 0 0 0 0 0 0 347.6073777 187.234191 147.5754248 0 0 0 0 60.58499776 172.5516602 0 0 0 0 0 0 145.8086207 0 0 0 0 259.7660277 0 0 0 0 0 0 0 0 0 0 146.0369144 0 365.4341535 0 140.3156942 
0 351.8053462 0 0 0 0 0 0 0 0 176.0669562 0 0 0 0 0 0 0 0 0 0 0 0 0 0 552.0139702 0 0 206.0575863 0 440.4993812 0 0 220.3481301 0 105.7340546 0 231.6958097 0 177.9648182 198.5736275 0 0 0 0 0 0 0 0 0 267.6764105 0 0 258.0284207 328.5236124 156.9347133 0 0 0 0 241.0392238 0 131.0458191 0 0 0 0 204.1306873 298.1528676 221.5887651 0 0 0 309.9422652 0 0 0 87.34815337 0 0 0 0 0 110.6572062 0 84.36549441 0 176.6135013 129.0391044 139.9351306 
0 0 0 0 496.1967226 0 0 0 0 0 284.7954468 0 0 0 247.1483045 0 0 0 0 215.5160475 0 0 0 0 283.543457 0 205.9500889 184.5568065 0 0 0 0 0 302.1402932 0 0 0 145.4547667 0 0 0 0 0 0 234.9387365 143.7967956 264.8504062 0 0 0 320.3606775 0 0 233.6621055 0 260.5254825 0 0 0 0 0 301.1732772 261.2689968 0 251.9458731 180.8311986 281.1146581 0 160.6514729 0 0 0 0 0 0 0 0 0 149.8710564 0 0 0 0 0 190.5815088 0 0 0 128.7814734 258.048904 
0 0 0 0 0 0 0 271.094696 0 0 0 0 274.0485057 263.5259528 178.0598644 0 0 0 0 0 0 0 199.8396447 0 0 0 0 0 0 399.6836422 0 218.7373225 233.9527483 1573.575013 0 212.9364984 210.1945617 0 0 0 0 0 0 556.9357457 226.3467882 200.7623812 0 259.4138676 0 0 442.5229426 0 0 321.7925247 226.746633 0 0 0 120.7120159 228.8972548 0 0 0 180.8090974 0 0 0 0 0 176.9062111 203.0105611 226.6206774 0 0 340.6931393 0 0 0 0 0 0 0 0 0 0 0 0 0 0 352.386537 
224.7666566 0 0 0 0 0 0 310.55192 462.4809068 0 0 0 0 218.8542107 0 0 0 0 0 0 0 0 81.19709066 0 0 373.9483033 0 0 0 0 0 322.5649401 276.7355307 0 0 252.1790867 0 0 0 230.3142125 0 0 0 0 0 0 0 0 0 0 244.6109089 0 0 64.46326331 202.1367886 0 0 0 0 177.4797927 0 0 0 0 0 0 173.1659686 0 0 308.6746886 0 0 0 0 298.5272435 237.0690625 0 0 0 177.1514893 0 277.0276279 0 124.6841894 226.5659591 0 0 0 0 0 
0 0 510.7645616 0 0 0 0 0 523.1760346 0 0 0 0 0 0 0 0 0 0 0 0 287.906375 0 0 275.6028119 0 0 0 0 196.4459424 0 0 0 0 211.1257062 0 0 0 0 110.8718178 0 0 246.3712412 0 338.0671343 0 0 0 201.8500099 0 0 191.7701015 0 219.587689 122.1836998 0 0 0 0 0 0 266.9403171 196.3241948 0 196.8944586 0 0 159.0822452 0 0 0 192.2911456 266.3576734 52.44887289 152.5972157 0 0 0 0 0 281.254662 0 161.5220581 190.4020086 0 0 0 198.102948 184.7969252 0 
0 0 0 0 136.255771 0 0 0 0 0 0 249.2894526 0 0 0 0 0 0 0 0 0 466.8155144 352.4489407 0 222.7126671 144.7021957 105.627721 0 112.350544 0 0 0 0 0 0 0 0 0 313.007291 0 0 0 0 0 0 0 0 131.6845534 144.4969065 0 158.7343039 0 0 160.0685069 0 0 194.7755039 0 0 0 0 0 0 0 256.1502002 0 0 0 0 211.8079885 267.9527637 0 0 180.6323385 0 219.6231257 0 0 0 252.8916558 0 0 0 0 422.7452235 0 0 452.0206744 0 0 
0 0 242.9119776 0 311.9772173 0 0 0 346.6107472 0 0 246.8485017 0 0 0 0 230.3638946 0 59.59009754 244.5614579 0 0 367.4288568 93.45914683 325.2460573 0 0 0 0 234.5717144 0 0 239.8849931 321.2290418 55.64759724 0 0 114.9127479 0 317.2092738 178.3181342 0 0 0 336.3362488 184.9648314 206.2760348 0 266.4599433 0 0 0 0 361.0839815 0 0 0 0 0 0 71.43444964 0 191.3193617 378.4147676 350.2902746 0 0 0 182.5322553 0 0 0 248.2563028 211.6580243 305.853908 213.9474513 0 259.1694755 0 180.4647153 0 0 0 0 0 0 263.3037366 0 68.92775838 0 
0 0 0 0 0 0 0 261.9288647 0 318.7520709 0 0 0 0 0 230.3053109 0 0 0 225.0647809 0 0 0 0 0 0 0 0 0 0 0 0 187.7594125 0 0 0 0 302.2177607 0 195.4742651 0 179.0790633 0 258.1086463 203.9359901 0 0 0 0 0 0 0 283.6991355 0 0 0 0 0 0 0 0 0 16.8016574 0 0 0 0 0 0 84.25233682 0 217.8271869 199.9321791 281.2106393 0 0 191.3121666 0 0 230.0010992 0 153.6775784 0 163.0175139 0 0 200.8152953 263.8637159 41.31843099 0 
0 0 0 0 0 0 373.1710612 132.6388616 0 0 0 0 0 0 0 0 116.4095 0 0 0 0 167.9345723 0 0 0 249.5645639 0 0 0 0 0 0 0 0 0 237.2508876 0 0 0 0 85.71677363 0 0 0 0 0 0 0 0 0 0 0 0 0 267.4133645 0 0 0 0 0 0 0 281.1891827 0 0 139.2176926 164.1776062 0 0 218.4728505 0 0 0 164.6931534 0 0 0 219.5411431 0 199.9715039 193.2182953 0 0 0 0 308.8006811 0 0 0 0 
209.3373367 0 0 0 0 0 0 0 184.7379617 293.193152 368.9868592 0 304.7669826 0 337.1888287 310.0083915 0 0 0 0 211.9406852 0 0 313.6247511 0 184.1007354 0 0 0 185.6663125 258.4683999 0 169.6999996 0 208.3085386 0 218.567765 238.8697069 0 98.4008044 0 210.732186 0 0 0 260.0305257 312.0312561 0 0 0 0 0 344.5781965 0 284.2923124 0 236.021504 230.0263342 0 189.0749757 0 264.1925741 105.4874156 0 0 0 252.0151688 189.1594246 0 221.8222647 193.2802599 0 0 360.6106726 0 0 195.048298 0 185.4284516 0 0 0 169.1683084 0 0 0 0 0 0 0 
0 258.4999341 0 181.5105494 0 0 0 0 372.0476767 270.1934048 0 0 0 0 215.7553438 230.2665248 0 0 0 0 0 302.9690526 219.2759734 260.5438958 0 0 244.3834395 235.2895291 0 0 0 0 0 0 0 0 178.1660468 0 0 340.441175 275.0956028 211.9415844 0 0 0 0 0 372.3376133 0 0 472.6362956 0 0 0 0 0 0 0 0 0 0 0 338.3481881 266.1896724 0 356.7062132 297.0298633 0 0 0 0 0 0 0 203.8792102 296.5873397 321.0515991 0 0 160.5623609 190.0101674 0 0 0 0 358.5413677 230.5771234 203.1009538 356.6244581 0 
0 279.7922369 0 401.5642561 0 0 0 235.4488293 453.5403652 243.8011654 178.2431511 0 0 0 0 0 0 0 252.9883833 0 156.9253516 0 0 0 0 0 0 0 237.263239 0 0 0 0 141.3836034 0 0 0 305.3041914 0 134.7736559 161.164445 0 132.1978291 0 0 0 0 0 193.5621864 144.2077258 0 438.3385497 0 0 259.6978577 124.8734608 296.7044548 0 0 133.682049 0 0 0 0 208.0890642 0 0 0 0 0 0 0 0 0 0 263.2120001 0 0 0 0 226.7645638 171.1962387 186.4340539 0 0 248.3364752 0 181.0999714 0 0 
192.1435471 251.1815513 0 271.3590655 0 0 0 0 0 0 0 504.4864058 0 0 0 0 0 0 0 0 0 0 391.7562868 0 0 95.24864732 0 0 0 260.783847 0 0 0 187.1450971 0 0 0 0 0 0 0 0 0 0 0 0 0 0 236.6309902 0 0 0 0 260.205714 0 0 0 0 342.5131137 0 0 0 0 0 0 0 0 0 0 307.8203444 148.4356434 179.0365593 109.2519833 0 199.0618756 0 0 171.2163855 0 0 0 0 0 338.030238 0 0 248.6236683 31.51834698 0 0 
558.6789903 0 0 283.8406739 0 220.653546 0 0 0 0 234.0433318 0 0 0 83.83533564 0 0 0 0 39.59144833 0 0 0 0 0 127.161779 0 0 0 306.8521087 241.0847525 0 0 0 228.3345912 0 0 0 0 0 0 0 487.5843748 0 209.6368825 279.4972279 0 147.0444165 0 0 233.0305936 0 0 83.83116976 350.7122542 0 0 0 0 0 0 0 0 0 232.0240378 413.8625558 0 0 0 0 0 169.2638557 0 0 0 0 0 0 0 0 0 207.1533665 0 0 197.4100669 0 0 438.914829 228.5999768 0 
0 0 0 0 0 0 0 0 0 0 363.5925584 0 0 0 0 0 328.1465982 0 165.6951597 0 0 0 0 0 143.3266843 104.5862299 0 0 0 0 0 395.6178452 0 93.31292023 0 133.7238202 235.4841476 0 144.3035223 0 0 0 0 0 0 133.3128688 0 0 0 0 128.0429629 0 377.4759799 0 0 0 0 0 196.2723293 0 184.8660656 361.2263256 157.6586863 161.759836 142.386298 357.994801 0 0 0 0 228.4725471 0 0 269.5440889 0 0 0 0 0 0 236.6916016 178.2376118 0 0 0 0 124.7358237 0 0 204.4229608 
0 0 224.0810347 0 0 0 0 0 0 0 0 0 0 216.7023599 0 204.4942732 0 0 0 0 0 316.1472217 0 0 0 0 207.3065345 0 336.5122775 0 0 295.0821139 0 0 0 159.9701867 0 0 0 0 321.6531152 0 0 0 0 0 0 0 248.8268764 171.8202476 271.3196039 0 0 0 0 272.2356543 0 197.7263922 0 0 110.0374524 0 0 0 299.1952081 0 270.379812 0 293.5452919 0 0 0 0 164.0664299 0 337.0749764 161.2703045 189.2146466 191.0271231 0 0 0 328.0536319 0 0 0 0 0 0 0 
0 0 205.9940297 0 0 0 102.2252325 211.6660211 0 0 138.8224602 556.2297432 0 343.4135504 0 0 130.4605629 0 0 236.0056693 0 0 0 0 0 0 204.4606649 0 0 0 0 137.9375544 361.2283913 0 0 0 0 0 0 0 0 0 0 434.3990953 0 0 0 0 0 0 0 0 0 0 204.5364321 78.07832234 0 0 176.0076122 336.8558023 364.6741481 0 55.46513039 164.0684957 0 0 196.7723946 0 0 364.7406472 0 0 0 0 0 0 186.0392806 211.33889 225.0757993 0 249.6929653 0 0 0 300.5237855 0 0 0 0 0 
0 0 233.0776727 0 0 290.8202003 260.0803216 0 0 0 0 0 173.3843275 0 0 0 94.20131072 0 0 0 0 0 0 0 218.3045146 287.0146637 0 0 0 225.5190204 0 492.099867 0 0 0 275.1381928 0 215.8406129 354.8634631 96.31622658 0 0 0 0 0 287.6922787 215.6332657 0 0 134.5589548 0 0 0 120.1443093 0 0 0 282.5075715 153.665403 0 101.795614 0 237.9990225 178.9708845 0 0 0 0 261.1226985 0 0 171.0306531 312.6584042 0 0 0 0 0 0 0 128.6829569 0 0 166.6468565 148.5854151 0 0 0 0 0 
0 0 0 0 318.8303893 0 0 615.7841275 223.5675534 0 0 499.6240536 0 0 0 0 0 206.7296786 165.4718483 0 0 0 456.8891551 0 0 386.5340397 179.4493538 0 100.4861745 182.3871996 225.1030254 185.3798827 0 0 0 0 0 0 146.11438 0 0 158.1707928 0 0 410.5542516 0 0 203.906476 199.2758622 209.4416581 0 281.143766 215.3339752 0 192.5967485 217.8702223 0 339.4363399 0 0 0 109.3865246 175.0036429 393.9370201 281.080892 0 0 0 236.2900302 0 0 0 252.3496815 133.3078476 189.0854914 193.7413701 0 0 217.4846887 155.3236177 0 291.8963485 0 0 0 343.2195997 0 0 0 0 
0 0 0 0 301.8844709 0 338.984224 0 0 0 0 0 228.1405897 0 0 0 224.163193 0 0 204.4549748 0 0 0 240.7293914 0 0 0 277.4878887 0 0 0 363.8178376 0 0 0 0 0 0 188.1243634 0 0 0 0 0 302.5918013 218.9101929 196.746528 209.7576692 208.6742711 0 0 288.5269767 0 0 0 0 0 186.9470224 0 0 0 0 0 164.8600575 0 302.2934024 208.6641059 0 0 163.1444135 0 0 280.3871141 0 191.2018466 0 74.63747196 0 0 0 0 0 0 0 0 0 0 0 0 0 
0 0 0 324.3600169 0 0 0 0 475.8501127 0 230.4527847 0 99.07469244 0 0 0 0 0 207.0513118 0 0 0 0 0 0 0 0 0 0 0 0 0 0 0 0 0 314.5928768 315.7931128 186.8694058 402.0606862 278.9659548 415.694679 0 203.93754 0 0 0 0 0 0 298.3920823 0 0 0 177.9147149 0 369.0226255 0 0 0 0 87.76926997 235.2478252 0 0 0 0 0 0 0 0 171.8366506 0 188.4026782 198.1353341 0 0 0 197.5991781 0 0 0 198.5536646 0 0 91.95239146 0 0 0 0 
0 261.7214809 0 264.8991179 0 0 0 0 0 0 0 0 0 0 375.5081281 445.3893328 192.6671471 243.2086656 0 556.8002143 278.9944997 0 0 0 0 0 0 0 0 0 0 0 247.9126896 0 252.2757091 221.7283607 0 0 319.1370374 0 0 0 214.3884692 307.0645364 0 0 170.1983869 397.1887898 326.6635037 0 0 0 0 0 0 0 0 0 0 0 0 0 0 181.9262556 0 0 0 0 0 63.67283832 0 93.94206383 0 0 0 0 0 0 183.8845381 0 0 0 0 0 0 224.6700083 0 0 207.2865206 0 
0 0 0 0 0 0 0 0 0 56.25154574 171.4016028 301.0937558 177.9837882 0 0 0 0 0 0 92.63595933 0 263.275727 399.0662779 0 0 0 0 216.0814322 304.6382438 0 0 0 0 0 0 201.3746785 0 0 0 398.6980527 275.2682813 0 194.9547765 233.9678374 0 0 0 215.419384 124.8818301 262.7939251 0 128.880537 0 0 0 211.6533178 0 0 0 0 0 0 0 0 0 86.94490505 434.9562195 0 0 177.7430381 0 0 0 0 0 0 0 182.7103861 0 0 364.6757252 0 167.7219057 125.7008788 303.9749803 299.3640624 0 0 174.4538033 0 
0 0 0 0 0 0 0 0 305.9417851 0 172.177218 0 0 218.4090049 0 0 264.6779287 0 0 0 0 0 0 0 0 0 0 0 0 0 0 231.1614765 0 178.0763474 0 0 0 282.0023838 0 0 364.4183519 0 0 0 254.9088563 0 99.06471118 385.2789566 0 0 310.7258786 0 0 209.2769653 174.4356017 0 0 0 0 0 0 0 0 0 198.1488511 0 252.2515542 0 0 278.9718249 0 147.8088682 0 0 184.9658084 227.4434431 0 245.3913428 0 0 0 318.2065091 0 0 0 0 0 169.0017251 0 138.094456 
0 0 0 0 0 0 0 0 0 372.7187917 0 170.0286693 0 0 0 0 0 219.0597964 0 142.3474833 196.9686517 0 0 0 0 0 0 0 0 0 323.6834098 0 0 0 0 259.4014119 303.2773078 145.2988096 0 0 0 201.2377754 0 0 174.5391599 0 147.0421548 0 0 0 196.4335746 0 174.704049 0 252.5848123 0 0 194.1346927 210.474717 41.80009674 132.6507252 0 0 0 0 0 0 200.7513759 0 312.0112973 0 360.4872859 0 0 0 0 0 164.4099655 228.6006565 0 0 0 306.3451435 0 0 0 256.4851058 0 0 0 
0 0 0 0 0 0 0 0 0 0 332.3493458 0 0 0 0 0 0 0 0 0 0 0 0 0 0 0 0 0 0 0 146.4971171 0 0 0 0 0 0 104.9478823 452.9388636 0 40.60916984 0 0 0 125.3763264 0 0 0 0 0 142.0818539 0 148.4546109 0 224.6735414 0 235.8911679 0 0 240.8391179 0 0 0 442.9193234 387.2082349 0 0 0 0 45.04747095 0 0 0 0 227.1216847 237.412528 0 0 250.4978204 0 224.0086539 0 288.469346 114.7279519 0 230.499893 0 173.9458188 0 0 
0 0 0 0 261.275072 0 311.5505613 0 0 0 262.5205927 0 0 0 0 0 0 0 0 212.0162762 0 0 0 228.1580896 0 0 0 0 238.1953388 0 0 0 364.4823146 0 0 215.5459173 0 2.620975515 287.9368329 191.0825154 0 230.7124215 0 203.8810456 0 0 409.4022974 0 0 0 0 0 0 337.1714594 0 0 0 0 0 0 181.1484695 0 0 0 281.1262309 0 0 0 0 0 0 0 0 0 0 0 0 0 0 0 0 0 0 0 0 120.8370589 0 0 0 0 
0 0 0 0 0 0 0 0 0 0 0 0 0 198.2578634 0 0 0 0 0 0 0 227.3368809 0 0 0 0 0 0 287.0136093 0 20.10830472 0 0 0 206.0352378 0 0 0 262.4875242 0 0 0 0 293.2271487 197.949637 361.1372398 0 0 0 0 0 227.5930574 0 254.0104055 239.3923767 0 0 0 147.2700568 0 0 183.2165223 190.7738406 0 0 290.7530109 0 0 0 283.7956683 0 166.4784438 0 0 0 0 0 264.6918743 0 0 0 288.4620784 0 152.9675112 261.9759321 0 0 0 0 0 
0 0 0 0 0 0 0 0 0 0 0 218.6971423 0 197.7791885 0 0 0 0 0 0 0 142.4660817 246.906045 242.7350417 192.4931226 0 0 132.2550445 0 0 0 200.086597 0 0 0 0 0 259.8018171 0 0 0 0 0 0 0 389.2606062 0 0 166.035359 138.483409 0 0 0 0 0 0 0 0 0 198.5672034 0 0 0 0 0 0 0 0 0 0 0 177.1347788 0 0 0 141.9690246 0 0 262.3368415 0 0 0 200.4165653 0 68.35148156 0 0 0 0 232.5145258 
0 0 0 0 0 0 0 0 0 0 0 0 198.0674172 195.9376299 0 0 0 0 214.5329331 0 0 400.1008125 0 196.4341836 0 0 0 0 0 0 217.3465159 48.50395315 119.2913396 0 448.8506583 0 236.3307744 267.7338795 301.1893147 0 395.1252105 0 0 0 0 39.04328091 0 0 0 0 0 0 0 0 252.6215194 0 0 254.4591282 0 0 0 0 233.6701411 0 243.9726591 0 0 166.0363667 0 0 240.0622652 0 196.1782178 0 0 0 0 0 0 0 0 0 481.2956035 0 0 160.0749194 0 0 0 0 
0 0 0 0 0 90.11676805 0 0 0 0 286.1008985 0 189.6714553 0 0 0 492.0698257 0 0 0 0 279.1908339 176.0229402 0 0 0 287.327019 0 0 0 153.9469235 334.5782014 348.2481435 0 285.5640782 481.6144607 220.412444 0 0 0 0 0 0 0 0 0 0 0 0 0 0 67.41926037 0 0 0 0 0 0 0 95.30132963 0 0 178.1002846 0 0 0 76.3686962 0 0 0 0 0 0 0 0 0 0 190.35712 295.9290289 58.39082164 0 0 0 286.083872 204.3722252 0 105.2918286 0 258.1794735 0 
0 0 0 0 0 0 0 0 44.71211073 0 179.9593449 0 0 0 0 0 0 0 200.6269299 311.0333919 0 0 327.2866435 0 300.878306 133.1052259 211.0679924 331.1847517 0 0 0 0 0 0 0 0 0 0 249.1018137 228.1248488 0 0 0 274.8715217 122.8735165 0 0 203.3506807 240.3568562 0 0 0 0 0 0 0 0 0 340.6701911 189.9734344 0 317.1135479 0 0 0 219.5277498 0 0 63.22269969 0 0 0 417.4830107 0 187.1460631 0 0 0 0 0 0 0 255.3131163 0 0 0 0 334.3163485 0 0 
0 0 0 0 285.3319157 0 213.6241416 0 0 0 0 178.3716541 0 0 0 0 0 0 0 0 0 0 0 0 0 0 0 0 0 0 0 214.4511285 0 136.9639838 0 231.6535211 0 0 298.1017254 0 0 0 0 228.3146651 0 179.9399538 206.589242 0 0 0 199.3115642 0 0 236.1591541 0 0 212.3406043 190.0968703 199.2012729 0 0 0 0 200.720374 0 0 0 317.1162986 0 314.4836568 0 0 91.66062542 0 0 0 0 0 0 0 225.616517 0 0 207.2039184 115.1490547 0 0 0 0 0 
0 0 0 0 0 0 0 0 0 0 0 0 0 0 0 0 0 0 0 0 0 0 0 259.632755 149.9574295 0 181.0327335 223.8107526 191.7050268 200.8816478 233.507561 0 0 0 0 0 220.3498458 0 0 150.2151877 0 122.0841273 0 0 0 0 0 0 0 0 0 0 0 0 0 0 0 0 0 0 0 131.0349447 191.8481791 0 0 0 0 0 0 0 0 0 0 135.2446267 0 0 0 75.09707786 0 0 0 105.1582022 205.7241986 0 0 0 0 0 0 269.3785569 
0 323.5797266 333.0383523 0 0 0 0 0 499.613438 0 0 0 0 0 0 205.9886738 0 0 413.1668443 0 0 0 355.1350396 0 0 0 0 248.6080854 0 195.4629653 0 0 0 0 0 287.5315942 273.6680067 0 0 0 0 0 0 343.9352968 0 0 0 0 0 0 364.6776102 0 248.0584574 0 220.2264346 0 0 0 0 0 0 189.2912377 0 0 0 0 0 0 0 0 0 0 0 400.6162475 195.6197591 0 0 0 0 274.4929714 0 0 0 0 0 130.2087978 0 0 0 0 
0 0 0 0 231.2902634 0 0 0 0 0 0 0 0 201.4605786 0 0 0 322.9280349 0 0 0 0 0 0 0 0 0 0 0 0 0 0 229.3234029 0 0 0 0 0 0 185.9781522 0 0 0 365.0478089 0 315.0512356 262.4850855 0 0 410.9037478 0 0 0 0 0 274.5800207 0 0 356.5460645 191.3283785 0 0 0 0 0 0 0 157.0912125 0 0 0 0 0 0 0 0 0 0 292.352733 206.7512115 0 178.8853591 186.7239932 0 0 0 300.2467704 213.9488792 213.5111946 0 
0 0 0 0 0 0 0 0 205.7368866 0 0 0 253.4956831 0 0 0 563.8585218 0 395.5838291 0 0 0 0 379.7728839 0 0 0 275.5195538 0 0 0 0 0 0 215.0820886 0 0 104.1112863 0 0 0 212.3614046 0 0 0 0 191.8176246 0 0 0 0 0 217.9309209 0 0 311.3234451 0 0 0 0 0 0 142.9640323 116.4784897 0 132.035612 247.6873849 330.4122456 0 0 0 0 0 0 0 129.4219247 190.1863494 0 142.4305704 0 0 159.7790235 0 0 95.26461251 228.9427529 347.445089 0 0 0 
0 459.2673229 135.7919202 0 0 0 136.9974658 0 0 0 0 367.3379844 0 0 0 0 197.5881306 0 0 0 0 0 182.8815772 0 0 213.1487644 0 0 0 0 0 0 0 0 0 0 330.6539449 425.2648998 227.4275786 0 0 223.5741772 179.8311356 0 0 365.5600566 0 200.3208261 0 0 166.5716071 0 0 221.6704167 0 0 0 0 0 0 0 0 0 0 267.7317311 0 0 0 235.1013324 0 403.7413498 194.9667117 216.1229785 0 0 0 0 0 0 222.0985348 0 343.2550442 225.7044683 0 0 0 0 0 150.4795257 0 
0 0 0 0 0 0 0 0 0 0 0 0 0 0 0 0 0 0 0 176.4531152 215.2322253 0 52.75965493 0 0 0 361.9520177 0 0 0 149.7690745 0 0 0 0 0 0 198.9860536 0 115.26714 0 0 0 0 0 0 0 0 0 0 193.2348498 141.9507278 193.8591787 0 249.4084502 0 0 462.051172 0 0 134.5015518 0 353.2381802 211.9931619 0 0 0 0 0 0 304.1786637 188.4170299 0 0 56.80322866 59.93739788 0 0 204.9587114 228.3673567 0 0 0 0 0 0 0 206.5575565 203.7021656 0 
230.9069225 0 0 0 0 0 0 0 0 0 0 0 0 0 367.8658581 0 294.9985857 0 0 250.7395407 0 0 0 0 0 159.2167427 158.9154648 0 0 124.4784711 0 0 484.1564285 0 0 0 0 241.8960771 197.5171196 76.20006163 0 0 112.4047874 0 0 0 0 0 0 0 0 0 0 0 0 0 0 186.4778342 0 0 0 0 0 0 0 0 0 302.985625 0 89.59421375 0 0 0 0 0 0 0 0 200.6236673 0 0 0 0 0 0 0 0 0 161.3796224 0 
0 0 0 0 0 0 0 0 0 0 0 0 0 0 0 443.544568 0 0 0 0 221.1294109 284.2012873 80.03588244 0 0 182.1964788 0 0 283.7717831 245.5540703 0 488.7128188 304.3947497 0 0 0 0 0 0 217.9593801 313.8461839 0 0 0 0 335.0926775 276.3446256 0 0 304.6001991 52.8486948 326.6383981 0 0 0 0 0 0 0 0 0 0 0 0 0 82.75266507 0 0 262.6516656 0 0 0 0 0 226.3713496 0 0 137.1904427 88.90906732 0 0 0 0 0 0 198.6722871 0 0 0 0 
0 0 0 0 0 0 0 0 0 0 360.3722991 0 288.014297 0 0 0 0 0 0 0 554.3201967 399.6203719 277.5725366 0 0 0 0 0 0 242.0652701 0 316.3708898 0 0 0 0 0 0 425.8327092 243.5788773 201.0501878 0 0 204.2008899 0 0 0 0 0 222.6707789 280.100495 0 0 0 0 398.8381187 0 187.1838583 0 181.1464155 145.2231315 196.4854644 0 0 0 0 42.1619336 262.3994279 0 0 0 142.9754403 0 0 356.2995172 0 0 0 0 39.00642496 0 0 0 69.94410471 0 0 0 0 0 198.4897687 
0 207.2183346 0 0 238.4699866 0 192.9092518 0 0 0 0 0 0 0 0 0 0 0 0 468.0242811 0 0 338.164993 0 97.59051136 0 0 0 166.9941025 0 0 173.3092764 0 0 0 178.5020488 0 263.8746749 0 279.1784526 147.714275 0 214.0149774 0 204.1672278 217.9004552 0 0 0 0 296.9587872 0 0 0 307.630998 0 0 0 101.1556251 0 0 0 0 0 0 0 0 0 258.5650062 0 0 300.365944 0 270.273501 0 208.8161296 0 0 199.238773 0 0 0 0 0 0 0 0 0 212.8004955 162.7224904 
0 465.7226997 252.1413234 0 0 0 0 0 179.3660346 0 0 0 213.9517224 0 0 0 0 0 0 227.0870711 0 316.5410478 0 253.0209171 0 422.2621672 0 0 0 0 0 0 321.9285878 217.8675694 0 175.8734739 0 0 0 0 0 0 200.1614684 0 0 0 0 0 205.5279909 0 0 0 203.4225177 0 0 0 0 0 0 0 0 69.4911367 0 0 293.7950632 0 0 0 370.0074576 0 348.1031204 0 211.0854876 0 0 0 0 140.0069894 0 0 0 0 0 332.767511 0 0 0 0 0 0 
341.6790863 0 0 0 0 0 0 0 0 0 0 0 0 0 0 0 0 0 0 0 0 0 0 0 0 265.3098152 0 287.6184252 0 0 0 496.3762148 243.7785059 0 0 51.00011821 0 0 194.2776109 0 0 0 0 0 0 0 0 0 0 0 0 0 0 220.7475005 106.6476895 0 0 279.9298405 234.5082986 0 0 0 0 228.7026092 23.52635051 0 0 0 0 0 0 0 0 232.9987505 196.6454834 0 203.8264888 0 287.8926508 166.1046368 177.3266491 0 0 234.0522714 0 0 263.3278647 0 0 0 
284.2725178 0 0 0 0 0 0 387.4973243 0 0 202.0103366 0 0 0 0 0 0 0 0 646.011035 0 0 0 274.2087294 0 0 254.9069205 0 0 0 0 214.8521973 146.9613334 0 0 155.1114678 0 0 168.1334632 0 0 0 0 0 0 0 128.9775235 0 0 132.3668188 0 245.697723 0 0 0 0 0 0 0 0 0 0 0 0 0 222.566633 0 0 0 0 0 0 0 180.088334 342.3119454 90.44168321 356.6892581 0 0 0 0 0 0 0 0 0 0 0 309.130691 0 
0 0 0 228.3188993 0 0 190.0683267 0 0 0 0 0 0 0 474.071483 0 0 0 0 389.4604913 0 0 174.0583489 0 0 0 0 0 0 0 0 0 0 0 0 0 258.6840777 0 229.1311862 0 0 0 252.8531153 0 397.9497274 0 126.38939 0 0 0 0 0 0 0 0 262.1090569 52.39468288 0 0 0 0 254.1067985 266.4567359 0 0 225.6042125 0 278.500411 0 195.5655918 0 0 0 154.0445184 0 186.6027117 230.1331973 0 355.7816559 0 0 0 0 0 0 0 343.4300114 0 390.1462025 178.1849368 
0 0 0 288.1692178 0 0 0 0 0 65.04476781 269.5524868 90.05848633 0 0 0 0 0 279.3484444 0 215.4431979 0 0 0 259.956619 0 0 0 0 0 0 0 0 495.2442726 0 0 153.5109803 0 0 281.1468593 0 0 0 0 0 0 225.6177795 0 0 0 217.4992245 0 184.6804252 0 256.2483868 0 0 0 160.52882 0 0 0 0 0 255.7032276 0 0 0 364.7851203 280.3499708 182.7633396 218.6145619 0 0 193.9881542 0 493.7448936 0 176.9430155 0 0 209.1743301 0 200.4919424 0 0 0 0 0 0 0 
0 0 0 341.1506319 0 0 281.170016 106.0920946 0 0 0 0 0 462.189955 0 0 0 665.7733106 0 502.1441067 0 182.195065 0 0 232.1243006 0 0 0 137.5079786 0 0 0 0 0 0 0 0 0 0 171.9999328 148.4899398 276.8138084 0 323.2315136 0 0 0 164.0674828 0 101.8447784 158.1928044 0 0 0 0 81.81773542 156.0350916 0 0 303.2380201 154.2880707 180.7438057 0 0 0 0 202.6443123 0 212.8370439 0 0 0 0 54.27478824 0 0 61.68673843 0 0 0 0 0 0 96.73321858 175.8615611 189.5880221 0 0 190.985035 0 
0 206.1055389 0 0 0 0 608.0407085 0 419.8721117 0 0 0 0 0 0 0 261.1625094 0 0 0 0 0 0 233.739601 0 0 141.0783195 0 0 0 0 0 0 0 0 0 0 0 0 0 0 0 0 181.0561876 0 0 312.367865 0 562.5962595 0 0 0 0 0 0 0 0 270.9422859 0 0 0 293.5936227 0 0 0 0 0 0 0 0 0 0 0 207.8474907 0 0 0 0 0 0 289.076623 0 0 0 0 0 0 0 0 0 
0 0 0 0 0 0 0 0 0 0 0 0 0 0 0 0 0 0 213.268272 0 0 0 0 0 0 176.050626 0 0 0 0 0 79.43756694 0 0 0 0 0 0 0 301.4618184 0 96.1931031 0 0 0 222.33748 0 0 0 0 0 0 0 0 0 0 0 0 195.4732935 0 207.3912102 340.4261644 0 0 0 0 0 306.4272089 0 0 0 175.7065264 0 0 0 0 0 0 196.7240412 0 0 0 0 0 0 0 0 0 0 0 
0 0 0 0 0 0 0 0 0 0 0 201.6708002 0 0 0 0 282.7404587 0 0 0 0 0 234.1251538 0 0 0 0 0 259.8849499 0 0 194.7529003 0 0 0 0 0 0 0 180.3229557 0 243.9532929 218.7950391 0 0 0 0 0 0 407.2365698 237.0015546 0 0 0 0 0 0 0 0 106.6054016 0 0 0 0 200.9004175 0 325.3949301 357.7133091 130.4491574 0 0 0 0 0 0 0 0 0 192.4800658 211.6373289 0 0 297.1558305 0 0 0 0 0 171.3676761 0 
0 0 307.5642457 0 0 0 0 225.549255 0 0 0 0 0 0 0 0 398.5382873 0 0 0 0 0 0 148.2646177 0 0 0 0 0 0 0 278.6791255 0 0 0 0 0 649.4314463 0 0 0 0 201.175569 0 0 0 0 0 0 292.2825167 143.4474212 0 0 0 250.2561934 0 0 95.24084651 0 198.3144952 0 0 0 0 0 285.9849427 419.3733246 0 389.1594214 0 105.8454847 131.0957318 0 315.1390996 0 0 0 0 0 259.3981043 0 0 0 0 0 0 0 0 180.2262709 0 
230.7814551 0 0 0 0 0 0 105.6303303 0 0 0 358.4302057 0 0 0 0 214.4965506 0 173.0072722 260.3294575 0 0 0 0 0 0 250.5912666 0 0 0 0 0 0 0 0 0 0 0 0 0 0 0 0 396.6677883 112.4036276 0 0 0 183.1972729 228.0384546 0 0 0 0 0 0 136.4391089 0 0 0 0 0 320.9416748 0 0 0 87.9275352 357.8740036 0 0 0 88.59986879 0 0 0 468.1782492 269.5203291 0 369.8657233 0 174.6507842 0 283.5338507 0 0 0 279.9674316 305.5960014 0 241.6524375 
0 0 342.9525505 0 0 0 0 0 0 0 0 235.6869417 0 244.3263302 290.6061635 0 0 124.687002 0 0 34.02654464 0 0 0 0 313.9631859 0 0 229.4132109 0 0 0 0 0 0 0 0 0 0 0 0 184.6814542 0 0 0 0 0 0 0 0 0 0 0 0 0 0 0 0 189.4512416 0 0 136.1522158 0 0 0 0 0 0 0 0 0 0 0 0 308.1121624 0 0 0 0 326.5446376 0 207.6325808 0 0 0 54.49423466 271.9856442 0 0 0 
197.5097504 0 0 311.5346235 0 0 0 0 0 0 0 0 0 0 216.1766874 0 0 0 0 0 0 0 0 76.9900701 0 0 0 0 0 0 0 0 0 0 0 0 0 0 0 0 0 211.8315489 0 328.8749157 0 0 0 0 0 178.5702171 0 196.0093986 417.8770271 197.7254973 0 0 0 144.8284967 265.9546506 0 0 191.7119035 209.0141289 0 0 0 0 0 0 0 0 0 0 0 0 0 0 0 0 445.2318947 0 0 0 0 0 0 0 0 0 0 
0 0 194.9570857 272.5875211 0 0 0 0 0 0 204.2810051 0 0 0 223.739748 0 0 0 0 0 0 0 0 0 575.5594586 0 0 0 0 0 386.4556802 315.3872396 0 0 0 0 317.1250243 107.9047286 0 0 0 0 0 0 0 0 0 0 293.8101556 0 0 0 0 0 0 0 0 0 44.3807515 0 182.8774286 0 0 0 311.7758104 0 121.8558816 0 0 0 0 276.5758711 0 400.1815948 0 0 0 0 0 184.5617907 0 0 203.4541195 170.6753365 0 0 0 0 0 0 
0 310.4004513 0 0 0 0 0 0 0 202.5931692 0 0 0 0 0 0 0 196.2768499 137.7686732 271.8531253 0 422.7818288 0 0 0 0 0 201.2866625 0 0 0 0 127.0698795 0 0 0 0 0 0 0 226.2783995 0 334.6823086 0 0 242.7761972 183.7925382 0 456.2199221 0 0 0 0 370.9328348 205.2019754 0 0 378.6758948 0 203.3481332 0 279.9348551 0 0 0 0 0 349.4757801 132.7492702 0 0 186.706633 0 0 0 266.592639 390.0988447 0 0 182.2509405 0 0 0 0 0 0 0 0 0 308.4241863 
0 0 245.3271379 206.1823992 168.4960273 596.9584829 0 0 0 0 0 0 0 0 0 610.289613 0 0 84.45431019 0 0 335.7965701 0 0 0 0 112.4157512 0 175.6030081 0 0 0 0 0 0 0 371.6853573 0 0 0 0 0 0 0 166.0724987 0 249.4952694 0 0 182.3173997 174.0633559 211.9196669 196.6141452 0 0 0 185.1298873 0 0 0 0 0 0 163.5623649 0 0 0 0 0 189.6223852 0 0 209.6349837 0 0 0 0 0 0 335.3449805 0 0 246.9171377 0 0 0 0 0 0 0 
0 0 191.0220639 24.16577105 0 0 0 0 0 269.5323001 0 0 405.593217 0 0 219.5947071 0 0 0 0 0 0 0 217.6816029 0 0 0 0 0 227.9070859 0 348.5316675 339.5391815 0 146.8930769 0 0 0 0 0 0 0 0 0 0 0 0 0 226.6730744 0 0 0 204.4698275 388.7313032 0 0 0 0 128.0067955 0 0 0 318.4518809 196.2996242 0 183.8778645 0 0 62.69390091 0 221.2699224 0 158.3719397 215.1242741 0 0 0 0 0 0 0 207.6354552 0 0 0 0 0 0 0 0 
0 0 0 0 0 0 0 0 258.2858723 0 0 0 0 0 0 269.2131361 0 0 0 0 0 356.0545813 215.4441306 0 0 0 0 0 0 281.1463171 237.4976808 0 0 0 0 236.7844165 0 0 0 0 234.6891617 0 0 0 0 0 0 0 0 0 0 0 0 436.9557577 0 0 0 252.7206995 0 0 360.5636448 0 0 0 0 104.9508762 0 0 0 0 0 263.0739798 0 0 0 0 0 175.2955112 0 0 0 0 0 179.0283165 0 433.6664024 0 0 0 0 
0 0 0 0 37.26946427 390.7745058 0 0 0 0 0 0 0 0 215.7611255 0 0 0 0 0 0 0 0 142.3960434 0 0 242.0318392 0 0 280.9201807 248.8836579 0 0 0 0 0 0 0 205.6169304 0 0 0 395.9579035 0 0 0 0 372.1039782 0 373.5755753 172.8117335 0 0 350.6782972 0 0 197.1792626 428.1864921 0 0 208.5570883 270.1181249 398.7890725 0 0 0 0 547.9907742 0 0 191.2360849 0 324.7431527 0 0 330.5134691 0 0 261.0453489 0 0 0 0 0 0 0 0 0 0 0 
90.52877111 0 0 0 0 0 0 0 0 69.73125762 0 180.4212865 0 173.8094799 0 0 0 0 0 0 0 0 0 0 0 0 0 0 0 227.7895686 185.9741042 369.1577702 0 0 0 0 139.841996 0 64.97413324 0 0 0 208.5542605 0 0 0 114.8992009 0 217.6015195 0 130.0971568 127.9841647 0 198.6293495 0 252.4204179 212.6752808 0 267.1633136 0 0 0 0 215.1239451 377.8852719 0 0 0 370.5257036 0 322.4755984 0 0 0 0 0 156.5676058 0 0 0 0 0 34.24789905 0 0 0 0 0 181.9772205 0 
0 0 0 0 0 0 0 0 0 0 0 0 0 266.3396969 0 0 0 0 0 0 0 0 0 0 218.8850825 0 0 0 0 0 0 0 330.7103328 0 326.6249212 0 0 0 0 0 0 0 0 399.48895 0 0 0 0 0 0 213.6898438 0 0 0 87.79151164 0 0 0 0 0 194.5826464 0 0 0 0 0 170.9057734 0 338.5365325 242.5213522 0 0 0 0 0 0 0 0 0 0 0 0 0 173.5674942 226.1641069 0 0 0 0 0 
0 0 56.61127078 0 0 0 0 0 181.3625217 0 0 0 223.1006626 0 312.1013726 0 503.9565787 0 0 0 0 0 0 373.0133227 0 0 0 0 0 0 0 0 0 0 0 286.6216228 0 0 0 0 164.1109399 0 0 0 0 0 0 0 0 0 0 0 464.136917 177.9328815 0 0 0 0 0 0 262.44236 0 0 0 0 0 160.4556969 0 0 0 0 0 0 0 250.3728244 140.6917042 0 0 0 69.07938264 0 0 0 0 0 0 0 203.6284971 77.76670274 0 
560.4475735 0 0 0 0 206.0627145 181.9734991 0 175.2814211 0 0 0 0 0 0 267.349823 0 70.1279293 0 0 0 190.2434758 0 0 0 0 0 0 0 0 185.4378029 0 0 0 195.4837088 374.735109 0 281.6515294 202.3860193 0 0 0 0 0 0 0 0 0 0 0 399.6446976 160.6738127 0 145.9369492 0 0 0 156.2672296 0 0 0 0 0 0 372.1468902 0 0 0 0 0 0 0 0 0 0 0 0 0 0 353.1715118 0 0 0 0 0 0 0 0 0 0 
276.0963029 0 0 0 0 0 0 0 0 0 0 255.7936563 206.6553069 0 435.0701305 292.9891683 309.0128423 0 0 218.8642008 0 0 0 0 0 0 0 0 0 181.7486558 0 560.2165495 259.3244161 0 0 0 271.08968 0 0 0 175.8915397 0 302.662396 306.3521925 203.1873234 92.33406806 0 0 0 240.0685751 0 0 0 328.4961271 0 0 0 0 0 0 217.1589626 0 332.7186715 0 0 0 0 0 339.8922192 0 0 0 0 213.0748304 0 0 0 0 0 0 0 0 0 0 0 0 0 0 203.5134682 329.3216275 
0 0 0 0 0 0 0 0 0 0 0 0 560.4667117 0 0 0 258.8130052 0 0 0 0 0 0 144.6212989 0 272.9461304 0 0 0 0 0 0 330.9358936 0 0 0 0 0 0 0 0 221.8090672 0 0 105.1223292 0 0 0 0 0 0 0 216.5099179 209.4729431 0 0 65.20073463 0 0 0 0 0 195.9285798 0 0 0 0 0 0 105.2586642 0 0 0 233.0861715 0 0 0 195.1593043 0 143.6982179 0 0 0 0 0 0 0 0 0 0 
0 0 0 0 0 0 0 229.8708932 0 0 0 0 0 218.3757303 0 0 0 0 0 0 0 0 0 0 188.6004666 0 0 288.8325821 0 0 0 0 0 0 0 0 224.2107151 0 676.3521977 0 216.9674396 0 0 0 0 0 433.3969356 80.86446243 0 0 0 0 0 347.8810352 0 0 0 0 211.2049767 0 0 0 0 0 0 0 141.2846153 409.0863867 0 0 0 0 0 0 0 0 0 0 0 127.2575343 0 0 0 0 0 0 0 0 0 163.4494454 
0 0 0 0 218.1712689 359.8244813 0 194.0390657 0 0 279.7891542 0 0 0 0 0 0 0 0 0 68.97401903 0 0 0 0 0 221.4980613 0 0 0 0 0 0 0 0 260.1202774 0 0 0 0 0 0 210.8980674 358.7136442 0 321.9806983 0 0 218.5791057 183.3406679 0 0 0 0 0 0 0 0 0 0 0 0 0 0 0 0 0 0 0 0 0 0 0 0 186.818794 0 0 0 56.55007136 0 0 0 0 231.3089066 0 85.2758831 368.9127563 0 181.3321829 0 
0 432.1391128 0 0 0 0 0 0 0 0 0 0 0 0 0 0 0 0 0 0 0 0 308.4375785 0 0 0 0 184.4371735 214.0401225 549.1905549 0 130.2761821 0 20.85652274 283.3476277 0 0 401.8308824 439.2243587 0 0 0 0 0 0 0 0 0 0 404.1839395 0 0 0 0 0 483.0252646 0 0 178.9407663 0 0 0 190.2690324 0 276.4236409 0 0 0 0 217.1899289 0 0 0 0 0 116.4765624 213.7547954 0 0 230.2246262 89.4390331 168.0531128 0 0 0 0 194.4878262 179.4701555 0 262.3174182 
0 0 0 0 0 0 0 0 0 0 0 143.5426466 0 0 168.9247229 0 0 0 0 0 0 0 0 0 0 0 0 0 0 227.0549183 0 0 0 0 0 0 0 0 0 0 0 161.2684047 277.1000226 0 0 0 0 0 334.3304263 0 0 0 0 0 210.7137036 0 0 0 0 0 0 196.235759 0 0 175.6531134 193.2428786 0 0 0 182.5721925 0 0 0 205.4425645 0 0 0 0 0 0 0 133.7651829 0 0 0 0 0 353.7938461 0 0 
0 0 0 0 0 0 0 0 0 439.4607655 0 162.0930343 0 0 0 0 0 0 0 0 0 0 0 0 0 0 0 0 0 0 0 0 438.0977736 0 196.6030165 0 0 0 0 0 0 0 0 0 0 0 0 0 0 0 0 202.5122771 175.8835313 170.0936148 0 296.421018 0 132.1576973 186.6747265 0 0 0 0 0 178.1033706 0 0 0 253.2473926 0 0 187.9077501 0 0 0 0 0 126.3750098 0 0 113.3331792 0 0 0 0 0 138.22944 159.0341243 0 0 
0 384.8162336 0 0 0 0 0 0 0 0 0 0 0 0 0 0 0 61.58529032 0 0 0 0 0 0 0 0 0 0 0 0 0 0 0 0 0 0 0 0 316.7347587 0 0 0 0 0 151.3282718 0 0 124.2046222 0 251.25878 0 0 0 0 0 0 0 202.1077141 127.7098442 0 0 0 0 0 362.2877909 0 0 0 0 0 285.4296981 0 0 0 0 0 0 0 0 0 0 101.5116924 0 0 0 176.2216854 0 218.6398522 0 0 
0 0 0 0 0 0 0 0 0 0 763.1035695 0 0 154.9070402 370.1803666 0 0 369.8042976 0 0 190.7654031 461.2142073 0 0 0 0 0 421.4867843 0 0 0 96.51729931 315.2091881 233.6716581 0 197.9919632 0 0 0 126.3415675 417.6137673 0 0 0 0 280.9620905 0 267.038206 0 0 0 0 0 0 0 0 0 0 0 0 0 0 0 0 0 0 0 0 0 0 178.0319106 0 0 0 0 251.4617796 0 0 0 459.2526932 311.2074097 0 0 0 0 0 0 0 171.9460078 0 
0 0 0 0 0 0 0 0 0 0 0 0 0 0 0 0 0 0 0 0 0 0 0 0 0 0 0 0 0 0 0 0 0 0 0 0 0 0 280.7031424 236.0769011 306.2231248 0 0 0 0 0 0 0 0 0 0 0 257.4148205 115.4401133 201.6751388 0 365.0138913 0 0 426.8998801 0 0 0 0 0 0 0 0 0 0 0 0 444.9291612 0 0 0 0 120.1596146 236.5497848 47.60840414 0 224.8934327 0 0 0 0 302.7983596 0 297.1118907 0 
0 0 208.2739376 0 0 0 0 482.8900987 0 80.95082523 0 0 0 279.8793861 0 75.61421204 0 0 0 0 0 112.2298509 0 0 0 124.008312 0 0 0 0 0 257.626267 0 0 0 0 0 0 0 0 142.6600555 0 0 0 0 0 0 0 0 0 0 247.9846541 219.3117477 133.148536 0 192.6287642 0 0 0 0 0 0 0 0 0 0 0 0 0 0 0 0 0 0 0 0 0 0 0 0 0 0 206.3011438 0 0 0 0 0 218.1006242 68.46593894 
0 0 0 0 0 0 0 0 0 302.9516956 0 0 0 0 0 0 325.8264936 0 0 0 0 0 200.6161838 0 0 316.2447417 194.0581143 0 334.5963898 0 0 0 0 0 0 0 0 0 0 0 0 0 0 168.8694963 0 0 0 0 0 0 0 0 0 0 0 0 0 246.4806765 138.5194112 0 0 0 0 325.8014567 0 0 0 369.4355988 189.7309793 0 0 0 203.5703473 0 0 0 142.2134507 0 179.73843 0 0 244.7521095 0 0 0 0 391.6636751 0 0 0 
# Events [psd_monitor6/analyser6_psd.dat] N:
0 0 0 0 2 0 0 0 0 0 0 0 0 1 0 0 1 0 0 0 0 1 0 0 1 1 0 0 0 0 1 1 0 0 1 0 1 0 1 0 0 1 3 2 1 0 1 1 1 1 0 1 0 0 0 0 2 0 1 0 0 1 1 1 0 0 1 1 0 1 0 2 1 1 0 1 1 2 0 0 1 0 1 0 0 0 1 0 0 0 
1 0 0 1 0 0 0 0 0 2 1 0 0 1 0 0 0 1 2 0 0 0 1 0 1 0 1 0 1 3 0 0 0 0 0 0 0 1 0 0 1 0 1 1 1 0 1 0 0 1 0 1 1 0 1 0 2 0 1 0 0 1 2 0 0 2 0 1 1 0 0 0 1 1 0 2 0 0 1 0 0 1 0 0 0 0 0 0 2 0 
0 0 0 0 0 0 0 0 0 0 0 0 1 1 1 0 0 0 0 0 1 0 1 0 0 0 1 1 1 0 0 0 1 0 0 1 0 2 1 1 1 0 0 1 0 0 0 0 1 0 0 1 0 0 0 2 0 0 0 0 0 0 0 0 0 0 0 1 1 1 0 1 1 1 0 2 1 0 0 0 0 0 1 0 0 0 0 0 1 0 
0 0 0 0 0 0 0 0 0 0 0 0 1 1 0 0 0 1 0 0 0 0 1 0 0 0 0 0 1 0 0 3 0 0 0 0 1 1 0 0 2 0 2 1 0 0 0 1 0 0 0 1 1 0 0 1 0 0 0 2 0 0 1 0 0 1 0 2 0 0 1 0 1 2 1 0 0 1 0 0 0 0 0 0 0 0 1 0 0 1 
0 0 2 0 0 0 1 0 0 0 0 0 0 0 0 0 0 0 0 2 2 0 0 0 1 0 0 1 0 0 0 0 1 1 0 0 0 1 1 0 0 0 2 2 0 0 0 2 1 0 2 0 0 0 0 0 0 0 0 1 0 0 0 0 0 2 0 0 1 1 0 1 0 0 0 1 1 0 0 0 0 0 0 1 0 0 0 0 0 1 
0 0 1 0 0 1 0 0 1 1 0 0 0 0 0 0 1 0 0 0 0 0 0 1 0 0 1 0 0 0 1 1 0 0 0 0 0 0 0 0 2 0 0 0 0 0 1 2 2 0 1 0 0 0 0 1 1 1 1 1 1 0 1 0 2 0 1 0 0 1 1 1 3 1 0 2 1 0 0 0 0 1 1 2 0 0 0 0 1 2 
1 0 0 0 0 1 0 0 0 0 1 0 0 0 0 1 0 0 2 0 0 0 0 0 0 0 0 0 1 0 0 3 1 0 1 0 0 0 1 0 0 0 1 0 1 0 2 0 1 0 1 1 1 0 2 0 0 0 1 1 0 0 0 0 0 0 1 3 0 1 0 0 1 0 2 0 1 1 1 1 0 0 0 0 0 0 0 0 0 0 
0 0 0 2 0 3 0 1 0 0 0 0 0 1 0 0 1 1 0 2 0 1 0 0 0 0 0 1 0 0 0 0 0 1 1 1 1 0 1 1 1 1 0 1 1 0 0 0 0 0 0 1 0 1 0 0 1 0 0 1 0 0 1 0 0 2 0 0 3 2 0 0 2 0 1 0 0 0 0 0 0 0 1 1 1 0 0 1 0 2 
0 1 0 0 0 0 0 1 0 0 0 0 0 1 1 0 0 0 1 0 0 1 0 1 0 0 0 0 2 0 0 1 1 0 1 0 1 1 0 0 0 1 0 0 1 0 0 1 0 1 0 1 1 0 0 0 1 0 1 0 1 0 0 0 0 0 0 0 0 0 1 1 1 0 0 0 0 1 1 0 0 0 2 0 1 0 1 0 0 0 
0 0 0 0 1 1 0 0 0 0 0 0 0 1 1 1 0 0 0 0 0 0 0 0 1 0 0 1 0 0 0 1 0 0 0 0 1 0 0 0 0 0 1 0 0 0 0 1 1 0 1 0 1 0 0 0 2 0 0 0 1 0 1 0 0 0 0 1 0 1 0 0 0 2 0 0 0 2 0 0 1 0 0 0 1 0 0 1 0 0 
0 1 0 0 0 0 0 0 0 0 1 1 1 0 0 1 0 0 0 0 0 1 0 0 0 1 0 0 0 1 0 1 0 0 0 0 0 0 0 0 2 0 0 0 1 0 0 0 0 0 0 0 0 2 1 0 0 2 0 1 0 0 0 1 0 0 0 0 0 0 0 0 0 1 0 1 0 0 0 1 0 0 1 0 0 0 0 0 0 1 
1 0 0 0 0 0 0 0 0 1 0 0 1 0 0 0 0 0 0 0 1 1 0 0 0 0 0 0 0 0 0 0 0 0 0 1 0 0 0 0 0 0 0 0 0 2 0 1 0 0 0 0 0 0 2 1 1 0 0 0 0 1 1 0 0 0 0 0 0 1 0 0 0 0 1 0 0 0 0 0 0 0 0 0 0 2 0 2 0 1 
0 2 0 0 0 0 0 0 0 0 1 0 0 0 0 0 0 0 0 0 0 0 0 0 0 3 0 0 1 0 1 0 0 1 0 1 0 1 0 1 1 0 0 0 0 0 0 0 0 0 1 0 0 1 1 1 0 0 0 0 1 0 1 0 0 0 0 1 1 1 0 0 0 1 0 0 0 1 0 0 0 0 0 1 0 1 0 1 1 1 
0 0 0 0 1 0 0 0 0 0 1 0 0 0 1 0 0 0 0 1 0 0 0 0 1 0 1 1 0 0 0 0 0 1 0 0 0 1 0 0 0 0 0 0 1 1 1 0 0 0 3 0 0 2 0 1 0 0 0 0 0 2 1 0 1 1 1 0 1 0 0 0 0 0 0 0 0 0 1 0 0 0 0 0 1 0 0 0 1 2 
0 0 0 0 0 0 0 1 0 0 0 0 1 1 1 0 0 0 0 0 0 0 1 0 0 0 0 0 0 2 0 1 1 1 0 1 1 0 0 0 0 0 0 5 1 1 0 1 0 0 2 0 0 2 1 0 0 0 1 1 0 0 0 1 0 0 0 0 0 1 1 1 0 0 1 0 0 0 0 0 0 0 0 0 0 0 0 0 0 2 
1 0 0 0 0 0 0 1 1 0 0 0 0 1 0 0 0 0 0 0 0 0 1 0 0 1 0 0 0 0 0 1 1 0 0 2 0 0 0 1 0 0 0 0 0 0 0 0 0 0 1 0 0 1 1 0 0 0 0 1 0 0 0 0 0 0 1 0 0 1 0 0 0 0 2 1 0 0 0 1 0 1 0 1 1 0 0 0 0 0 
0 0 2 0 0 0 0 0 2 0 0 0 0 0 0 0 0 0 0 0 0 1 0 0 1 0 0 0 0 1 0 0 0 0 1 0 0 0 0 1 0 0 1 0 1 0 0 0 1 0 0 1 0 1 1 0 0 0 0 0 0 1 1 0 1 0 0 1 0 0 0 1 1 1 1 0 0 0 0 0 2 0 1 1 0 0 0 1 1 0 
0 0 0 0 1 0 0 0 0 0 0 1 0 0 0 0 0 0 0 0 0 1 2 0 1 1 1 0 1 0 0 0 0 0 0 0 0 0 1 0 0 0 0 0 0 0 0 1 1 0 1 0 0 1 0 0 1 0 0 0 0 0 0 0 2 0 0 0 0 1 2 0 0 1 0 1 0 0 0 1 0 0 0 0 3 0 0 3 0 0 
0 0 1 0 1 0 0 0 1 0 0 1 0 0 0 0 1 0 1 1 0 0 1 1 2 0 0 0 0 1 0 0 1 2 1 0 0 1 0 1 1 0 0 0 1 1 1 0 2 0 0 0 0 3 0 0 0 0 0 0 1 0 1 2 3 0 0 0 1 0 0 0 1 1 2 1 0 1 0 1 0 0 0 0 0 0 1 0 1 0 
0 0 0 0 0 0 0 1 0 1 0 0 0 0 0 1 0 0 0 1 0 0 0 0 0 0 0 0 0 0 0 0 1 0 0 0 0 1 0 1 0 1 0 1 1 0 0 0 0 0 0 0 1 0 0 0 0 0 0 0 0 0 1 0 0 0 0 0 0 1 0 1 1 1 0 0 1 0 0 1 0 1 0 1 0 0 1 1 1 0 
0 0 0 0 0 0 1 1 0 0 0 0 0 0 0 0 1 0 0 0 0 1 0 0 0 1 0 0 0 0 0 0 0 0 0 1 0 0 0 0 1 0 0 0 0 0 0 0 0 0 0 0 0 0 1 0 0 0 0 0 0 0 1 0 0 1 1 0 0 1 0 0 0 1 0 0 0 1 0 1 1 0 0 0 0 2 0 0 0 0 
1 0 0 0 0 0 0 0 1 1 2 0 1 0 2 1 0 0 0 0 1 0 0 1 0 1 0 0 0 1 1 0 1 0 1 0 1 2 0 1 0 1 0 0 0 1 1 0 0 0 0 0 1 0 1 0 1 1 0 1 0 1 1 0 0 0 3 1 0 1 1 0 0 1 0 0 2 0 1 0 0 0 1 0 0 0 0 0 0 0 
0 2 0 1 0 0 0 0 1 1 0 0 0 0 1 1 0 0 0 0 0 2 1 1 0 0 1 1 0 0 0 0 0 0 0 0 1 0 0 2 2 1 0 0 0 0 0 2 0 0 2 0 0 0 0 0 0 0 0 0 0 0 2 1 0 2 1 0 0 0 0 0 0 0 1 2 2 0 0 1 1 0 0 0 0 1 1 1 1 0 
0 1 0 1 0 0 0 2 1 1 1 0 0 0 0 0 0 0 1 0 1 0 0 0 0 0 0 0 1 0 0 0 0 1 0 0 0 1 0 1 1 0 1 0 0 0 0 0 1 1 0 3 0 0 2 1 2 0 0 1 0 0 0 0 1 0 0 0 0 0 0 0 0 0 0 1 0 0 0 0 1 1 1 0 0 1 0 1 0 0 
1 1 0 1 0 0 0 0 0 0 0 2 0 0 0 0 0 0 0 0 0 0 1 0 0 1 0 0 0 1 0 0 0 1 0 0 0 0 0 0 0 0 0 0 0 0 0 0 1 0 0 0 0 1 0 0 0 0 1 0 0 0 0 0 0 0 0 0 0 1 1 1 1 0 1 0 0 1 0 0 0 0 0 1 0 0 1 1 0 0 
1 0 0 1 0 1 0 0 0 0 1 0 0 0 1 0 0 0 0 1 0 0 0 0 0 1 0 0 0 2 1 0 0 0 1 0 0 0 0 0 0 0 2 0 1 1 0 1 0 0 1 0 0 1 1 0 0 0 0 0 0 0 0 0 1 3 0 0 0 0 0 1 0 0 0 0 0 0 0 0 0 1 0 0 1 0 0 2 1 0 
0 0 0 0 0 0 0 0 0 0 2 0 0 0 0 0 1 0 1 0 0 0 0 0 1 1 0 0 0 0 0 1 0 1 0 1 1 0 1 0 0 0 0 0 0 1 0 0 0 0 1 0 2 0 0 0 0 0 1 0 1 2 1 1 1 1 0 0 0 0 1 0 0 1 0 0 0 0 0 0 1 1 0 0 0 0 1 0 0 1 
0 0 1 0 0 0 0 0 0 0 0 0 0 1 0 1 0 0 0 0 0 1 0 0 0 0 1 0 2 0 0 1 0 0 0 1 0 0 0 0 2 0 0 0 0 0 0 0 1 1 1 0 0 0 0 1 0 1 0 0 1 0 0 0 1 0 2 0 2 0 0 0 0 1 0 1 1 1 1 0 0 0 2 0 0 0 0 0 0 0 
0 0 1 0 0 0 1 1 0 0 1 1 0 1 0 0 1 0 0 1 0 0 0 0 0 0 1 0 0 0 0 1 2 0 0 0 0 0 0 0 0 0 0 3 0 0 0 0 0 0 0 0 0 0 1 1 0 0 1 1 1 0 1 1 0 0 1 0 0 2 0 0 0 0 0 0 1 1 1 0 2 0 0 0 2 0 0 0 0 0 
0 0 1 0 0 1 1 0 0 0 0 0 1 0 0 0 1 0 0 0 0 0 0 0 1 2 0 0 0 1 0 2 0 0 0 1 0 1 1 1 0 0 0 0 0 1 1 0 0 1 0 0 0 1 0 0 0 1 1 0 1 0 1 1 0 0 0 0 2 0 0 1 1 0 0 0 0 0 0 0 1 0 0 1 2 0 0 0 0 0 
0 0 0 0 1 0 0 1 1 0 0 1 0 0 0 0 0 1 1 0 0 0 1 0 0 1 1 0 1 1 1 1 0 0 0 0 0 0 1 0 0 1 0 0 1 0 0 1 1 1 0 1 1 0 1 1 0 1 0 0 0 1 1 1 1 0 0 0 1 0 0 0 1 1 1 1 0 0 2 1 0 1 0 0 0 3 0 0 0 0 
0 0 0 0 2 0 1 0 0 0 0 0 1 0 0 0 1 0 0 1 0 0 0 1 0 0 0 1 0 0 0 1 0 0 0 0 0 0 1 0 0 0 0 0 2 1 1 1 1 0 0 2 0 0 0 0 0 1 0 0 0 0 0 1 0 1 1 0 0 1 0 0 2 0 1 0 1 0 0 0 0 0 0 0 0 0 0 0 0 0 
0 0 0 1 0 0 0 0 1 0 1 0 1 0 0 0 0 0 1 0 0 0 0 0 0 0 0 0 0 0 0 0 0 0 0 0 2 1 1 2 1 2 0 1 0 0 0 0 0 0 1 0 0 0 1 0 1 0 0 0 0 1 1 0 0 0 0 0 0 0 0 1 0 1 1 0 0 0 1 0 0 0 1 0 0 1 0 0 0 0 
0 1 0 1 0 0 0 0 0 0 0 0 0 0 2 2 1 1 0 1 1 0 0 0 0 0 0 0 0 0 0 0 1 0 1 1 0 0 1 0 0 0 1 1 0 0 1 2 1 0 0 0 0 0 0 0 0 0 0 0 0 0 0 1 0 0 0 0 0 1 0 1 0 0 0 0 0 0 1 0 0 0 0 0 0 1 0 0 1 0 
0 0 0 0 0 0 0 0 0 1 1 1 1 0 0 0 0 0 0 1 0 2 1 0 0 0 0 1 1 0 0 0 0 0 0 1 0 0 0 1 1 0 1 1 0 0 0 1 1 1 0 1 0 0 0 1 0 0 0 0 0 0 0 0 0 1 2 0 0 1 0 0 0 0 0 0 0 1 0 0 2 0 1 1 1 3 0 0 1 0 
0 0 0 0 0 0 0 0 1 0 1 0 0 1 0 0 1 0 0 0 0 0 0 0 0 0 0 0 0 0 0 1 0 1 0 0 0 1 0 0 2 0 0 0 1 0 1 1 0 0 1 0 0 1 1 0 0 0 0 0 0 0 0 0 1 0 1 0 0 1 0 1 0 0 1 1 0 1 0 0 0 2 0 0 0 0 0 1 0 1 
0 0 0 0 0 0 0 0 0 1 0 1 0 0 0 0 0 1 0 1 1 0 0 0 0 0 0 0 0 0 1 0 0 0 0 1 1 1 0 0 0 1 0 0 1 0 1 0 0 0 1 0 1 0 1 0 0 1 1 1 1 0 0 0 0 0 0 1 0 3 0 1 0 0 0 0 0 1 1 0 0 0 1 0 0 0 1 0 0 0 
0 0 0 0 0 0 0 0 0 0 2 0 0 0 0 0 0 0 0 0 0 0 0 0 0 0 0 0 0 0 1 0 0 0 0 0 0 1 2 0 1 0 0 0 1 0 0 0 0 0 1 0 1 0 1 0 1 0 0 1 0 0 0 3 2 0 0 0 0 1 0 0 0 0 1 1 0 0 1 0 1 0 1 1 0 2 0 1 0 0 
0 0 0 0 1 0 1 0 0 0 1 0 0 0 0 0 0 0 0 1 0 0 0 1 0 0 0 0 1 0 0 0 1 0 0 1 0 1 1 1 0 1 0 1 0 0 1 0 0 0 0 0 0 1 0 0 0 0 0 0 1 0 0 0 1 0 0 0 0 0 0 0 0 0 0 0 0 0 0 0 0 0 0 0 0 1 0 0 0 0 
0 0 0 0 0 0 0 0 0 0 0 0 0 1 0 0 0 0 0 0 0 1 0 0 0 0 0 0 1 0 1 0 0 0 1 0 0 0 1 0 0 0 0 2 1 1 0 0 0 0 0 1 0 1 1 0 0 0 2 0 0 1 1 0 0 2 0 0 0 2 0 1 0 0 0 0 0 2 0 0 0 1 0 1 3 0 0 0 0 0 
0 0 0 0 0 0 0 0 0 0 0 1 0 1 0 0 0 0 0 0 0 1 1 1 1 0 0 1 0 0 0 1 0 0 0 0 0 1 0 0 0 0 0 0 0 2 0 0 1 1 0 0 0 0 0 0 0 0 0 1 0 0 0 0 0 0 0 0 0 0 0 1 0 0 0 1 0 0 1 0 0 0 1 0 1 0 0 0 0 1 
0 0 0 0 0 0 0 0 0 0 0 0 1 1 0 0 0 0 1 0 0 1 0 1 0 0 0 0 0 0 1 1 1 0 1 0 1 2 2 0 2 0 0 0 0 1 0 0 0 0 0 0 0 0 1 0 0 2 0 0 0 0 1 0 1 0 0 1 0 0 1 0 1 0 0 0 0 0 0 0 0 0 3 0 0 1 0 0 0 0 
0 0 0 0 0 1 0 0 0 0 1 0 1 0 0 0 1 0 0 0 0 1 1 0 0 0 1 0 0 0 1 1 2 0 1 3 1 0 0 0 0 0 0 0 0 0 0 0 0 0 0 1 0 0 0 0 0 0 0 1 0 0 1 0 0 0 1 0 0 0 0 0 0 0 0 0 0 1 1 1 0 0 0 2 3 0 1 0 1 0 
0 0 0 0 0 0 0 0 1 0 1 0 0 0 0 0 0 0 1 1 0 0 1 0 1 1 1 1 0 0 0 0 0 0 0 0 0 0 1 1 0 0 0 1 1 0 0 1 1 0 0 0 0 0 0 0 0 0 2 1 0 2 0 0 0 1 0 0 1 0 0 0 1 0 1 0 0 0 0 0 0 0 1 0 0 0 0 2 0 0 
0 0 0 0 2 0 1 0 0 0 0 1 0 0 0 0 0 0 0 0 0 0 0 0 0 0 0 0 0 0 0 1 0 1 0 1 0 0 1 0 0 0 0 1 0 1 1 0 0 0 1 0 0 1 0 0 1 2 1 0 0 0 0 1 0 0 0 1 0 2 0 0 1 0 0 0 0 0 0 0 2 0 0 1 1 0 0 0 0 0 
0 0 0 0 0 0 0 0 0 0 0 0 0 0 0 0 0 0 0 0 0 0 0 1 1 0 1 1 1 1 1 0 0 0 0 0 1 0 0 1 0 1 0 0 0 0 0 0 0 0 0 0 0 0 0 0 0 0 0 0 0 1 1 0 0 0 0 0 0 0 0 0 0 1 0 0 0 1 0 0 0 1 1 0 0 0 0 0 0 1 
0 1 2 0 0 0 0 0 1 0 0 0 0 0 0 1 0 0 3 0 0 0 1 0 0 0 0 1 0 1 0 0 0 0 0 1 2 0 0 0 0 0 0 2 0 0 0 0 0 0 2 0 1 0 1 0 0 0 0 0 0 1 0 0 0 0 0 0 0 0 0 0 0 1 1 0 0 0 0 1 0 0 0 0 0 1 0 0 0 0 
0 0 0 0 1 0 0 0 0 0 0 0 0 1 0 0 0 1 0 0 0 0 0 0 0 0 0 0 0 0 0 0 1 0 0 0 0 0 0 1 0 0 0 2 0 1 1 0 0 1 0 0 0 0 0 1 0 0 2 1 0 0 0 0 0 0 0 1 0 0 0 0 0 0 0 0 0 0 2 1 0 1 1 0 0 0 1 1 1 0 
0 0 0 0 0 0 0 0 1 0 0 0 2 0 0 0 1 0 1 0 0 0 0 1 0 0 0 1 0 0 0 0 0 0 2 0 0 1 0 0 0 1 0 0 0 0 1 0 0 0 0 0 1 0 0 2 0 0 0 0 0 0 1 1 0 1 2 1 0 0 0 0 0 0 0 1 1 0 1 0 0 1 0 0 1 1 1 0 0 0 
0 1 1 0 0 0 1 0 0 0 0 2 0 0 0 0 1 0 0 0 0 0 1 0 0 1 0 0 0 0 0 0 0 0 0 0 2 2 1 0 0 1 1 0 0 1 0 1 0 0 1 0 0 1 0 0 0 0 0 0 0 0 0 0 1 0 0 0 2 0 1 1 1 0 0 0 0 0 0 1 0 1 1 0 0 0 0 0 1 0 
0 0 0 0 0 0 0 0 0 0 0 0 0 0 0 0 0 0 0 1 1 0 1 0 0 0 1 0 0 0 1 0 0 0 0 0 0 1 0 1 0 0 0 0 0 0 0 0 0 0 1 1 1 0 1 0 0 1 0 0 1 0 1 1 0 0 0 0 0 0 1 1 0 0 1 1 0 0 1 1 0 0 0 0 0 0 0 1 1 0 
1 0 0 0 0 0 0 0 0 0 0 0 0 0 2 0 1 0 0 1 0 0 0 0 0 1 1 0 0 1 0 0 1 0 0 0 0 1 1 1 0 0 1 0 0 0 0 0 0 0 0 0 0 0 0 0 0 1 0 0 0 0 0 0 0 0 0 1 0 1 0 0 0 0 0 0 0 0 1 0 0 0 0 0 0 0 0 0 1 0 
0 0 0 0 0 0 0 0 0 0 0 0 0 0 0 1 0 0 0 0 1 1 1 0 0 1 0 0 2 1 0 1 1 0 0 0 0 0 0 1 1 0 0 0 0 2 1 0 0 1 1 2 0 0 0 0 0 0 0 0 0 0 0 0 0 1 0 0 1 0 0 0 0 0 2 0 0 1 1 0 0 0 0 0 0 1 0 0 0 0 
0 0 0 0 0 0 0 0 0 0 1 0 1 0 0 0 0 0 0 0 2 1 1 0 0 0 0 0 0 1 0 1 0 0 0 0 0 0 4 1 1 0 0 1 0 0 0 0 0 1 1 0 0 0 0 1 0 1 0 1 1 1 0 0 0 0 1 1 0 0 0 1 0 0 1 0 0 0 0 1 0 0 0 1 0 0 0 0 0 1 
0 1 0 0 1 0 2 0 0 0 0 0 0 0 0 0 0 0 0 1 0 0 2 0 1 0 0 0 1 0 0 1 0 0 0 1 0 1 0 1 1 0 1 0 1 1 0 0 0 0 1 0 0 0 1 0 0 0 1 0 0 0 0 0 0 0 0 0 1 0 0 1 0 2 0 1 0 0 2 0 0 0 0 0 0 0 0 0 1 1 
0 1 1 0 0 0 0 0 1 0 0 0 1 0 0 0 0 0 0 1 0 1 0 3 0 2 0 0 0 0 0 0 2 1 0 1 0 0 0 0 0 0 1 0 0 0 0 0 1 0 0 0 1 0 0 0 0 0 0 0 0 1 0 0 2 0 0 0 1 0 2 0 1 0 0 0 0 1 0 0 0 0 0 3 0 0 0 0 0 0 
1 0 0 0 0 0 0 0 0 0 0 0 0 0 0 0 0 0 0 0 0 0 0 0 0 1 0 1 0 0 0 2 1 0 0 1 0 0 1 0 0 0 0 0 0 0 0 0 0 0 0 0 0 1 1 0 0 1 1 0 0 0 0 1 1 0 0 0 0 0 0 0 0 1 1 0 1 0 1 1 1 0 0 1 0 0 2 0 0 0 
1 0 0 0 0 0 0 1 0 0 1 0 0 0 0 0 0 0 0 1 0 0 0 1 0 0 1 0 0 0 0 1 1 0 0 1 0 0 1 0 0 0 0 0 0 0 1 0 0 1 0 1 0 0 0 0 0 0 0 0 0 0 0 0 0 1 0 0 0 0 0 0 0 1 1 1 1 0 0 0 0 0 0 0 0 0 0 0 2 0 
0 0 0 1 0 0 1 0 0 0 0 0 0 0 2 0 0 0 0 1 0 0 1 0 0 0 0 0 0 0 0 0 0 0 0 0 1 0 1 0 0 0 1 0 1 0 1 0 0 0 0 0 0 0 0 1 1 0 0 0 0 1 1 0 0 2 0 1 0 1 0 0 0 1 0 2 1 0 1 0 0 0 0 0 0 0 1 0 2 1 
0 0 0 1 0 0 0 0 0 1 1 1 0 0 0 0 0 1 0 1 0 0 0 1 0 0 0 0 0 0 0 0 2 0 0 1 0 0 1 0 0 0 0 0 0 1 0 0 0 1 0 1 0 1 0 0 0 1 0 0 0 0 0 1 0 0 0 2 2 1 1 0 0 1 0 2 0 1 0 0 1 0 2 0 0 0 0 0 0 0 
0 0 0 1 0 0 1 1 0 0 0 0 0 1 0 0 0 1 0 1 0 1 0 0 1 0 0 0 1 0 0 0 0 0 0 0 0 0 0 1 1 1 0 1 0 0 0 1 0 1 1 0 0 0 0 1 1 0 0 1 1 1 0 0 0 0 1 0 1 0 0 0 0 1 0 0 1 0 0 0 0 0 0 1 1 1 0 0 1 0 
0 1 0 0 0 0 2 0 1 0 0 0 0 0 0 0 1 0 0 0 0 0 0 1 0 0 1 0 0 0 0 0 0 0 0 0 0 0 0 0 0 0 0 1 0 0 1 0 1 0 0 0 0 0 0 0 0 1 0 0 0 2 0 0 0 0 0 0 0 0 0 0 0 1 0 0 0 0 0 0 2 0 0 0 0 0 0 0 0 0 
0 0 0 0 0 0 0 0 0 0 0 0 0 0 0 0 0 0 1 0 0 0 0 0 0 1 0 0 0 0 0 1 0 0 0 0 0 0 0 1 0 1 0 0 0 1 0 0 0 0 0 0 0 0 0 0 0 0 1 0 1 1 0 0 0 0 0 1 0 0 0 1 0 0 0 0 0 0 1 0 0 0 0 0 0 0 0 0 0 0 
0 0 0 0 0 0 0 0 0 0 0 1 0 0 0 0 1 0 0 0 0 0 1 0 0 0 0 0 1 0 0 1 0 0 0 0 0 0 0 1 0 1 1 0 0 0 0 0 0 1 1 0 0 0 0 0 0 0 0 1 0 0 0 0 1 0 1 1 1 0 0 0 0 0 0 0 0 0 1 1 0 0 2 0 0 0 0 0 1 0 
0 0 1 0 0 0 0 1 0 0 0 0 0 0 0 0 1 0 0 0 0 0 0 1 0 0 0 0 0 0 0 1 0 0 0 0 0 1 0 0 0 0 1 0 0 0 0 0 0 1 1 0 0 0 1 0 0 1 0 1 0 0 0 0 0 2 1 0 2 0 1 1 0 1 0 0 0 0 0 2 0 0 0 0 0 0 0 0 1 0 
1 0 0 0 0 0 0 1 0 0 0 1 0 0 0 0 1 0 2 1 0 0 0 0 0 0 1 0 0 0 0 0 0 0 0 0 0 0 0 0 0 0 0 2 1 0 0 0 1 1 0 0 0 0 0 0 1 0 0 0 0 0 1 0 0 0 1 2 0 0 0 1 0 0 0 1 1 0 1 0 1 0 1 0 0 0 1 1 0 1 
0 0 2 0 0 0 0 0 0 0 0 1 0 1 1 0 0 1 0 0 1 0 0 0 0 1 0 0 2 0 0 0 0 0 0 0 0 0 0 0 0 1 0 0 0 0 0 0 0 0 0 0 0 0 0 0 0 0 1 0 0 1 0 0 0 0 0 0 0 0 0 0 0 0 2 0 0 0 0 2 0 1 0 0 0 1 2 0 0 0 
1 0 0 2 0 0 0 0 0 0 0 0 0 0 1 0 0 0 0 0 0 0 0 1 0 0 0 0 0 0 0 0 0 0 0 0 0 0 0 0 0 1 0 1 0 0 0 0 0 1 0 1 2 1 0 0 0 1 1 0 0 1 1 0 0 0 0 0 0 0 0 0 0 0 0 0 0 0 0 1 0 0 0 0 0 0 0 0 0 0 
0 0 1 1 0 0 0 0 0 0 1 0 0 0 1 0 0 0 0 0 0 0 0 0 1 0 0 0 0 0 1 2 0 0 0 0 1 1 0 0 0 0 0 0 0 0 0 0 1 0 0 0 0 0 0 0 0 0 1 0 1 0 0 0 1 0 1 0 0 0 0 1 0 1 0 0 0 0 0 1 0 0 1 1 0 0 0 0 0 0 
0 1 0 0 0 0 0 0 0 1 0 0 0 0 0 0 0 1 1 1 0 2 0 0 0 0 0 1 0 0 0 0 1 0 0 0 0 0 0 0 1 0 2 0 0 1 1 0 1 0 0 0 0 1 1 0 0 2 0 1 0 1 0 0 0 0 0 1 1 0 0 1 0 0 0 1 2 0 0 1 0 0 0 0 0 0 0 0 0 1 
0 0 1 1 1 2 0 0 0 0 0 0 0 0 0 1 0 0 1 0 0 2 0 0 0 0 1 0 1 0 0 0 0 0 0 0 1 0 0 0 0 0 0 0 1 0 1 0 0 1 1 1 1 0 0 0 1 0 0 0 0 0 0 1 0 0 0 0 0 1 0 0 1 0 0 0 0 0 0 2 0 0 1 0 0 0 0 0 0 0 
0 0 1 1 0 0 0 0 0 1 0 0 1 0 0 1 0 0 0 0 0 0 0 1 0 0 0 0 0 2 0 1 1 0 1 0 0 0 0 0 0 0 0 0 0 0 0 0 1 0 0 0 1 1 0 0 0 0 1 0 0 0 1 1 0 1 0 0 1 0 1 0 1 1 0 0 0 0 0 0 0 1 0 0 0 0 0 0 0 0 
0 0 0 0 0 0 0 0 1 0 0 0 0 0 0 2 0 0 0 0 0 1 1 0 0 0 0 0 0 1 1 0 0 0 0 1 0 0 0 0 1 0 0 0 0 0 0 0 0 0 0 0 0 2 0 0 0 1 0 0 1 0 0 0 0 1 0 0 0 0 0 1 0 0 0 0 0 1 0 0 0 0 0 2 0 1 0 0 0 0 
0 0 0 0 1 1 0 0 0 0 0 0 0 0 1 0 0 0 0 0 0 0 0 1 0 0 1 0 0 2 1 0 0 0 0 0 0 0 1 0 0 0 1 0 0 0 0 1 0 2 1 0 0 1 0 0 1 1 0 0 1 1 2 0 0 0 0 2 0 0 1 0 1 0 0 2 0 0 2 0 0 0 0 0 0 0 0 0 0 0 
1 0 0 0 0 0 0 0 0 1 0 1 0 1 0 0 0 0 0 0 0 0 0 0 0 0 0 0 0 1 1 1 0 0 0 0 1 0 1 0 0 0 1 0 0 0 1 0 1 0 1 1 0 1 0 1 1 0 1 0 0 0 0 1 2 0 0 0 2 0 2 0 0 0 0 0 1 0 0 0 0 0 1 0 0 0 0 0 1 0 
0 0 0 0 0 0 0 0 0 0 0 0 0 1 0 0 0 0 0 0 0 0 0 0 1 0 0 0 0 0 0 0 1 0 1 0 0 0 0 0 0 0 0 1 0 0 0 0 0 0 2 0 0 0 1 0 0 0 0 0 1 0 0 0 0 0 1 0 1 1 0 0 0 0 0 0 0 0 0 0 0 0 0 1 1 0 0 0 0 0 
0 0 1 0 0 0 0 0 1 0 0 0 1 0 1 0 1 0 0 0 0 0 0 2 0 0 0 0 0 0 0 0 0 0 0 2 0 0 0 0 1 0 0 0 0 0 0 0 0 0 0 0 2 1 0 0 0 0 0 0 2 0 0 0 0 0 1 0 0 0 0 0 0 0 2 1 0 0 0 1 0 0 0 0 0 0 0 1 1 0 
1 0 0 0 0 1 1 0 1 0 0 0 0 0 0 1 0 1 0 0 0 1 0 0 0 0 0 0 0 0 1 0 0 0 1 1 0 1 1 0 0 0 0 0 0 0 0 0 0 0 1 1 0 1 0 0 0 1 0 0 0 0 0 0 1 0 0 0 0 0 0 0 0 0 0 0 0 0 0 1 0 0 0 0 0 0 0 0 0 0 
1 0 0 0 0 0 0 0 0 0 0 1 1 0 1 1 1 0 0 1 0 0 0 0 0 0 0 0 0 1 0 1 1 0 0 0 1 0 0 0 1 0 1 1 1 1 0 0 0 1 0 0 0 1 0 0 0 0 0 0 1 0 1 0 0 0 0 0 1 0 0 0 0 1 0 0 0 0 0 0 0 0 0 0 0 0 0 0 1 1 
0 0 0 0 0 0 0 0 0 0 0 0 1 0 0 0 1 0 0 0 0 0 0 1 0 1 0 0 0 0 0 0 1 0 0 0 0 0 0 0 0 1 0 0 1 0 0 0 0 0 0 0 1 1 0 0 1 0 0 0 0 0 1 0 0 0 0 0 0 1 0 0 0 1 0 0 0 1 0 1 0 0 0 0 0 0 0 0 0 0 
0 0 0 0 0 0 0 1 0 0 0 0 0 1 0 0 0 0 0 0 0 0 0 0 1 0 0 1 0 0 0 0 0 0 0 0 1 0 1 0 1 0 0 0 0 0 1 1 0 0 0 0 0 1 0 0 0 0 1 0 0 0 0 0 0 0 1 1 0 0 0 0 0 0 0 0 0 0 0 1 0 0 0 0 0 0 0 0 0 1 
0 0 0 0 1 1 0 1 0 0 1 0 0 0 0 0 0 0 0 0 1 0 0 0 0 0 1 0 0 0 0 0 0 0 0 2 0 0 0 0 0 0 1 1 0 1 0 0 1 1 0 0 0 0 0 0 0 0 0 0 0 0 0 0 0 0 0 0 0 0 0 0 0 0 1 0 0 0 1 0 0 0 0 1 0 1 1 0 1 0 
0 1 0 0 0 0 0 0 0 0 0 0 0 0 0 0 0 0 0 0 0 0 1 0 0 0 0 1 1 1 0 1 0 1 1 0 0 1 1 0 0 0 0 0 0 0 0 0 0 2 0 0 0 0 0 1 0 0 1 0 0 0 1 0 1 0 0 0 0 2 0 0 0 0 0 1 1 0 0 1 1 1 0 0 0 0 1 1 0 1 
0 0 0 0 0 0 0 0 0 0 0 1 0 0 1 0 0 0 0 0 0 0 0 0 0 0 0 0 0 1 0 0 0 0 0 0 0 0 0 0 0 1 1 0 0 0 0 0 1 0 0 0 0 0 1 0 0 0 0 0 0 1 0 0 1 1 0 0 0 1 0 0 0 1 0 0 0 0 0 0 0 1 0 0 0 0 0 1 0 0 
0 0 0 0 0 0 0 0 0 1 0 1 0 0 0 0 0 0 0 0 0 0 0 0 0 0 0 0 0 0 0 0 2 0 1 0 0 0 0 0 0 0 0 0 0 0 0 0 0 0 0 1 1 1 0 1 0 1 1 0 0 0 0 0 2 0 0 0 2 0 0 1 0 0 0 0 0 1 0 0 1 0 0 0 0 0 1 1 0 0 
0 1 0 0 0 0 0 0 0 0 0 0 0 0 0 0 0 1 0 0 0 0 0 0 0 0 0 0 0 0 0 0 0 0 0 0 0 0 1 0 0 0 0 0 1 0 0 1 0 1 0 0 0 0 0 0 0 1 1 0 0 0 0 0 1 0 0 0 0 0 2 0 0 0 0 0 0 0 0 0 0 1 0 0 0 1 0 1 0 0 
0 0 0 0 0 0 0 0 0 0 1 0 0 1 1 0 0 1 0 0 1 1 0 0 0 0 0 1 0 0 0 1 1 1 0 1 0 0 0 1 1 0 0 0 0 1 0 1 0 0 0 0 0 0 0 0 0 0 0 0 0 0 0 0 0 0 0 0 0 0 1 0 0 0 0 1 0 0 0 1 1 0 0 0 0 0 0 0 1 0 
0 0 0 0 0 0 0 0 0 0 0 0 0 0 0 0 0 0 0 0 0 0 0 0 0 0 0 0 0 0 0 0 0 0 0 0 0 0 1 1 1 0 0 0 0 0 0 0 0 0 0 0 1 1 1 0 1 0 0 2 0 0 0 0 0 0 0 0 0 0 0 0 1 0 0 0 0 1 1 1 0 1 0 0 0 0 1 0 2 0 
0 0 1 0 0 0 0 1 0 1 0 0 0 1 0 1 0 0 0 0 0 1 0 0 0 1 0 0 0 0 0 1 0 0 0 0 0 0 0 0 1 0 0 0 0 0 0 0 0 0 0 1 1 1 0 1 0 0 0 0 0 0 0 0 0 0 0 0 0 0 0 0 0 0 0 0 0 0 0 0 0 0 1 0 0 0 0 0 1 1 
0 0 0 0 0 0 0 0 0 1 0 0 0 0 0 0 1 0 0 0 0 0 1 0 0 1 1 0 1 0 0 0 0 0 0 0 0 0 0 0 0 0 0 1 0 0 0 0 0 0 0 0 0 0 0 0 0 1 1 0 0 0 0 2 0 0 0 2 1 0 0 0 1 0 0 0 1 0 1 0 0 1 0 0 0 0 1 0 0 0 
