# Format: McCode with text headers
# URL: http://www.mccode.org
# Creator: McStas 2.5beta01 - Nov. 03, 2018
# Instrument: Full_simple_noSqq.instr
# Ncount: 6250000
# Trace: no
# Gravitation: no
# Seed: 1544473263
# Directory: Magnon_rerun_events_C_noEfocus_noSqq/53
# Nodes: 16
# Param: WaveMin=2.75
# Param: WaveMax=4.4
# Param: E_0=4
# Param: L_0=0
# Param: chopPulseOpening=0.004
# Param: DivSlit0_width=0.1
# Param: DivSlit1_width=0.1
# Param: DivSlit2_width=0.1
# Param: DivSlit3_width=0.1
# Param: Npulse=1
# Param: print=0
# Param: makeVirtualSource=0
# Param: printMValues=0
# Param: power=2
# Param: BWopen=161
# Param: OMA=37.072
# Param: TTA=74.1432
# Param: OMA2=30.628
# Param: TTA2=61.256
# Param: phi=37
# Param: dphi=0.332
# Param: MCPLfile=BIFROST_mcpl.gz
# Param: ax=0
# Param: ay=2.14
# Param: az=-1.24
# Param: bx=0
# Param: by=0
# Param: bz=2.47
# Param: cx=6.71
# Param: cy=0
# Param: cz=0
# Param: Omega=53
# Param: TwoTheta=15
# Param: lambda=10
# Param: dlambda=9.9
# Param: Rotation=0
# Param: inelastic=1
# Param: aa=6.28319
# Param: sample_J1=1.5
# Param: sample_J2=0
# Param: TT=300
# Param: FerroMagnet=0
# Param: Verbose=0
# Param: imultiplier=1
# Param: INCOH=0
# Param: INCOHspread=0
# Param: sample_focusW=2.1
# Param: sample_focusH=0.15
# Param: focus_EF=0
# Param: TOFmin=0.1172
# Param: TOFmax=0.186
# Param: TOFbins=256
# Date: Mon Dec 10 08:12:38 2018 (1544425958)
# type: array_2d(90, 90)
# Source: EGCESE (Full_simple_noSqq.instr)
# component: psd_monitor1
# position: 0.514392 -1.56124 1.91974
# title: PSD monitor
# Ncount: 100000000
# filename: analyser1_psd.dat
# statistics: X0=-0.421538; dX=1.03034; Y0=10.7654; dY=6.45853;
# signal: Min=0; Max=4984.06; Mean=130.42;
# values: 1.0564e+06 15615.1 18004
# xvar: X 
# yvar: Y 
# xlabel: X position [cm]
# ylabel: Y position [cm]
# zvar: I
# zlabel: Signal per bin
# xylimits: -2 2 -14.88 14.88
# variables: I I_err N
# Data [psd_monitor1/analyser1_psd.dat] I:
0 0 0 209.1004392 0 69.18103237 401.7035254 73.46353929 212.1082736 0 69.50069445 0 119.4391879 0 0 0 0 0 0 0 85.83027606 0 0 0 75.1569527 0 207.2107805 96.03507149 0 0 51.17618652 0 0 115.4034108 0 0 0 43.45313212 85.79607651 92.58365325 0 83.57075713 0 0 0 13.38135653 0 140.7440502 0 74.070538 0 0 0 84.77086005 0 101.0904053 0 159.8498731 0 0 61.53964859 0 0 0 0 0 82.37401778 0 246.3954667 70.94026055 0 0 80.57292662 0 0 55.50089551 0 254.9952918 0 0 0 0 77.36876924 5.192342511 83.10930425 95.43203569 0 0 0 0 
0 333.0698044 0 174.1640783 0 0 0 81.2317912 168.9787352 0 315.1692412 288.4321816 72.33577408 0 60.02970657 0 0 0 77.98595621 123.777713 0 293.4330211 203.5596757 0 0 0 0 0 0 0 57.03856141 158.8540623 138.3984137 0 37.47261105 0 0 117.9931368 0 94.40450492 0 87.77619039 0 0 0 0 0 128.9671101 75.08464617 0 93.44065826 177.7049647 0 71.81007615 0 0 0 139.1153536 119.3449892 0 0 170.8841326 0 188.5779264 0 0 0 0 0 48.81697453 0 222.3089337 0 0 0 0 0 0 0 0 41.51957161 82.29017811 0 0 61.02551031 0 0 0 0 64.07379401 
200.5737945 0 0 0 101.928392 0 71.69312384 0 352.5120485 0 47.87532726 85.39878372 0 0 129.8923578 71.14150691 28.22947392 98.09795157 0 0 0 0 0 0 79.00929652 0 0 69.01995286 0 146.0452779 0 0 183.8408901 68.81429891 152.2825652 0 60.30356243 0 0 0 0 0 0 0 69.50119361 60.40147725 143.330272 0 98.86495121 0 0 0 0 236.8039178 73.49638585 0 0 0 0 71.96786794 0 0 139.5764946 0 0 0 188.4908001 0 0 0 74.47710367 0 0 0 0 0 67.94365249 0 0 0 0 119.5253365 103.1605558 0 0 0 0 0 0 0 
0 113.5447712 0 0 0 0 0 251.1705535 0 65.20788536 0 0 0 157.0512264 0 0 78.37393776 50.18702539 0 123.5472604 0 169.0576801 0 0 0 0 0 0 0 0 74.9651017 0 70.18233231 0 121.1989353 0 350.5290924 0 84.62881845 0 0 98.06771451 0 0 52.88760822 67.93527501 0 0 0 74.80962499 78.3662624 0 0 0 0 0 0 0 63.56031647 180.6730249 58.1081767 0 0 0 0 57.57100749 0 117.0337613 261.9403215 68.83946147 0 0 0 86.62821269 0 86.50723936 0 110.5298867 124.4648669 64.69631947 45.51569147 0 0 0 375.5404218 0 0 0 0 0 
0 42.45126774 168.6522632 0 0 81.01484377 0 0 0 0 0 0 0 107.9139868 0 0 0 96.26463141 0 0 18.10211651 214.2781544 70.35180242 0 85.73604717 79.43008277 0 0 79.38752888 0 0 0 0 0 0 86.66609164 0 0 0 0 71.55941998 0 106.7438597 0 71.79799346 0 0 82.99207442 0 0 150.9597474 59.19929943 0 0 0 0 184.4685216 101.1604557 0 0 0 0 0 0 0 0 0 0 0 0 0 0 143.8911624 0 0 85.24680725 0 0 0 43.78787615 0 0 0 162.3662821 0 0 189.110531 54.9696062 0 146.260323 
0 0 0 0 31.48888691 68.15633687 0 237.5833553 0 51.58182289 0 196.7603315 0 0 0 0 0 0 0 0 0 68.22568956 157.0327695 0 84.13718211 0 0 0 253.3330117 205.582828 20.56192464 0 0 0 0 0 0 155.2132297 0 0 219.3212438 136.1264671 0 0 0 121.2112336 87.91694673 0 91.87205133 205.9886087 0 79.46235223 152.0567952 0 0 0 0 0 172.5611805 0 0 0 0 0 72.74765797 0 0 0 0 204.0773516 0 0 0 0 42.9688003 0 212.3724434 0 116.7573183 44.53220637 156.6076908 40.5586772 0 0 0 0 22.24211245 0 0 0 
0 0 0 0 0 0 0 0 0 0 0 77.08237513 0 0 27.3271857 0 0 0 0 0 0 0 0 40.54408949 0 0 0 0 0 0 279.4520219 0 93.13755697 0 0 0 0 0 0 111.5442069 62.5608824 0 434.7613746 56.57758694 0 0 51.23373742 299.3181239 0 0 0 0 0 87.0544756 0 0 0 11.37655621 0 0 86.2338677 0 164.9527907 0 0 0 147.2921021 0 208.7121556 0 90.47752434 77.94600903 0 0 0 164.8682402 0 108.0245872 0 0 0 78.85867139 75.56125094 85.50921517 0 0 439.3494055 0 45.50571354 98.34435398 
87.20232771 0 100.8412452 268.8364856 95.03247396 0 0 0 108.7010226 0 0 0 0 0 146.6845137 90.27780671 351.4381771 0 0 0 74.90677545 250.3837991 0 0 0 328.1218179 84.80711354 69.85202628 0 0 0 0 145.2857494 204.6000511 0 109.7146246 0 0 0 0 0 0 35.1829562 0 0 0 0 0 0 0 0 0 0 139.9360682 0 0 0 73.32167537 70.44454529 0 0 0 0 115.1676868 0 81.99804659 0 0 0 35.02750278 167.6939043 163.5065374 0 0 94.97294336 0 0 67.85011441 0 0 0 35.87421635 0 0 0 0 291.5452057 0 0 133.4610451 
243.3361262 0 0 163.4707021 0 0 88.8231541 0 0 0 0 129.6229731 0 110.8372442 0 140.0292717 0 49.65985518 0 0 80.49131318 166.6877253 0 70.41191828 190.035122 0 0 0 123.4391288 0 96.15838352 0 0 0 0 222.072878 158.7981007 0 165.882653 0 0 49.39323472 532.6871827 0 0 0 0 0 0 49.41535839 44.2567792 0 0 110.4892715 0 58.42057404 0 0 0 0 66.71200227 264.4739122 0 0 0 0 0 0 0 121.8059623 0 0 0 0 113.7262783 0 0 69.32589083 0 0 0 0 0 0 0 77.6414279 0 0 0 0 
0 0 0 0 0 0 0 0 0 0 0 118.3921905 0 177.0605181 0 0 58.73636844 0 0 0 66.66341211 0 75.02219828 0 0 0 43.76726651 0 95.6660032 0 103.7202248 174.8868905 259.529333 0 0 0 0 0 0 0 119.9876562 0 0 0 0 0 150.9698692 0 0 77.82296221 0 0 0 0 66.16017886 0 0 0 0 0 0 0 0 55.29227872 66.70401271 0 0 58.92016044 0 0 63.22622111 0 155.0233877 0 0 65.36459296 0 22.42975633 0 0 148.3773654 0 0 61.54253521 0 64.5319374 123.4420061 83.29816699 0 0 
106.1402303 122.1685143 0 132.3192035 0 0 0 0 0 0 0 0 0 0 0 0 0 0 113.5391899 0 0 357.1510628 151.0161375 0 0 0 0 0 78.99480052 0 0 112.717314 0 0 0 0 80.89933222 0 127.6914652 0 0 0 0 0 0 0 0 106.8957863 124.404525 0 0 0 0 61.852959 0 0 102.3451269 0 0 0 0 0 90.95993724 0 0 0 0 0 0 0 0 0 77.91554361 0 94.08321065 75.12304425 123.4218653 0 127.1347279 0 0 0 94.22422134 0 0 0 79.54715674 0 0 191.6499321 
0 0 0 0 0 0 0 0 0 0 140.0253638 0 95.48677862 0 0 0 0 0 64.39226798 58.86842014 0 0 18.47693272 0 0 0 0 0 0 0 81.40399286 0 0 222.7275557 0 80.71685835 0 161.2009337 0 0 89.37814961 242.6911234 0 0 0 0 86.65546301 0 0 0 0 0 0 0 53.68808747 127.8642618 0 226.3287295 0 273.9678007 0 87.59836038 0 0 0 0 116.6915281 0 0 0 0 0 67.23951005 0 0 0 0 0 0 0 0 0 178.1216821 0 0 0 0 0 113.4087297 0 
0 687.7516926 0 0 99.51772737 0 219.1656494 0 219.8407859 40.616649 0 293.0616037 0 0 75.80718044 0 0 0 346.9835776 0 89.89553432 149.4302715 0 109.3291444 0 94.5793422 0 0 0 0 0 0 107.9305569 0 0 0 0 0 198.4484802 0 0 0 0 0 0 0 0 0 0 83.32383195 74.7992122 113.7267357 68.27633052 0 0 0 0 0 15.82432903 0 0 0 0 0 5.591406409 0 0 0 0 125.0524908 0 0 0 0 0 77.17194498 0 47.41131973 70.47674795 0 0 0 0 0 0 0 110.3826843 0 0 94.92836152 
0 0 0 0 0 0 0 105.20683 0 0 98.22914717 0 0 0 0 294.8905359 0 0 0 0 0 0 0 0 43.72471772 80.64818804 0 0 0 0 0 0 0 373.194568 0 0 0 0 114.7977685 0 0 0 0 0 0 69.38218374 41.83271418 0 0 83.52997831 0 0 0 74.97958434 0 0 78.35171312 0 215.0020818 0 0 0 0 0 0 58.67771158 0 0 0 102.0552734 0 92.02801937 0 0 0 0 0 0 130.4318501 0 0 0 68.14886196 0 243.2443 0 0 0 0 0 
0 0 0 0 0 0 0 0 0 0 0 0 0 0 71.46658374 0 0 0 0 0 0 0 0 0 0 0 0 0 0 106.2465275 0 0 106.6155728 0 33.92658302 148.3497505 0 0 0 0 0 0 0 0 0 0 275.0996297 97.63337224 83.58081382 0 0 0 0 0 76.96334643 0 0 109.4529737 0 344.4164122 0 90.72204094 0 0 0 25.31071905 0 0 0 0 277.7799974 0 0 67.06537602 0 0 0 0 128.7407041 0 0 0 0 0 0 0 115.636637 50.63703971 0 0 
0 0 0 0 93.47161525 0 0 0 83.36665551 0 0 0 0 0 0 0 0 0 0 0 0 0 0 0 101.898182 0 0 0 122.8179429 0 0 81.22703382 0 127.1454732 0 0 0 97.0091972 0 0 0 0 0 117.7207704 0 0 333.0406353 0 0 0 0 70.63099663 121.5667962 65.3338408 53.36769262 0 0 0 0 0 0 0 0 0 0 0 0 0 0 0 70.44708272 0 0 95.63922508 0 0 77.08475227 0 0 104.1535131 105.7534353 0 93.1660506 0 0 0 0 0 0 0 
0 0 0 0 0 0 0 0 0 98.05128792 0 0 231.668386 0 0 0 0 0 0 0 0 0 330.3470389 88.2066218 0 0 0 0 162.6108281 270.681527 0 0 0 49.96521789 0 0 0 0 92.35329255 0 0 0 243.5532848 0 0 0 95.41045614 294.7029997 0 0 0 0 0 199.2344701 66.34496807 0 0 0 126.5719248 0 0 0 86.43638742 0 0 0 0 0 0 0 0 0 0 0 0 0 0 0 0 0 0 0 901.43588 0 0 0 0 73.24387382 0 0 
0 0 108.1234464 0 0 0 0 0 478.0350718 0 0 0 150.5678644 125.0831058 0 0 0 0 0 0 20.99745473 0 0 0 0 0 0 0 0 32.64693075 0 53.03299746 0 0 62.0161979 0 0 0 0 0 0 0 0 0 0 0 0 0 0 0 0 67.46888865 0 0 0 0 102.5711678 149.8636093 0 55.26640845 70.07512728 0 0 0 96.68655926 137.9196099 0 0 0 0 0 88.88599586 0 0 0 0 0 0 0 0 0 0 0 0 0 0 0 0 0 0 
0 0 0 0 0 0 0 0 0 0 0 0 0 0 0 0 0 0 110.163656 0 0 167.4207831 98.64260184 0 0 0 0 340.1901116 0 0 57.63022916 0 0 0 0 0 0 166.5597578 77.98286837 0 116.8446876 0 0 122.0167434 0 0 0 0 0 0 85.37312382 0 139.001592 104.4010627 0 53.8521605 0 0 0 0 0 0 0 182.8078207 0 0 0 0 0 0 0 0 0 0 0 0 0 49.65909942 0 0 0 84.94298659 0 0 0 0 0 0 0 0 
0 0 0 0 0 0 0 0 88.41366743 122.0217535 0 0 0 0 0 0 0 0 0 0 0 0 0 74.51883515 0 0 0 0 0 0 0 0 0 0 0 0 100.0245626 0 0 0 0 0 0 0 0 0 0 0 84.78609927 0 0 0 0 0 0 0 103.6972494 0 0 0 0 0 0 0 72.62332507 0 0 0 0 281.4471847 0 0 0 0 0 222.9234277 0 0 78.30856491 0 144.5663056 0 0 0 0 0 62.31143732 0 0 69.14062695 
0 0 0 0 0 0 0 0 0 0 0 0 0 0 0 0 0 0 0 124.7603319 0 105.3507314 191.3493588 695.1764713 0 0 0 0 0 0 0 0 0 0 0 0 95.38399174 0 0 0 80.59509139 95.73225519 0 0 0 0 0 0 0 106.1191632 77.85101297 0 70.85511089 0 54.60080397 30.16200765 0 0 0 0 0 0 0 0 0 0 0 76.5659901 0 0 0 0 0 217.2178351 0 0 0 0 0 0 0 0 0 0 0 0 0 177.1509842 0 0 
0 0 0 0 0 0 0 0 0 0 0 164.4286823 0 0 0 0 0 143.665218 0 0 0 0 0 0 0 0 0 0 0 0 0 0 0 0 0 0 0 0 0 0 0 0 0 0 0 0 0 0 0 0 402.0860334 0 0 0 108.7805304 0 77.23147145 0 0 0 0 170.6064355 0 0 0 113.1493247 0 0 0 0 0 168.6835566 301.994784 520.7722205 0 0 0 233.1550009 0 0 0 0 0 0 136.5228554 0 0 0 0 0 
0 201.0426625 0 0 160.4673349 0 0 0 0 0 0 0 0 0 0 0 0 0 0 0 0 84.07972886 0 0 0 0 0 117.0606619 0 0 0 0 0 0 0 0 97.17857515 0 0 0 0 0 0 0 0 0 152.1781418 0 0 0 0 494.7754441 46.38426555 0 0 82.41772364 0 0 0 0 0 0 0 0 0 0 0 0 0 0 0 0 0 0 0 0 0 268.6687893 0 73.67275368 0 0 0 0 0 0 0 0 0 0 
0 0 0 0 0 0 0 0 0 0 0 101.1109523 0 0 0 0 433.291994 0 0 0 0 0 0 0 0 0 0 0 0 0 0 0 0 0 0 170.6093906 22.28474266 0 0 0 0 0 0 0 0 103.9823234 0 121.1445655 0 0 0 0 0 0 0 0 0 0 0 0 0 0 0 0 0 0 0 324.454935 48.47983576 0 0 0 0 0 0 0 148.7329518 108.4022948 0 0 0 0 0 0 27.76736163 0 0 0 0 0 
0 0 0 0 0 0 0 0 0 0 0 0 0 0 0 0 66.35595491 0 0 0 0 0 0 0 0 0 0 0 0 0 0 0 0 0 0 0 0 0 0 103.7586284 0 0 0 0 0 0 0 0 0 0 0 0 0 0 0 0 105.6073714 0 121.1211057 0 0 0 54.66206636 376.1538338 0 0 388.4281428 0 71.51039088 0 173.6763214 0 0 204.6697278 0 0 0 114.1285676 0 0 0 0 0 0 0 0 0 0 0 0 
0 0 0 0 0 0 0 0 0 0 0 0 0 0 0 115.4336845 0 444.8224599 0 186.9425958 0 0 0 0 0 0 0 0 0 0 0 0 0 0 61.74652537 0 0 0 0 0 0 0 87.8647414 0 0 0 0 252.1557192 0 0 0 0 0 0 0 0 0 0 0 0 0 0 0 0 0 0 98.20638093 0 0 0 0 0 0 0 0 0 80.28825617 0 0 0 0 0 183.6500321 0 0 0 0 0 0 0 
0 0 0 0 0 0 0 0 0 0 0 0 0 0 0 0 0 0 0 0 0 0 0 0 0 0 0 0 0 0 0 0 0 0 0 0 0 0 109.958054 0 0 0 0 0 0 0 0 0 0 97.36556705 0 0 0 88.37890059 0 0 0 0 198.7837513 385.4825929 0 0 0 0 0 0 0 226.9753167 0 0 0 0 0 0 0 0 0 0 0 0 0 0 0 0 0 0 0 0 0 0 
0 0 0 0 0 0 0 0 420.5133608 0 0 0 0 0 0 104.3593318 0 0 0 0 0 0 0 0 0 0 0 0 0 0 0 0 0 0 0 0 0 0 0 0 0 0 0 0 0 0 0 0 0 0 0 0 0 0 0 0 171.3573182 0 0 0 0 0 0 0 0 0 174.1954729 0 0 203.7862692 0 0 0 0 0 0 0 0 0 0 0 0 0 0 0 203.7667904 0 0 0 0 
0 0 0 0 0 0 0 0 0 0 0 0 0 0 0 0 0 0 0 0 0 0 294.4433054 0 0 0 0 0 0 0 0 0 0 0 0 146.1157667 128.367282 0 0 0 0 0 130.2968845 0 0 0 497.4683439 0 0 0 0 0 0 0 0 0 0 314.1320143 0 0 0 0 0 0 0 0 0 0 0 0 0 0 0 0 0 132.9160123 0 0 0 0 0 0 0 0 0 62.41754986 0 0 0 0 
0 0 0 0 0 0 0 0 0 0 0 0 0 0 0 0 340.9679227 0 0 0 0 0 0 0 0 0 0 0 0 0 0 0 0 0 507.5863857 0 0 0 0 0 0 0 0 0 0 0 0 0 0 0 0 0 0 0 0 0 0 0 0 0 0 0 0 0 0 0 0 0 0 0 0 0 0 0 0 0 0 0 0 0 0 0 0 0 0 0 0 0 0 0 
0 0 0 0 0 0 0 0 0 0 0 0 0 0 0 0 122.4666894 0 0 0 0 0 0 0 0 0 0 0 0 0 0 0 0 0 0 0 0 0 0 0 260.2600859 0 0 0 0 0 0 0 0 0 0 0 0 0 0 0 0 0 0 0 0 0 0 0 0 390.4595175 0 0 0 0 0 0 0 0 0 0 0 0 0 0 190.5137241 0 0 0 0 353.3373353 329.4715894 0 0 135.5876647 
0 0 0 0 0 0 0 0 0 0 0 0 0 0 0 0 0 0 0 0 0 0 0 0 0 0 0 0 0 0 0 0 0 0 0 0 0 0 0 0 0 0 0 0 0 0 0 0 0 210.9412054 0 0 0 0 0 0 0 0 211.7937192 0 0 0 0 0 0 0 0 0 0 0 0 0 0 0 0 0 0 0 140.6671452 0 158.852104 0 0 0 0 0 0 0 0 0 
0 0 0 0 0 0 0 0 0 0 0 0 0 0 0 0 0 0 0 0 0 0 0 0 0 0 0 0 0 0 0 0 0 0 0 0 0 221.1706379 0 0 0 0 0 0 0 0 0 0 0 0 0 0 0 0 0 0 0 0 0 0 0 0 0 0 0 0 0 0 0 0 0 0 0 0 0 0 0 0 0 0 0 0 0 0 0 0 0 0 0 158.1959694 
0 0 0 0 0 0 0 472.3685768 0 0 0 0 0 0 0 0 0 0 0 0 0 0 0 0 0 0 0 0 0 0 0 0 0 0 0 0 0 0 0 0 0 605.872484 0 0 720.3016992 0 0 0 0 0 0 0 0 0 0 0 0 0 0 0 0 0 0 0 0 0 0 0 125.7165957 0 0 0 0 0 0 0 0 0 54.88455315 0 0 0 0 0 0 0 242.5244249 0 0 0 
0 0 0 0 0 0 0 0 0 0 0 0 0 0 0 0 0 0 0 0 0 0 0 0 0 0 0 0 0 0 0 0 0 0 0 0 0 0 0 0 0 0 0 0 0 0 0 0 0 0 0 0 0 141.9052326 0 0 0 0 0 0 0 0 0 0 0 0 0 0 0 0 0 0 0 0 0 0 0 0 0 0 0 0 0 0 0 0 0 0 0 0 
0 0 0 477.4799254 0 0 0 0 0 0 0 0 0 0 0 0 0 0 0 0 0 0 0 0 0 0 0 0 0 0 0 0 0 0 0 0 0 0 0 0 0 0 0 0 0 0 0 0 0 0 0 0 0 0 0 0 0 0 0 0 315.3021978 0 0 0 0 0 0 0 68.59167964 0 0 0 0 0 0 0 0 0 0 0 0 447.1695281 0 0 0 0 0 0 0 0 
0 0 0 0 0 0 0 0 0 0 0 0 0 0 0 0 0 0 0 0 0 0 0 0 0 0 0 0 0 0 0 0 0 0 0 0 0 0 0 0 0 0 0 0 0 0 0 0 0 0 0 0 321.9692882 0 0 0 0 0 0 0 0 0 0 0 0 0 0 0 0 0 0 0 0 0 0 0 0 0 0 0 0 0 0 0 0 0 0 0 0 0 
0 0 0 0 0 0 0 0 0 0 0 0 0 0 0 0 0 0 0 0 0 0 0 0 0 0 0 0 0 0 0 0 0 0 0 0 0 0 0 0 0 0 0 0 0 0 0 0 0 0 0 0 0 0 0 0 0 0 0 0 0 0 0 0 0 0 0 0 0 0 0 0 0 0 0 0 0 0 0 0 0 0 0 0 0 0 0 0 0 0 
0 0 0 0 0 0 0 0 0 0 0 0 0 0 0 0 0 0 0 0 0 0 0 0 0 0 0 0 0 0 0 0 0 0 0 154.926854 0 0 0 0 0 0 0 0 0 0 0 0 0 0 0 0 0 0 0 0 0 0 0 0 0 0 0 0 0 0 0 0 0 0 0 0 0 0 0 0 0 0 0 0 0 0 0 0 0 0 0 0 0 0 
0 0 0 0 0 0 0 0 0 0 0 0 0 0 0 0 0 0 0 0 0 0 0 0 0 0 0 0 0 0 0 0 0 0 0 0 0 0 0 0 0 0 0 0 0 0 0 0 0 0 0 0 0 0 0 0 0 0 0 0 0 0 0 0 0 0 0 0 0 0 0 0 0 0 0 0 0 0 0 0 0 0 0 0 0 0 0 0 0 0 
0 0 0 0 0 0 0 0 0 0 0 0 0 0 0 0 0 0 0 0 0 0 0 0 0 0 0 0 0 0 0 0 0 0 0 0 0 0 0 0 0 0 0 0 0 0 0 0 0 0 0 0 0 0 0 0 0 0 0 0 0 0 0 0 0 0 0 0 0 0 0 0 0 0 0 0 0 0 0 0 0 0 0 0 0 0 0 0 0 0 
0 0 0 0 0 0 0 0 0 0 0 0 0 0 0 0 0 0 0 0 0 0 0 0 0 0 0 0 0 0 0 0 0 0 0 0 0 0 0 0 0 0 0 0 0 0 0 0 0 0 0 0 0 0 0 0 0 0 0 0 0 1628.107137 0 0 0 0 0 0 0 0 0 0 0 0 0 0 0 0 0 0 0 0 0 0 0 0 0 0 0 0 
0 0 0 0 0 0 0 0 0 0 0 0 0 0 0 0 0 0 0 0 0 0 0 0 0 0 0 0 0 0 0 0 0 0 0 0 0 0 0 0 0 0 0 0 0 0 0 0 0 0 0 0 0 0 0 0 0 0 0 0 0 0 0 0 0 0 0 0 0 0 0 0 0 0 0 0 0 0 0 0 0 0 0 0 0 0 0 0 0 0 
0 0 0 0 0 0 0 0 0 0 0 0 0 0 0 0 0 0 0 0 0 0 0 0 0 0 0 0 0 0 0 0 0 0 0 0 0 0 0 0 0 0 0 0 0 0 0 0 0 0 0 0 0 0 0 0 0 0 0 0 0 0 0 0 0 0 0 0 0 0 0 0 0 0 0 0 0 0 0 0 0 0 0 0 0 0 0 0 0 0 
0 0 0 0 0 0 0 0 0 0 0 0 0 0 0 0 0 0 0 0 0 0 0 0 0 0 0 0 0 0 0 0 0 0 0 0 0 0 0 0 0 0 0 0 0 0 0 0 0 0 0 0 0 0 0 0 0 0 0 0 0 0 0 0 0 0 0 0 0 0 0 0 0 0 0 0 0 0 0 0 0 0 0 0 0 0 0 0 0 0 
0 0 0 0 0 0 0 0 0 0 0 0 0 0 0 0 0 0 0 0 0 0 0 0 0 0 0 0 0 0 0 0 0 0 0 0 0 0 0 0 0 0 0 0 0 0 0 0 0 0 0 0 0 0 0 0 0 0 0 0 0 0 0 0 0 0 0 0 0 0 0 0 0 0 0 0 0 0 0 0 0 0 0 0 0 0 0 0 0 0 
0 0 0 0 0 0 0 0 0 0 0 0 0 0 0 0 0 0 0 0 0 0 0 0 0 0 0 0 0 0 0 0 0 0 0 0 0 0 0 0 0 0 0 0 0 0 0 0 0 0 0 0 0 0 0 0 0 0 0 0 0 0 0 0 0 0 0 0 0 0 0 0 0 0 0 0 0 0 0 0 0 0 0 0 0 0 0 0 0 0 
0 0 0 0 0 0 0 0 0 0 0 0 0 0 0 0 0 0 0 0 0 0 0 0 0 0 0 0 0 0 0 0 0 0 0 0 0 0 0 0 0 0 0 0 0 0 0 0 0 0 0 0 0 0 0 0 0 0 0 0 0 0 0 0 0 0 0 0 0 0 0 0 0 0 0 0 0 0 0 0 0 0 0 0 0 0 0 0 0 0 
0 0 0 0 0 0 0 0 0 0 0 0 0 0 0 0 0 0 0 0 0 0 0 0 0 0 0 0 0 0 0 0 0 0 0 0 0 0 0 0 0 0 0 0 0 0 0 0 0 0 0 0 0 0 0 0 0 0 0 0 0 0 0 0 0 0 0 0 0 0 0 0 0 0 0 0 0 0 0 0 0 0 0 0 0 0 0 0 0 0 
0 0 0 0 0 0 0 0 0 0 0 0 0 0 0 0 0 0 0 0 0 0 0 0 0 0 0 0 0 0 0 0 0 0 0 0 0 0 0 0 0 0 0 0 0 0 0 0 0 0 0 0 0 0 0 0 0 0 0 0 0 0 0 0 0 0 0 0 0 0 0 0 0 0 0 0 0 0 0 0 0 0 0 0 0 0 0 0 0 0 
0 0 0 0 0 0 0 0 0 0 0 0 0 0 0 0 0 0 0 0 0 0 0 0 0 0 0 0 0 0 0 0 0 0 0 0 0 0 0 0 0 0 0 0 0 0 0 0 0 0 0 0 0 0 0 0 0 0 0 0 0 0 0 0 0 0 0 0 0 0 0 0 0 0 0 0 0 0 0 0 0 0 0 0 0 0 0 0 0 0 
0 0 0 0 0 0 0 0 0 0 0 0 0 0 0 0 0 0 0 0 0 0 0 0 0 0 0 0 0 0 0 0 0 0 0 0 0 0 0 0 0 0 0 0 0 0 0 0 0 0 0 0 0 0 0 0 0 0 0 0 0 0 0 0 0 0 0 0 0 0 0 0 0 0 0 0 0 0 0 0 0 0 0 0 0 0 0 0 0 0 
0 0 0 0 0 0 0 0 0 0 0 0 0 0 0 0 0 0 0 0 0 0 0 0 0 0 0 0 0 0 0 0 0 0 0 0 0 0 0 0 0 0 0 0 0 0 0 0 0 0 0 0 0 0 0 0 0 0 0 0 0 0 0 0 0 0 0 0 0 0 0 0 0 0 0 0 0 0 0 0 0 0 0 0 0 0 0 0 0 0 
0 0 0 0 0 0 0 0 0 0 0 0 0 0 0 0 0 0 0 0 0 0 0 0 0 0 0 0 0 0 0 0 0 0 0 0 0 0 0 0 0 0 0 0 0 0 0 0 0 0 0 0 0 0 0 0 0 0 0 0 0 0 0 0 0 0 0 0 0 0 0 0 0 0 0 0 0 0 0 0 0 0 0 0 0 0 0 0 0 0 
0 0 0 0 0 0 0 0 0 0 0 0 0 0 0 0 0 0 0 0 0 0 0 0 0 0 0 0 0 0 0 0 0 0 0 0 0 0 0 0 0 0 0 0 0 0 0 0 0 0 0 0 0 0 0 0 0 0 0 0 0 0 0 0 0 0 0 0 0 0 0 0 0 0 0 0 0 0 0 0 0 0 0 0 0 0 0 0 0 0 
0 0 0 0 0 0 0 0 0 0 0 0 0 0 0 0 0 0 0 0 0 0 0 0 0 0 0 0 0 0 0 0 0 0 0 0 0 0 0 0 0 0 0 0 0 0 0 0 0 0 0 0 0 0 0 0 0 0 0 0 0 0 0 0 0 0 0 0 0 0 0 0 0 0 0 0 0 0 0 0 0 0 0 0 0 0 0 0 0 0 
0 0 0 0 0 0 0 0 0 0 0 0 0 0 0 0 0 0 0 0 0 0 0 0 0 0 0 0 0 0 0 0 0 0 0 0 0 0 0 0 0 0 0 0 0 0 0 0 0 0 0 0 0 0 0 0 0 0 0 0 0 0 0 0 0 0 0 0 0 0 0 0 0 0 0 0 0 0 0 0 0 0 0 0 0 0 0 0 0 0 
0 0 0 0 0 0 0 0 0 0 0 0 0 0 0 0 0 0 0 0 0 0 0 0 0 0 0 0 0 0 0 0 0 0 0 0 0 0 0 0 0 0 0 0 0 0 0 0 0 0 0 0 0 0 0 0 0 0 0 0 0 0 0 0 0 0 0 0 0 0 0 0 0 0 0 0 0 0 0 0 0 0 0 0 0 0 0 0 0 0 
0 0 0 0 0 0 0 0 0 0 187.9755655 0 0 0 0 0 0 0 0 0 0 0 0 0 0 0 0 0 0 0 0 0 0 0 0 0 0 0 0 0 0 0 0 0 0 0 0 0 0 0 0 0 0 0 0 0 0 0 0 0 0 0 0 0 0 0 0 0 0 0 0 0 0 0 0 0 0 0 0 0 0 0 0 0 0 0 0 0 0 0 
82.32025673 0 0 0 0 0 0 0 0 0 0 0 0 0 0 0 0 0 0 0 0 0 0 0 0 0 0 0 0 0 0 0 0 0 0 0 0 0 0 0 0 0 0 0 0 0 0 0 0 0 0 0 0 0 0 0 0 0 0 0 0 0 0 0 0 0 0 0 0 0 0 0 0 0 0 0 0 0 0 0 0 0 0 0 0 0 0 0 0 0 
15.8008815 0 0 0 0 0 0 0 0 0 0 111.2517611 0 0 0 0 0 0 0 0 0 0 0 0 0 0 0 0 0 0 0 0 0 0 0 0 0 0 0 0 0 0 0 0 0 0 0 0 0 0 0 0 0 0 0 0 0 0 0 0 0 0 0 0 0 0 0 0 0 0 0 0 0 0 0 0 0 0 0 0 0 0 0 0 0 0 0 0 0 0 
0 0 0 0 0 0 0 0 0 0 0 0 0 0 0 0 0 0 0 0 0 0 0 0 0 0 0 0 0 0 0 0 0 0 0 0 0 0 0 0 0 0 0 0 0 0 0 0 0 0 0 0 0 0 0 0 0 0 0 0 0 0 0 0 0 0 0 0 0 0 0 0 0 0 0 0 0 0 0 0 0 0 0 0 0 0 0 0 0 0 
14.94264641 0 0 0 0 25.34178059 0 0 0 0 0 0 0 0 0 0 0 0 0 0 0 0 0 0 0 0 0 0 0 0 0 37.57820082 0 0 0 0 0 0 0 0 0 0 0 0 0 0 0 0 0 0 0 0 0 0 0 0 0 0 0 0 0 0 0 0 0 0 0 0 0 0 0 0 0 0 0 0 0 0 0 0 0 0 0 0 0 0 0 0 0 0 
0 51.69617352 0 0 30.81911429 0 88.22741273 120.7876895 0 0 0 0 0 0 0 150.9430418 0 0 0 0 0 0 0 0 0 0 0 0 0 0 0 0 0 0 0 0 0 0 0 0 0 0 0 0 0 0 0 0 0 0 0 0 0 0 0 0 0 0 0 0 0 0 0 0 0 0 0 0 0 0 0 0 0 0 0 0 0 0 0 0 0 0 0 0 0 0 0 0 0 0 
33.02931336 8.838446822 0 0 0 0 0 0 0 0 0 0 36.48143167 0 0 0 0 0 0 0 0 0 0 35.69835949 0 0 0 16.87783284 0 0 0 0 0 0 0 23.03417165 0 193.3500947 0 0 0 0 0 0 0 0 0 0 0 0 0 0 0 0 0 0 0 0 0 0 0 0 0 0 0 0 0 0 0 0 0 0 0 0 0 0 0 0 0 0 0 0 0 0 0 0 0 0 0 0 
153.6073542 54.64472102 0 35.73072651 140.2292154 0 26.46192357 0 93.16287001 142.4366074 129.5670899 0 0 28.60581894 20.73404886 0 0 151.6579075 0 16.10243803 0 254.4619612 0 0 0 0 0 65.80814529 0 0 32.66673886 0 0 0 0 0 0 0 0 0 0 37.27789694 0 0 0 0 0 0 0 0 0 0 0 0 0 0 0 0 42.79293915 0 0 0 0 0 0 0 0 0 0 0 0 0 0 0 0 0 0 0 0 0 0 0 0 0 0 0 0 0 0 0 
0 90.72378885 0 0 140.762742 0 50.77969999 222.2903352 49.42635712 0 0 0 213.0712855 0 0 128.0020321 0 41.6573142 0 129.2279634 34.04999691 0 0 30.68255281 30.65468281 0 0 35.04050752 0 0 0 0 0 30.51112362 0 0 55.53318308 0 0 0 0 0 0 0 0 0 0 0 0 0 0 0 0 0 0 0 0 0 0 0 0 0 0 0 0 0 0 0 0 0 0 0 0 0 0 0 0 0 0 0 0 0 0 0 0 0 0 0 0 0 
32.16097273 116.9977206 0 13.14569361 141.1269398 0 0 563.0568535 0 0 80.5845945 0 0 223.4276332 74.95166983 31.1152541 0 263.2665153 45.00834619 0 0 0 29.16541489 0 0 30.34491155 0 0 0 0 125.9204925 0 0 41.15716376 93.63662889 0 0 0 0 130.9673924 111.1976617 0 0 0 0 0 73.00976146 0 0 0 0 0 0 0 0 0 0 0 0 0 0 0 0 0 0 0 0 37.14007794 0 0 0 0 0 0 0 0 0 0 0 0 0 0 0 0 0 0 0 0 0 0 
0 99.27176277 186.4250946 182.2415778 332.0018485 46.74294431 98.25344816 42.81568203 0 31.23667333 110.5372539 115.9649211 105.2491634 0 0 0 0 19.99876285 45.9304365 152.2719791 111.9186803 515.6968376 0 0 32.22288739 23.81007154 40.74498811 157.0691879 33.57572976 0 34.67992169 38.43971199 251.6177205 32.25449184 0 0 5.711309827 0 10.01693313 0 0 54.29703375 0 0 0 0 0 0 29.15855414 62.21143315 0 0 0 0 0 0 0 0 0 0 0 0 0 0 0 0 0 0 0 0 0 0 0 0 0 0 0 0 0 0 0 0 0 0 0 0 0 0 0 0 
56.49387519 390.064226 496.9001693 334.239625 94.51405665 170.2614955 29.34027493 181.8382078 377.4144445 84.05021848 218.8058307 287.1094499 220.5361941 17.35352722 141.5240139 312.7228419 225.7321744 231.4315804 34.41465582 0 162.107937 0 522.1075983 31.47167817 0 0 0 142.5328693 52.12539585 0 0 344.5759262 0 0 77.02344765 0 0 0 133.4809734 0 0 222.9121119 0 0 0 0 233.4733239 0 0 0 66.54140704 0 0 0 0 0 0 0 0 0 0 0 0 0 0 0 0 0 0 0 0 0 0 0 0 0 0 0 0 0 0 0 0 0 0 0 0 0 0 0 
162.8944693 583.6097153 539.4953425 709.7908893 61.40468337 308.9102843 139.6110212 24.41375599 39.89901798 0 25.12423086 22.73812207 241.1669898 282.8934901 0 540.4894491 166.8301425 191.1978092 250.8689363 126.3839043 182.7936316 20.79234521 0 61.35743179 30.16341519 0 0 221.3328519 208.7708881 117.8886256 143.655548 123.2711763 0 0 0 116.0114065 22.81948914 0 0 0 23.18550765 0 0 0 0 177.4070997 0 0 208.2960714 0 0 0 0 0 0 0 0 0 0 0 0 0 0 0 0 0 0 0 0 0 0 0 0 0 0 0 0 0 0 0 0 0 0 0 0 0 0 0 0 0 
449.0615957 438.2339369 370.9926478 185.4514342 182.770379 546.1712159 197.7056973 160.5067173 625.4128651 228.6976191 92.81882372 518.4699281 232.4570718 91.4291875 190.9265108 640.2765133 198.4036531 64.13698747 233.600299 14.80810403 223.2547476 76.936871 114.6238166 416.5299939 31.92856937 60.8746771 293.8358987 237.9333849 125.0028302 0 154.8214712 0 39.16613622 17.03448124 146.923438 0 0 64.61256035 0 30.06038654 11.35845318 226.0534998 143.0559138 13.90170683 25.85990517 0 0 32.13248189 0 0 0 102.0568286 407.641121 0 0 0 0 0 0 0 0 0 0 0 0 0 0 0 185.4892563 0 0 0 0 0 0 0 0 0 0 0 0 0 0 0 0 0 0 0 0 0 
272.2009519 744.2070404 403.7496641 723.8909615 784.924402 295.8557164 277.5178628 606.0556278 400.5666406 195.4739602 295.3478506 370.8416595 589.1119458 318.8542859 497.5336662 249.496443 20.99657503 220.059014 317.7663383 160.6262276 23.16626995 53.866825 123.8976456 34.62525825 290.566797 100.0352574 0 87.72591945 0 28.66497175 76.06225624 252.3963346 184.7129684 29.83847379 74.05198565 0 37.61292057 0 20.44072505 40.19100263 384.3937671 315.3838088 38.45796531 30.96269359 0 0 0 0 34.9907253 0 33.01185278 0 0 12.86476122 39.86561423 0 16.557364 54.98740333 29.80826123 0 0 0 0 0 0 0 0 0 0 0 0 31.43141566 0 0 0 0 42.42187731 0 0 0 50.15124963 0 0 0 0 0 0 0 0 0 
151.5970035 191.2409854 875.821591 340.6693743 281.2052979 130.2516408 100.6178951 709.2562216 971.1004281 200.53583 153.3608783 82.56990845 243.7819494 869.1930804 756.0554691 429.8219608 340.1781889 504.5021155 830.9865204 267.7409479 336.1729059 43.25252229 226.8038726 322.3574178 727.9583336 337.2501512 368.9282885 354.6988914 141.1732441 0 101.0270166 173.1972102 209.7471521 135.5584203 40.06191202 141.6525752 496.2245463 0 45.57524678 64.72245565 393.4274275 96.74600372 91.82379928 0 79.33529573 0 0 36.87589335 168.8094049 73.18528023 149.8818702 0 25.33362357 0 0 0 0 77.58588328 62.34496581 33.19144552 21.64469038 26.48688214 6.54164239 222.1120986 0 0 82.81481833 0 0 0 76.54419419 0 38.26802166 0 0 0 43.10882275 36.10009416 0 0 0 0 0 0 0 0 0 0 0 0 
718.915884 1048.437069 368.3744116 1896.183054 169.2335773 552.4212279 305.1802141 306.6967126 308.2740488 626.3366963 703.1170861 481.7457617 229.8713615 603.4319415 71.29201473 542.5299295 325.9152063 1005.3538 203.0195283 270.3902299 483.1909308 425.1933824 532.4403264 91.96384071 117.037245 113.9931002 51.49771381 0 299.8872947 68.51510726 249.4758033 435.944296 61.97307355 373.4637387 589.6534267 105.1295155 357.0536032 124.3574421 135.4759783 465.588159 22.5850693 148.4329794 274.8463953 0 25.54516869 131.630329 486.0408229 47.28758744 0 284.4662704 60.98351526 90.73247834 13.42669003 26.14018389 342.1765418 11.72232647 0 42.31015005 33.63574544 20.420628 131.6231601 0 25.03837942 78.1942841 0 17.0224057 19.75011597 0 0 83.85726371 31.20778406 48.39285834 0 0 0 0 18.16197065 0 12.79592844 0 0 0 0 0 38.04290639 0 0 0 0 0 
1055.112123 713.1181741 890.7966715 337.9233243 474.8318807 799.8827732 1498.059913 1016.665526 107.0210913 433.0292427 467.7318475 212.2488397 407.9730372 875.9604416 524.2432911 617.690132 633.1573853 223.9514309 489.2776626 795.103089 415.0115314 377.868022 507.5466831 738.0057196 192.2414773 904.6684417 605.9862953 354.0092842 609.4698929 314.1674594 44.76697035 189.2113403 206.2588622 330.4233961 345.2744891 1243.581591 66.23547838 261.8151692 82.85907119 721.0202522 153.8616492 219.6634275 643.7371823 55.00953782 92.41352912 208.2578338 62.11665248 17.45811796 46.81140338 48.5509828 45.87574702 0 23.21154213 198.2489587 42.56664888 29.7179964 54.56708298 102.908232 141.6635411 0 0 17.67030404 0 249.7039593 140.7077552 0 210.102619 0 209.7054159 0 47.12506268 195.7308249 0 0 0 0 19.4138551 0 0 43.36675027 0 39.12371124 0 0 0 0 0 0 0 0 
1166.348466 367.324924 366.6646366 876.9717239 653.1880702 1294.485483 50.83093795 251.420919 1442.282338 399.6937833 308.0830979 292.1478412 582.5197068 383.0108688 694.6394495 643.633826 246.8240669 1046.16171 759.5503706 376.3802533 541.8078427 116.3081636 1191.42331 534.7461232 785.053785 400.3642177 487.9847103 391.0792565 481.2357848 540.7414138 596.4806514 363.1751931 473.0486436 241.6296829 1493.423211 615.3753254 446.3277545 114.3988408 249.6593798 146.5123763 296.2779677 115.5796514 219.2388016 693.0179331 254.3712642 212.1279343 179.5369751 174.6121515 53.24756302 290.2963562 181.045046 135.1470482 37.49805958 178.4375927 379.8885794 17.64352242 58.16624849 0 22.18072186 43.5989291 39.94095462 33.10707247 26.9008306 0 13.93003843 0 0 48.78566168 31.22081763 167.3004724 0 18.00441332 0 114.871301 0 37.2296284 26.86994626 67.1432652 0 48.79097999 0 81.19483339 9.960910272 131.5918128 0 80.07626812 31.75942667 0 0 0 
918.7983719 249.541396 791.2432872 884.350206 320.4634645 1382.742623 1270.121948 544.1831182 941.6967677 789.108935 385.0486949 1021.735205 530.3255987 1377.22142 545.3489018 673.6615792 831.2456124 668.2457303 374.3071218 1199.049824 616.1647477 618.279562 946.9723489 1013.072544 466.9728666 193.8418468 283.4027099 641.4172124 787.8185032 432.1062518 641.0787948 230.7010809 548.3918188 769.111853 222.0481899 606.0538814 274.6398485 209.6275009 105.2541185 347.0138449 762.1059237 591.9574521 782.1897582 452.5333924 381.2020102 178.3919649 89.12752561 0 174.1385064 658.1226026 262.8770395 118.5468321 247.7482049 23.0574759 133.5606733 0 53.8223454 303.2135803 298.5119509 87.58968599 0 80.64233553 0 0 32.39321749 168.243577 200.1300414 20.14720189 179.4640967 28.47609119 0 0 53.99064169 463.8006301 71.46285548 164.8771592 42.26746365 63.72435053 30.26716769 0 23.31915107 36.94399582 17.60850691 0 175.2478581 56.69497134 66.64199751 0 43.04987995 8.747234739 
820.8200368 988.171158 630.5666676 773.0735108 546.4914788 2025.334037 1514.176658 1665.823569 358.5291558 491.0793618 671.1866637 1218.725127 1179.959551 711.6414899 783.761631 1035.972757 486.5433782 311.5240806 815.3054021 611.8266327 251.1971167 863.3213425 1073.444777 783.5493339 1021.051478 754.6408651 1091.346557 472.1802015 348.332456 502.8088093 1253.171148 917.966617 150.7500803 412.1371795 866.466029 1217.630139 193.2855709 575.151875 607.9180975 365.8196374 61.10089709 583.0599971 125.8994359 277.2588498 563.2264212 473.545253 110.0532043 302.2205451 386.1024435 422.2763609 75.69361131 175.1225818 357.4224882 636.8342411 158.7722747 52.95393994 184.5609102 125.5329398 104.3021024 100.1280913 31.64600115 89.18142544 67.23002803 84.99151116 873.0444762 277.2361303 416.0466863 52.2091587 441.8779897 403.982928 263.8079083 41.05763999 77.5967399 67.41137965 0 323.1078348 535.7237567 33.52221562 45.52688373 0 64.01715864 79.54145482 38.34479192 39.11069848 0 22.30162772 47.76007739 0 39.16463543 0 
951.3447597 647.6453633 717.3679812 1398.780247 1851.364769 784.7511337 691.6579264 188.7729241 726.3522871 588.9142738 587.4495698 927.1602433 1794.488827 1159.012065 729.7958105 614.6864301 757.9139973 637.8707354 187.5700674 856.2294432 215.2525821 282.4952222 684.0307729 1284.599135 824.2008041 727.4769948 224.5927257 1091.715802 843.7758767 622.9595761 606.2278607 593.2503179 547.4023873 379.9598163 1910.233179 429.6673223 1152.676978 787.0983713 590.9374364 937.0092421 434.0881743 305.1465597 488.9757789 801.4903934 282.5569313 743.6106112 1701.661896 343.7219796 993.7712704 367.0618162 158.0322683 303.9979856 197.2907488 228.9887651 468.5762213 258.6900286 220.0310611 248.2679424 206.3968298 534.1623783 266.9025382 129.7857553 662.2053938 722.218747 407.2209293 257.2965982 170.5014116 176.3673699 52.52477621 236.7863363 87.51275407 163.8707896 45.18290373 80.05143377 31.71870526 83.40105137 479.2051324 50.46115419 0 145.0389791 48.43071398 74.95650336 263.2785317 0 32.27000871 53.7839702 49.04980077 0 52.61836849 164.3250151 
614.7691025 956.8919185 1410.564578 1190.201561 450.7563371 746.4733006 1665.096399 872.2521185 564.8990226 885.7227326 332.7540762 931.9651024 799.0257603 1024.282328 1263.05424 961.4148663 2060.000618 857.8326742 488.2651919 355.9381324 1475.611475 1865.627823 1071.293899 646.4772269 1266.789142 676.7572891 844.3500598 924.6361746 955.9253521 1048.406021 505.9867492 1403.455576 176.6854891 583.1416328 664.5584116 352.2133508 287.6407333 854.0628854 452.7538126 501.7107761 718.0939226 305.7521704 794.9816676 591.3229379 574.0983605 793.2588925 226.1392344 277.7496066 658.8788099 429.1000159 382.8350496 388.7269897 598.9347202 795.361114 224.9123101 838.7685785 462.8704326 413.208929 58.72384812 675.7271465 325.4623457 426.6447671 76.25705563 329.4748363 281.0156135 168.9802806 512.9381449 294.4753995 83.96265249 171.5529367 322.3988116 317.2572331 82.59357933 37.35014975 144.9489838 282.8021484 235.656295 225.3511445 237.1580659 0 116.4409624 153.6390048 37.019375 0 26.70144836 72.57544607 44.24140336 37.42709073 0 0 
937.0697943 856.4759666 661.3092695 806.5662199 819.4426384 2349.65906 1795.837129 1110.177816 498.8918415 1284.219675 1338.035604 1355.597472 489.8684964 1529.078557 1522.341213 239.1644907 911.3654907 1005.130783 778.470824 794.3742161 863.8681435 553.4304743 1326.533363 572.9683247 2103.983236 614.5363689 441.3327186 1805.51667 1068.404643 1022.966554 693.5816109 470.4270602 700.6087575 289.9958687 872.3732042 359.8577638 719.0243026 1052.962479 1073.87763 761.2568159 817.1205749 454.4595339 998.554733 610.5603555 329.067371 691.192633 865.7332392 274.4007205 406.3607826 539.82594 290.2079649 288.3808229 840.7477112 970.0962686 492.5210655 615.1999209 699.934825 247.9247518 194.8248449 496.5113088 73.44497391 874.0387861 619.7578344 606.3836715 241.8161239 380.8033221 90.00270437 670.837214 66.274159 229.0596765 82.38178042 139.6631122 62.80300712 211.3133344 393.2239139 111.2387324 248.0721171 38.68383187 436.1327468 23.61185186 57.83499209 34.22998223 133.1883117 113.2805894 37.62953758 240.2598131 60.10638248 54.3005031 59.44680079 24.58511623 
653.8645975 885.1879973 411.2977795 541.083288 900.6733504 1191.056779 432.0705938 1493.568857 722.682409 1081.20834 2226.095701 1104.644244 563.7099074 1215.164534 862.9389728 957.9739715 1134.003833 648.0934591 2254.619404 570.3554273 523.3387353 1432.289469 1032.781843 760.0012133 831.1113099 719.4093735 1221.679961 1191.197107 604.7186869 1088.490551 1143.66524 1229.345962 913.2330474 441.1878472 958.8684643 1920.01377 1330.94997 1152.894096 1333.92544 1408.354596 749.1338439 981.9864593 1278.566231 594.8773596 508.4957801 1057.265283 303.4574031 411.2489842 1144.824769 274.2922379 1005.716385 525.3501259 812.692052 1539.034571 625.8590096 1036.846132 534.3000807 983.0564264 756.342167 1014.700015 268.5447945 500.6164136 411.5475244 747.2327252 681.2631414 577.3618065 150.5308665 633.7526307 180.0058392 350.568958 402.6275595 279.7220679 164.7571195 212.7280668 232.7744504 178.499657 419.2418446 162.3493409 156.9382673 360.6764506 27.85824966 149.7384761 551.3012693 238.0628486 28.07970091 279.7881892 165.0567092 112.8843872 36.21731547 29.41083445 
222.8266762 642.7703888 876.5080745 790.9241042 1336.214631 741.0060111 1329.316703 1088.030006 3314.555294 432.0676659 1110.077743 470.1486967 997.1619409 699.0102889 865.262889 2171.242255 748.4690275 1045.576518 2093.315166 829.0004158 689.8620861 1810.332951 1145.53656 987.7924414 452.0222463 654.8047175 791.1113058 758.544697 1639.843175 1521.96133 1285.299504 815.1367576 1050.925787 1127.0828 530.9111167 1108.876162 478.8183674 1033.953354 855.930149 421.5654552 956.9534931 741.5971937 614.2595194 1389.284765 1587.970898 298.744661 746.6875925 139.3648649 595.8299154 1192.029062 1071.87252 837.6431625 396.8240521 1582.065702 416.9489845 305.9665416 764.3602609 698.4061155 1029.456274 443.5237345 876.3513675 1000.425081 491.6284976 227.8247367 220.6442626 569.0574991 204.0734525 244.043846 431.1705366 172.8175971 785.6213713 494.0264366 140.9231789 246.0877784 138.8191943 289.1742846 551.1916745 139.024692 82.5794946 82.43980634 65.2533047 168.0765821 218.0731543 721.6539638 13.55191142 66.7326539 360.3896541 146.2219586 48.31028597 66.95480176 
377.6599704 518.2734788 618.2295848 851.9989453 259.482007 1494.87758 1132.836242 1227.963308 798.8318221 844.3640376 994.0296552 1273.414569 1186.538669 1027.524919 2021.298328 769.2396174 766.9420985 903.0756325 4984.057859 787.5092252 949.7067399 1914.241946 827.9627471 982.4524713 610.1465905 1863.997229 894.346135 936.1937298 2042.421863 935.9079356 1320.648501 1591.619193 1532.920962 977.0975122 1073.270852 783.0793177 721.2137537 744.7221908 838.7559014 512.8543843 1677.657249 594.4689488 1504.889339 1008.173612 645.0884952 3019.756319 938.7419863 661.7292424 761.4436239 899.8569729 959.9578055 463.744957 813.6336705 1105.327955 866.5840524 729.902073 516.4269507 565.9821694 761.442871 697.0414818 1156.504042 652.733394 988.3393779 311.9391037 596.8234277 306.3134399 318.8667774 369.2948312 767.7662285 361.4397252 529.4213132 270.1205104 659.2504186 247.2441902 751.1759015 250.399696 78.24846383 273.9991204 338.4873675 359.5047376 865.1395624 256.0736819 164.8200299 78.82890932 133.6533265 369.0965719 722.6683289 45.91931723 20.8164409 370.2938333 
849.722097 1236.49162 479.5078256 461.9207536 1654.431545 846.5591907 1355.405432 733.5253018 735.3099786 1852.677139 936.9418622 722.9704704 845.7058395 956.0937944 1403.334485 903.7125053 725.7339757 876.6373211 724.7747041 472.2603874 1656.144757 1347.92035 1113.07635 1040.255051 1066.567439 828.3541116 1094.564647 1432.589914 672.0812849 607.568702 1055.507641 636.810503 653.450585 524.1971953 950.8381711 781.8090826 1579.860663 624.6646533 805.7759015 839.5411247 681.2247491 1200.391774 1028.128265 1246.666755 423.3858728 1397.505346 1271.251134 1632.708665 846.1965878 1236.780975 1146.782594 799.7771375 707.6869706 1221.900025 468.3674208 796.986599 1087.145003 1351.838531 575.7545174 660.5811283 622.7218565 1622.998429 876.6192875 194.8454158 454.7565695 596.5849444 2169.744093 303.5774872 732.8584091 240.2046991 592.6582331 657.8273133 647.6217698 216.1109751 701.2301467 480.0712256 1180.526864 286.6810158 379.2315258 254.3763672 558.9755092 596.4643747 246.5643398 132.7916117 175.0111698 222.2759368 735.4026141 511.686039 174.3998019 208.1829267 
969.287602 860.691819 560.9591148 1006.651607 1721.649288 495.4147984 323.6795135 1843.395688 861.374568 1165.955469 696.3996827 650.8913207 1337.660879 653.6473585 509.676927 2083.914599 1383.086379 1076.343906 717.5390133 1658.700578 1104.815959 856.122064 2936.237416 870.567102 2870.266428 563.544799 769.1140803 793.1938306 1633.3565 696.5715167 1566.427532 576.8025203 901.3752993 586.0247231 1336.525105 1081.181629 885.6018587 626.0621422 1317.746934 1914.342979 773.4479576 885.3028203 889.1317911 1199.04814 1011.22035 877.2290393 458.2528967 791.2763911 1248.039454 1002.259897 2253.096017 1110.986517 1000.803291 982.8472999 1090.510773 743.9340484 464.5324345 665.1234888 586.3043353 592.7560893 856.9070308 488.4255254 1073.98288 802.5734607 383.1150319 442.7365936 851.3911239 463.4911151 536.5984578 906.3152346 375.671621 315.4804573 882.4556257 1032.042792 390.0650108 148.4285189 428.9766599 312.3126141 804.2418402 316.4069206 835.1641444 212.7343836 232.747607 820.2912207 343.2379244 554.6666944 384.2390431 609.8689089 329.4070614 225.4722722 
494.9269576 523.8218072 533.7305686 2039.525817 447.1368584 790.69625 317.3720012 779.3330006 1297.385327 422.850281 1460.378573 1113.353789 1160.676301 390.1579461 941.1350867 1276.523531 238.9600054 332.2970216 929.5213952 1037.143632 1050.6322 702.7262833 1299.35519 845.6503022 970.4225333 1251.812356 942.0677932 1368.333402 2840.079227 846.5661579 791.3954639 1461.212193 851.3635983 1021.600468 1698.248539 1233.482804 976.9269686 760.3218502 1286.33733 1531.961784 946.6650371 1237.51718 680.7445996 1217.343506 965.5885804 1707.421219 803.9481282 1523.767518 1781.594591 1484.56237 1176.787045 1265.399719 1460.525419 939.305242 3323.225838 372.9149956 1644.325909 1575.393233 1887.229793 663.1929639 1340.010263 873.5712918 500.4709726 618.6411128 1106.654849 1233.478863 1216.550216 637.1214303 571.095572 1195.749125 470.9466291 354.0449636 583.7629104 522.5222814 564.2743771 639.0597014 1136.669552 571.6110729 344.3647073 268.1320287 354.0185462 295.2095069 408.0112919 514.9289238 166.4328529 139.966654 284.3394341 480.1629475 488.4419554 597.4759776 
553.8500223 521.2509295 310.0185544 235.3195487 832.4357663 2246.007927 1412.836133 1169.360623 879.4041824 857.1066272 1724.108619 1039.348864 601.5066749 566.4694506 942.0655203 837.3354692 996.4375348 487.806855 863.8370777 864.8471497 630.647291 1590.144686 1483.709774 1300.3682 1352.770091 1258.63435 2155.305549 311.6054312 1099.197791 1343.21786 521.925182 1611.294148 477.0869593 637.8825973 1212.121278 1708.864163 1418.36415 1559.345315 850.6462051 613.0544095 1245.022799 753.91433 1100.517596 2012.699997 1578.420947 1808.920262 1099.871478 1503.196547 989.3696429 1000.681777 1531.169768 1313.591708 885.9700763 1040.12792 1190.482364 675.5909436 1336.694766 741.1022487 544.7928218 1043.710561 254.2704387 697.0004382 1632.601657 1125.765897 2221.861635 1469.644049 568.3390573 1144.220414 632.3262494 1214.583283 2071.14217 437.3996377 2029.883585 169.387576 1001.071411 958.0718696 268.6956903 336.8062583 507.9809421 425.3944718 459.6647878 165.5201511 277.0584737 238.1175417 468.8222975 295.1189697 488.8490052 495.2002648 262.0694277 230.8739817 
252.4120592 723.8621089 439.6659803 392.3535572 357.5083958 230.1510121 661.8372632 749.6797276 410.915607 444.032636 606.0432436 661.5642958 674.5227674 640.9088172 558.459387 1443.564674 528.9393112 807.4576272 950.2832792 618.5856069 2084.581019 676.680143 911.7134001 852.3695154 1066.412712 1058.587353 1565.80179 636.8107924 1404.303101 847.6589852 2339.972798 851.8722054 1223.155326 592.2018393 425.9921571 1063.513911 481.6886311 1409.983674 1641.89881 923.5069781 1200.816231 1643.610677 921.122753 645.344825 1121.118002 731.1458839 739.2555075 1966.760532 445.5898285 1290.216697 1434.475553 899.6541222 701.8857187 1300.152959 787.4106325 813.2344998 1125.141409 1339.268843 1289.462069 547.7097287 2716.733467 1403.91192 991.9600213 620.9685015 757.2434423 2542.557505 1218.522639 1164.167081 477.0463295 657.6692405 580.1956278 1436.919658 318.6550167 955.6457319 1241.469363 446.3036554 611.2669664 273.0196632 2846.071477 509.079631 671.229918 838.85911 808.843674 1344.569685 956.415903 583.9839318 1541.64285 364.5047497 512.5934691 513.3065071 
# Errors [psd_monitor1/analyser1_psd.dat] I_err:
0 0 0 209.1004392 0 69.18103237 422.5879289 73.46353929 192.8446089 0 69.50069445 0 119.4391879 0 0 0 0 0 0 0 85.83027606 0 0 0 75.1569527 0 207.2107805 96.03507149 0 0 51.17618652 0 0 115.4034108 0 0 0 43.45313212 61.19295383 92.58365325 0 83.57075713 0 0 0 13.38135653 0 101.3823737 0 74.070538 0 0 0 84.77086005 0 101.0904053 0 96.51407262 0 0 61.53964859 0 0 0 0 0 98.7782711 0 197.6225265 70.94026055 0 0 80.57292662 0 0 55.50089551 0 148.4961658 0 0 0 0 77.36876924 5.192342511 83.10930425 95.43203569 0 0 0 0 
0 341.4139171 0 174.1640783 0 0 0 81.2317912 168.9787352 0 315.1692412 204.8524325 72.33577408 0 60.02970657 0 0 0 77.98595621 87.923043 0 293.4330211 176.8766927 0 0 0 0 0 0 0 57.03856141 97.4187991 108.3419819 0 37.47261105 0 0 117.9931368 0 94.40450492 0 87.77619039 0 0 0 0 0 91.70657404 75.08464617 0 93.44065826 127.4694153 0 71.81007615 0 0 0 139.1153536 88.06640937 0 0 123.5615342 0 141.9815425 0 0 0 0 0 48.81697453 0 177.8969939 0 0 0 0 0 0 0 0 41.51957161 82.29017811 0 0 61.02551031 0 0 0 0 64.07379401 
143.4052824 0 0 0 101.928392 0 71.69312384 0 352.5120485 0 47.87532726 85.39878372 0 0 129.8923578 71.14150691 28.22947392 98.09795157 0 0 0 0 0 0 79.00929652 0 0 69.01995286 0 146.0452779 0 0 183.8408901 68.81429891 108.7052347 0 60.30356243 0 0 0 0 0 0 0 69.50119361 60.40147725 101.700312 0 69.91838627 0 0 0 0 236.8039178 73.49638585 0 0 0 0 71.96786794 0 0 139.5764946 0 0 0 152.8894299 0 0 0 74.47710367 0 0 0 0 0 67.94365249 0 0 0 0 119.5253365 103.1605558 0 0 0 0 0 0 0 
0 113.5447712 0 0 0 0 0 189.2652215 0 65.20788536 0 0 0 157.0512264 0 0 78.37393776 50.18702539 0 123.5472604 0 122.0419444 0 0 0 0 0 0 0 0 74.9651017 0 70.18233231 0 121.1989353 0 350.5290924 0 84.62881845 0 0 98.06771451 0 0 52.88760822 67.93527501 0 0 0 74.80962499 78.3662624 0 0 0 0 0 0 0 63.56031647 148.3497447 58.1081767 0 0 0 0 57.57100749 0 91.97087799 201.0998816 68.83946147 0 0 0 86.62821269 0 86.50723936 0 80.18882015 99.84622782 64.69631947 45.51569147 0 0 0 375.5404218 0 0 0 0 0 
0 42.45126774 168.6522632 0 0 81.01484377 0 0 0 0 0 0 0 107.9139868 0 0 0 96.26463141 0 0 18.10211651 214.2781544 70.35180242 0 85.73604717 79.43008277 0 0 79.38752888 0 0 0 0 0 0 86.66609164 0 0 0 0 71.55941998 0 106.7438597 0 71.79799346 0 0 82.99207442 0 0 150.9597474 59.19929943 0 0 0 0 141.3723288 101.1604557 0 0 0 0 0 0 0 0 0 0 0 0 0 0 109.2471813 0 0 85.24680725 0 0 0 43.78787615 0 0 0 114.9089948 0 0 109.8390908 54.9696062 0 103.4291569 
0 0 0 0 31.48888691 68.15633687 0 237.5833553 0 51.58182289 0 139.1412627 0 0 0 0 0 0 0 0 0 68.22568956 111.7020467 0 84.13718211 0 0 0 253.3330117 145.9391118 20.56192464 0 0 0 0 0 0 109.7950722 0 0 219.3212438 136.1264671 0 0 0 121.2112336 87.91694673 0 91.87205133 145.6674296 0 79.46235223 110.8625716 0 0 0 0 0 172.5611805 0 0 0 0 0 72.74765797 0 0 0 0 117.8433515 0 0 0 0 42.9688003 0 172.4145302 0 116.7573183 44.53220637 156.6076908 40.5586772 0 0 0 0 22.24211245 0 0 0 
0 0 0 0 0 0 0 0 0 0 0 77.08237513 0 0 27.3271857 0 0 0 0 0 0 0 0 40.54408949 0 0 0 0 0 0 279.4520219 0 93.13755697 0 0 0 0 0 0 111.5442069 62.5608824 0 253.2111877 56.57758694 0 0 51.23373742 299.3181239 0 0 0 0 0 87.0544756 0 0 0 11.37655621 0 0 86.2338677 0 164.9527907 0 0 0 147.2921021 0 150.140579 0 90.47752434 77.94600903 0 0 0 164.8682402 0 108.0245872 0 0 0 78.85867139 75.56125094 85.50921517 0 0 428.4289717 0 45.50571354 98.34435398 
63.15212918 0 100.8412452 191.7895275 95.03247396 0 0 0 108.7010226 0 0 0 0 0 110.8645917 90.27780671 351.4381771 0 0 0 74.90677545 250.3837991 0 0 0 328.1218179 84.80711354 69.85202628 0 0 0 0 145.2857494 146.6209491 0 109.7146246 0 0 0 0 0 0 35.1829562 0 0 0 0 0 0 0 0 0 0 139.9360682 0 0 0 73.32167537 70.44454529 0 0 0 0 115.1676868 0 81.99804659 0 0 0 35.02750278 167.6939043 116.6525907 0 0 94.97294336 0 0 67.85011441 0 0 0 35.87421635 0 0 0 0 291.5452057 0 0 133.4610451 
243.3361262 0 0 163.4707021 0 0 88.8231541 0 0 0 0 129.3044905 0 110.8372442 0 140.0292717 0 49.65985518 0 0 63.44367636 119.2441226 0 70.41191828 190.035122 0 0 0 123.4391288 0 96.15838352 0 0 0 0 203.5497556 114.3086271 0 165.882653 0 0 49.39323472 532.6871827 0 0 0 0 0 0 49.41535839 44.2567792 0 0 90.53680507 0 58.42057404 0 0 0 0 66.71200227 201.2946672 0 0 0 0 0 0 0 121.8059623 0 0 0 0 113.7262783 0 0 69.32589083 0 0 0 0 0 0 0 77.6414279 0 0 0 0 
0 0 0 0 0 0 0 0 0 0 0 118.3921905 0 146.6298359 0 0 58.73636844 0 0 0 47.13821158 0 75.02219828 0 0 0 43.76726651 0 95.6660032 0 103.7202248 174.8868905 259.529333 0 0 0 0 0 0 0 119.9876562 0 0 0 0 0 106.8102704 0 0 77.82296221 0 0 0 0 66.16017886 0 0 0 0 0 0 0 0 55.29227872 66.70401271 0 0 58.92016044 0 0 63.22622111 0 113.1535063 0 0 65.36459296 0 22.42975633 0 0 148.3773654 0 0 61.54253521 0 48.05136561 123.4420061 83.29816699 0 0 
106.1402303 122.1685143 0 132.3192035 0 0 0 0 0 0 0 0 0 0 0 0 0 0 103.9111229 0 0 357.1510628 106.797295 0 0 0 0 0 78.99480052 0 0 112.717314 0 0 0 0 80.89933222 0 90.58969215 0 0 0 0 0 0 0 0 106.8957863 124.404525 0 0 0 0 61.852959 0 0 84.88026181 0 0 0 0 0 90.95993724 0 0 0 0 0 0 0 0 0 77.91554361 0 94.08321065 75.12304425 88.94652493 0 103.7404392 0 0 0 94.22422134 0 0 0 79.54715674 0 0 145.7661382 
0 0 0 0 0 0 0 0 0 0 140.0253638 0 95.48677862 0 0 0 0 0 64.39226798 58.86842014 0 0 18.47693272 0 0 0 0 0 0 0 81.40399286 0 0 222.7275557 0 80.71685835 0 123.6903116 0 0 89.37814961 242.6911234 0 0 0 0 85.06990742 0 0 0 0 0 0 0 53.68808747 127.8642618 0 226.3287295 0 203.7697837 0 87.59836038 0 0 0 0 116.6915281 0 0 0 0 0 67.23951005 0 0 0 0 0 0 0 0 0 178.1216821 0 0 0 0 0 113.4087297 0 
0 548.1006156 0 0 99.51772737 0 219.1656494 0 219.8407859 40.616649 0 170.0928559 0 0 75.80718044 0 0 0 346.9835776 0 89.89553432 149.4302715 0 109.3291444 0 94.5793422 0 0 0 0 0 0 107.9305569 0 0 0 0 0 165.0241682 0 0 0 0 0 0 0 0 0 0 83.32383195 74.7992122 113.7267357 68.27633052 0 0 0 0 0 15.82432903 0 0 0 0 0 5.591406409 0 0 0 0 125.0524908 0 0 0 0 0 77.17194498 0 47.41131973 70.47674795 0 0 0 0 0 0 0 110.3826843 0 0 94.92836152 
0 0 0 0 0 0 0 105.20683 0 0 98.22914717 0 0 0 0 235.5033747 0 0 0 0 0 0 0 0 43.72471772 80.64818804 0 0 0 0 0 0 0 343.4096028 0 0 0 0 114.7977685 0 0 0 0 0 0 69.38218374 41.83271418 0 0 83.52997831 0 0 0 74.97958434 0 0 78.35171312 0 215.0020818 0 0 0 0 0 0 58.67771158 0 0 0 102.0552734 0 92.02801937 0 0 0 0 0 0 130.4318501 0 0 0 68.14886196 0 243.2443 0 0 0 0 0 
0 0 0 0 0 0 0 0 0 0 0 0 0 0 71.46658374 0 0 0 0 0 0 0 0 0 0 0 0 0 0 106.2465275 0 0 106.6155728 0 33.92658302 108.9761201 0 0 0 0 0 0 0 0 0 0 208.531762 97.63337224 83.58081382 0 0 0 0 0 76.96334643 0 0 109.4529737 0 284.9580993 0 90.72204094 0 0 0 25.31071905 0 0 0 0 277.7799974 0 0 67.06537602 0 0 0 0 128.7407041 0 0 0 0 0 0 0 115.636637 50.63703971 0 0 
0 0 0 0 93.47161525 0 0 0 83.36665551 0 0 0 0 0 0 0 0 0 0 0 0 0 0 0 101.898182 0 0 0 122.8179429 0 0 81.22703382 0 127.1454732 0 0 0 97.0091972 0 0 0 0 0 117.7207704 0 0 333.0406353 0 0 0 0 70.63099663 121.5667962 65.3338408 53.36769262 0 0 0 0 0 0 0 0 0 0 0 0 0 0 0 70.44708272 0 0 95.63922508 0 0 77.08475227 0 0 104.1535131 105.7534353 0 93.1660506 0 0 0 0 0 0 0 
0 0 0 0 0 0 0 0 0 98.05128792 0 0 231.668386 0 0 0 0 0 0 0 0 0 330.3470389 88.2066218 0 0 0 0 162.6108281 195.1009192 0 0 0 49.96521789 0 0 0 0 92.35329255 0 0 0 243.5532848 0 0 0 95.41045614 294.7029997 0 0 0 0 0 146.8255527 66.34496807 0 0 0 126.5719248 0 0 0 86.43638742 0 0 0 0 0 0 0 0 0 0 0 0 0 0 0 0 0 0 0 901.43588 0 0 0 0 73.24387382 0 0 
0 0 108.1234464 0 0 0 0 0 478.0350718 0 0 0 150.5678644 125.0831058 0 0 0 0 0 0 20.99745473 0 0 0 0 0 0 0 0 32.64693075 0 53.03299746 0 0 62.0161979 0 0 0 0 0 0 0 0 0 0 0 0 0 0 0 0 67.46888865 0 0 0 0 102.5711678 149.8636093 0 55.26640845 70.07512728 0 0 0 96.68655926 137.9196099 0 0 0 0 0 88.88599586 0 0 0 0 0 0 0 0 0 0 0 0 0 0 0 0 0 0 
0 0 0 0 0 0 0 0 0 0 0 0 0 0 0 0 0 0 110.163656 0 0 119.8746601 98.64260184 0 0 0 0 340.1901116 0 0 57.63022916 0 0 0 0 0 0 137.3136644 77.98286837 0 116.8446876 0 0 122.0167434 0 0 0 0 0 0 85.37312382 0 139.001592 104.4010627 0 53.8521605 0 0 0 0 0 0 0 182.8078207 0 0 0 0 0 0 0 0 0 0 0 0 0 49.65909942 0 0 0 84.94298659 0 0 0 0 0 0 0 0 
0 0 0 0 0 0 0 0 88.41366743 122.0217535 0 0 0 0 0 0 0 0 0 0 0 0 0 74.51883515 0 0 0 0 0 0 0 0 0 0 0 0 100.0245626 0 0 0 0 0 0 0 0 0 0 0 84.78609927 0 0 0 0 0 0 0 103.6972494 0 0 0 0 0 0 0 72.62332507 0 0 0 0 281.4471847 0 0 0 0 0 222.9234277 0 0 78.30856491 0 144.5663056 0 0 0 0 0 62.31143732 0 0 69.14062695 
0 0 0 0 0 0 0 0 0 0 0 0 0 0 0 0 0 0 0 124.7603319 0 105.3507314 191.3493588 696.3526672 0 0 0 0 0 0 0 0 0 0 0 0 95.38399174 0 0 0 80.59509139 95.73225519 0 0 0 0 0 0 0 106.1191632 77.85101297 0 70.85511089 0 54.60080397 30.16200765 0 0 0 0 0 0 0 0 0 0 0 76.5659901 0 0 0 0 0 156.4902353 0 0 0 0 0 0 0 0 0 0 0 0 0 177.1509842 0 0 
0 0 0 0 0 0 0 0 0 0 0 164.4286823 0 0 0 0 0 143.665218 0 0 0 0 0 0 0 0 0 0 0 0 0 0 0 0 0 0 0 0 0 0 0 0 0 0 0 0 0 0 0 0 402.0860334 0 0 0 108.7805304 0 77.23147145 0 0 0 0 170.6064355 0 0 0 113.1493247 0 0 0 0 0 168.6835566 255.9316655 520.7722205 0 0 0 233.1550009 0 0 0 0 0 0 136.5228554 0 0 0 0 0 
0 201.0426625 0 0 160.4673349 0 0 0 0 0 0 0 0 0 0 0 0 0 0 0 0 84.07972886 0 0 0 0 0 117.0606619 0 0 0 0 0 0 0 0 97.17857515 0 0 0 0 0 0 0 0 0 152.1781418 0 0 0 0 494.7754441 46.38426555 0 0 82.41772364 0 0 0 0 0 0 0 0 0 0 0 0 0 0 0 0 0 0 0 0 0 240.5198176 0 73.67275368 0 0 0 0 0 0 0 0 0 0 
0 0 0 0 0 0 0 0 0 0 0 101.1109523 0 0 0 0 433.291994 0 0 0 0 0 0 0 0 0 0 0 0 0 0 0 0 0 0 170.6093906 22.28474266 0 0 0 0 0 0 0 0 103.9823234 0 121.1445655 0 0 0 0 0 0 0 0 0 0 0 0 0 0 0 0 0 0 0 324.454935 48.47983576 0 0 0 0 0 0 0 148.7329518 108.4022948 0 0 0 0 0 0 27.76736163 0 0 0 0 0 
0 0 0 0 0 0 0 0 0 0 0 0 0 0 0 0 66.35595491 0 0 0 0 0 0 0 0 0 0 0 0 0 0 0 0 0 0 0 0 0 0 103.7586284 0 0 0 0 0 0 0 0 0 0 0 0 0 0 0 0 105.6073714 0 121.1211057 0 0 0 54.66206636 376.1538338 0 0 326.0377188 0 71.51039088 0 125.0712363 0 0 204.6697278 0 0 0 114.1285676 0 0 0 0 0 0 0 0 0 0 0 0 
0 0 0 0 0 0 0 0 0 0 0 0 0 0 0 115.4336845 0 444.8224599 0 186.9425958 0 0 0 0 0 0 0 0 0 0 0 0 0 0 61.74652537 0 0 0 0 0 0 0 87.8647414 0 0 0 0 198.0633926 0 0 0 0 0 0 0 0 0 0 0 0 0 0 0 0 0 0 98.20638093 0 0 0 0 0 0 0 0 0 80.28825617 0 0 0 0 0 183.6500321 0 0 0 0 0 0 0 
0 0 0 0 0 0 0 0 0 0 0 0 0 0 0 0 0 0 0 0 0 0 0 0 0 0 0 0 0 0 0 0 0 0 0 0 0 0 109.958054 0 0 0 0 0 0 0 0 0 0 97.36556705 0 0 0 88.37890059 0 0 0 0 198.7837513 385.4825929 0 0 0 0 0 0 0 226.9753167 0 0 0 0 0 0 0 0 0 0 0 0 0 0 0 0 0 0 0 0 0 0 
0 0 0 0 0 0 0 0 420.5133608 0 0 0 0 0 0 104.3593318 0 0 0 0 0 0 0 0 0 0 0 0 0 0 0 0 0 0 0 0 0 0 0 0 0 0 0 0 0 0 0 0 0 0 0 0 0 0 0 0 171.3573182 0 0 0 0 0 0 0 0 0 174.1954729 0 0 203.7862692 0 0 0 0 0 0 0 0 0 0 0 0 0 0 0 203.7667904 0 0 0 0 
0 0 0 0 0 0 0 0 0 0 0 0 0 0 0 0 0 0 0 0 0 0 241.9077988 0 0 0 0 0 0 0 0 0 0 0 0 146.1157667 128.367282 0 0 0 0 0 130.2968845 0 0 0 497.4683439 0 0 0 0 0 0 0 0 0 0 314.1320143 0 0 0 0 0 0 0 0 0 0 0 0 0 0 0 0 0 132.9160123 0 0 0 0 0 0 0 0 0 62.41754986 0 0 0 0 
0 0 0 0 0 0 0 0 0 0 0 0 0 0 0 0 340.9679227 0 0 0 0 0 0 0 0 0 0 0 0 0 0 0 0 0 507.5863857 0 0 0 0 0 0 0 0 0 0 0 0 0 0 0 0 0 0 0 0 0 0 0 0 0 0 0 0 0 0 0 0 0 0 0 0 0 0 0 0 0 0 0 0 0 0 0 0 0 0 0 0 0 0 0 
0 0 0 0 0 0 0 0 0 0 0 0 0 0 0 0 122.4666894 0 0 0 0 0 0 0 0 0 0 0 0 0 0 0 0 0 0 0 0 0 0 0 260.2600859 0 0 0 0 0 0 0 0 0 0 0 0 0 0 0 0 0 0 0 0 0 0 0 0 390.4595175 0 0 0 0 0 0 0 0 0 0 0 0 0 0 190.5137241 0 0 0 0 353.3373353 329.4715894 0 0 135.5876647 
0 0 0 0 0 0 0 0 0 0 0 0 0 0 0 0 0 0 0 0 0 0 0 0 0 0 0 0 0 0 0 0 0 0 0 0 0 0 0 0 0 0 0 0 0 0 0 0 0 210.9412054 0 0 0 0 0 0 0 0 211.7937192 0 0 0 0 0 0 0 0 0 0 0 0 0 0 0 0 0 0 0 140.6671452 0 158.852104 0 0 0 0 0 0 0 0 0 
0 0 0 0 0 0 0 0 0 0 0 0 0 0 0 0 0 0 0 0 0 0 0 0 0 0 0 0 0 0 0 0 0 0 0 0 0 221.1706379 0 0 0 0 0 0 0 0 0 0 0 0 0 0 0 0 0 0 0 0 0 0 0 0 0 0 0 0 0 0 0 0 0 0 0 0 0 0 0 0 0 0 0 0 0 0 0 0 0 0 0 158.1959694 
0 0 0 0 0 0 0 472.3685768 0 0 0 0 0 0 0 0 0 0 0 0 0 0 0 0 0 0 0 0 0 0 0 0 0 0 0 0 0 0 0 0 0 446.7992233 0 0 720.3016992 0 0 0 0 0 0 0 0 0 0 0 0 0 0 0 0 0 0 0 0 0 0 0 125.7165957 0 0 0 0 0 0 0 0 0 54.88455315 0 0 0 0 0 0 0 242.5244249 0 0 0 
0 0 0 0 0 0 0 0 0 0 0 0 0 0 0 0 0 0 0 0 0 0 0 0 0 0 0 0 0 0 0 0 0 0 0 0 0 0 0 0 0 0 0 0 0 0 0 0 0 0 0 0 0 141.9052326 0 0 0 0 0 0 0 0 0 0 0 0 0 0 0 0 0 0 0 0 0 0 0 0 0 0 0 0 0 0 0 0 0 0 0 0 
0 0 0 477.4799254 0 0 0 0 0 0 0 0 0 0 0 0 0 0 0 0 0 0 0 0 0 0 0 0 0 0 0 0 0 0 0 0 0 0 0 0 0 0 0 0 0 0 0 0 0 0 0 0 0 0 0 0 0 0 0 0 315.3021978 0 0 0 0 0 0 0 68.59167964 0 0 0 0 0 0 0 0 0 0 0 0 447.1695281 0 0 0 0 0 0 0 0 
0 0 0 0 0 0 0 0 0 0 0 0 0 0 0 0 0 0 0 0 0 0 0 0 0 0 0 0 0 0 0 0 0 0 0 0 0 0 0 0 0 0 0 0 0 0 0 0 0 0 0 0 321.9692882 0 0 0 0 0 0 0 0 0 0 0 0 0 0 0 0 0 0 0 0 0 0 0 0 0 0 0 0 0 0 0 0 0 0 0 0 0 
0 0 0 0 0 0 0 0 0 0 0 0 0 0 0 0 0 0 0 0 0 0 0 0 0 0 0 0 0 0 0 0 0 0 0 0 0 0 0 0 0 0 0 0 0 0 0 0 0 0 0 0 0 0 0 0 0 0 0 0 0 0 0 0 0 0 0 0 0 0 0 0 0 0 0 0 0 0 0 0 0 0 0 0 0 0 0 0 0 0 
0 0 0 0 0 0 0 0 0 0 0 0 0 0 0 0 0 0 0 0 0 0 0 0 0 0 0 0 0 0 0 0 0 0 0 154.926854 0 0 0 0 0 0 0 0 0 0 0 0 0 0 0 0 0 0 0 0 0 0 0 0 0 0 0 0 0 0 0 0 0 0 0 0 0 0 0 0 0 0 0 0 0 0 0 0 0 0 0 0 0 0 
0 0 0 0 0 0 0 0 0 0 0 0 0 0 0 0 0 0 0 0 0 0 0 0 0 0 0 0 0 0 0 0 0 0 0 0 0 0 0 0 0 0 0 0 0 0 0 0 0 0 0 0 0 0 0 0 0 0 0 0 0 0 0 0 0 0 0 0 0 0 0 0 0 0 0 0 0 0 0 0 0 0 0 0 0 0 0 0 0 0 
0 0 0 0 0 0 0 0 0 0 0 0 0 0 0 0 0 0 0 0 0 0 0 0 0 0 0 0 0 0 0 0 0 0 0 0 0 0 0 0 0 0 0 0 0 0 0 0 0 0 0 0 0 0 0 0 0 0 0 0 0 0 0 0 0 0 0 0 0 0 0 0 0 0 0 0 0 0 0 0 0 0 0 0 0 0 0 0 0 0 
0 0 0 0 0 0 0 0 0 0 0 0 0 0 0 0 0 0 0 0 0 0 0 0 0 0 0 0 0 0 0 0 0 0 0 0 0 0 0 0 0 0 0 0 0 0 0 0 0 0 0 0 0 0 0 0 0 0 0 0 0 1628.107137 0 0 0 0 0 0 0 0 0 0 0 0 0 0 0 0 0 0 0 0 0 0 0 0 0 0 0 0 
0 0 0 0 0 0 0 0 0 0 0 0 0 0 0 0 0 0 0 0 0 0 0 0 0 0 0 0 0 0 0 0 0 0 0 0 0 0 0 0 0 0 0 0 0 0 0 0 0 0 0 0 0 0 0 0 0 0 0 0 0 0 0 0 0 0 0 0 0 0 0 0 0 0 0 0 0 0 0 0 0 0 0 0 0 0 0 0 0 0 
0 0 0 0 0 0 0 0 0 0 0 0 0 0 0 0 0 0 0 0 0 0 0 0 0 0 0 0 0 0 0 0 0 0 0 0 0 0 0 0 0 0 0 0 0 0 0 0 0 0 0 0 0 0 0 0 0 0 0 0 0 0 0 0 0 0 0 0 0 0 0 0 0 0 0 0 0 0 0 0 0 0 0 0 0 0 0 0 0 0 
0 0 0 0 0 0 0 0 0 0 0 0 0 0 0 0 0 0 0 0 0 0 0 0 0 0 0 0 0 0 0 0 0 0 0 0 0 0 0 0 0 0 0 0 0 0 0 0 0 0 0 0 0 0 0 0 0 0 0 0 0 0 0 0 0 0 0 0 0 0 0 0 0 0 0 0 0 0 0 0 0 0 0 0 0 0 0 0 0 0 
0 0 0 0 0 0 0 0 0 0 0 0 0 0 0 0 0 0 0 0 0 0 0 0 0 0 0 0 0 0 0 0 0 0 0 0 0 0 0 0 0 0 0 0 0 0 0 0 0 0 0 0 0 0 0 0 0 0 0 0 0 0 0 0 0 0 0 0 0 0 0 0 0 0 0 0 0 0 0 0 0 0 0 0 0 0 0 0 0 0 
0 0 0 0 0 0 0 0 0 0 0 0 0 0 0 0 0 0 0 0 0 0 0 0 0 0 0 0 0 0 0 0 0 0 0 0 0 0 0 0 0 0 0 0 0 0 0 0 0 0 0 0 0 0 0 0 0 0 0 0 0 0 0 0 0 0 0 0 0 0 0 0 0 0 0 0 0 0 0 0 0 0 0 0 0 0 0 0 0 0 
0 0 0 0 0 0 0 0 0 0 0 0 0 0 0 0 0 0 0 0 0 0 0 0 0 0 0 0 0 0 0 0 0 0 0 0 0 0 0 0 0 0 0 0 0 0 0 0 0 0 0 0 0 0 0 0 0 0 0 0 0 0 0 0 0 0 0 0 0 0 0 0 0 0 0 0 0 0 0 0 0 0 0 0 0 0 0 0 0 0 
0 0 0 0 0 0 0 0 0 0 0 0 0 0 0 0 0 0 0 0 0 0 0 0 0 0 0 0 0 0 0 0 0 0 0 0 0 0 0 0 0 0 0 0 0 0 0 0 0 0 0 0 0 0 0 0 0 0 0 0 0 0 0 0 0 0 0 0 0 0 0 0 0 0 0 0 0 0 0 0 0 0 0 0 0 0 0 0 0 0 
0 0 0 0 0 0 0 0 0 0 0 0 0 0 0 0 0 0 0 0 0 0 0 0 0 0 0 0 0 0 0 0 0 0 0 0 0 0 0 0 0 0 0 0 0 0 0 0 0 0 0 0 0 0 0 0 0 0 0 0 0 0 0 0 0 0 0 0 0 0 0 0 0 0 0 0 0 0 0 0 0 0 0 0 0 0 0 0 0 0 
0 0 0 0 0 0 0 0 0 0 0 0 0 0 0 0 0 0 0 0 0 0 0 0 0 0 0 0 0 0 0 0 0 0 0 0 0 0 0 0 0 0 0 0 0 0 0 0 0 0 0 0 0 0 0 0 0 0 0 0 0 0 0 0 0 0 0 0 0 0 0 0 0 0 0 0 0 0 0 0 0 0 0 0 0 0 0 0 0 0 
0 0 0 0 0 0 0 0 0 0 0 0 0 0 0 0 0 0 0 0 0 0 0 0 0 0 0 0 0 0 0 0 0 0 0 0 0 0 0 0 0 0 0 0 0 0 0 0 0 0 0 0 0 0 0 0 0 0 0 0 0 0 0 0 0 0 0 0 0 0 0 0 0 0 0 0 0 0 0 0 0 0 0 0 0 0 0 0 0 0 
0 0 0 0 0 0 0 0 0 0 0 0 0 0 0 0 0 0 0 0 0 0 0 0 0 0 0 0 0 0 0 0 0 0 0 0 0 0 0 0 0 0 0 0 0 0 0 0 0 0 0 0 0 0 0 0 0 0 0 0 0 0 0 0 0 0 0 0 0 0 0 0 0 0 0 0 0 0 0 0 0 0 0 0 0 0 0 0 0 0 
0 0 0 0 0 0 0 0 0 0 0 0 0 0 0 0 0 0 0 0 0 0 0 0 0 0 0 0 0 0 0 0 0 0 0 0 0 0 0 0 0 0 0 0 0 0 0 0 0 0 0 0 0 0 0 0 0 0 0 0 0 0 0 0 0 0 0 0 0 0 0 0 0 0 0 0 0 0 0 0 0 0 0 0 0 0 0 0 0 0 
0 0 0 0 0 0 0 0 0 0 0 0 0 0 0 0 0 0 0 0 0 0 0 0 0 0 0 0 0 0 0 0 0 0 0 0 0 0 0 0 0 0 0 0 0 0 0 0 0 0 0 0 0 0 0 0 0 0 0 0 0 0 0 0 0 0 0 0 0 0 0 0 0 0 0 0 0 0 0 0 0 0 0 0 0 0 0 0 0 0 
0 0 0 0 0 0 0 0 0 0 0 0 0 0 0 0 0 0 0 0 0 0 0 0 0 0 0 0 0 0 0 0 0 0 0 0 0 0 0 0 0 0 0 0 0 0 0 0 0 0 0 0 0 0 0 0 0 0 0 0 0 0 0 0 0 0 0 0 0 0 0 0 0 0 0 0 0 0 0 0 0 0 0 0 0 0 0 0 0 0 
0 0 0 0 0 0 0 0 0 0 0 0 0 0 0 0 0 0 0 0 0 0 0 0 0 0 0 0 0 0 0 0 0 0 0 0 0 0 0 0 0 0 0 0 0 0 0 0 0 0 0 0 0 0 0 0 0 0 0 0 0 0 0 0 0 0 0 0 0 0 0 0 0 0 0 0 0 0 0 0 0 0 0 0 0 0 0 0 0 0 
0 0 0 0 0 0 0 0 0 0 0 0 0 0 0 0 0 0 0 0 0 0 0 0 0 0 0 0 0 0 0 0 0 0 0 0 0 0 0 0 0 0 0 0 0 0 0 0 0 0 0 0 0 0 0 0 0 0 0 0 0 0 0 0 0 0 0 0 0 0 0 0 0 0 0 0 0 0 0 0 0 0 0 0 0 0 0 0 0 0 
0 0 0 0 0 0 0 0 0 0 187.9755655 0 0 0 0 0 0 0 0 0 0 0 0 0 0 0 0 0 0 0 0 0 0 0 0 0 0 0 0 0 0 0 0 0 0 0 0 0 0 0 0 0 0 0 0 0 0 0 0 0 0 0 0 0 0 0 0 0 0 0 0 0 0 0 0 0 0 0 0 0 0 0 0 0 0 0 0 0 0 0 
60.28301763 0 0 0 0 0 0 0 0 0 0 0 0 0 0 0 0 0 0 0 0 0 0 0 0 0 0 0 0 0 0 0 0 0 0 0 0 0 0 0 0 0 0 0 0 0 0 0 0 0 0 0 0 0 0 0 0 0 0 0 0 0 0 0 0 0 0 0 0 0 0 0 0 0 0 0 0 0 0 0 0 0 0 0 0 0 0 0 0 0 
15.8008815 0 0 0 0 0 0 0 0 0 0 111.2517611 0 0 0 0 0 0 0 0 0 0 0 0 0 0 0 0 0 0 0 0 0 0 0 0 0 0 0 0 0 0 0 0 0 0 0 0 0 0 0 0 0 0 0 0 0 0 0 0 0 0 0 0 0 0 0 0 0 0 0 0 0 0 0 0 0 0 0 0 0 0 0 0 0 0 0 0 0 0 
0 0 0 0 0 0 0 0 0 0 0 0 0 0 0 0 0 0 0 0 0 0 0 0 0 0 0 0 0 0 0 0 0 0 0 0 0 0 0 0 0 0 0 0 0 0 0 0 0 0 0 0 0 0 0 0 0 0 0 0 0 0 0 0 0 0 0 0 0 0 0 0 0 0 0 0 0 0 0 0 0 0 0 0 0 0 0 0 0 0 
14.94264641 0 0 0 0 25.34178059 0 0 0 0 0 0 0 0 0 0 0 0 0 0 0 0 0 0 0 0 0 0 0 0 0 37.57820082 0 0 0 0 0 0 0 0 0 0 0 0 0 0 0 0 0 0 0 0 0 0 0 0 0 0 0 0 0 0 0 0 0 0 0 0 0 0 0 0 0 0 0 0 0 0 0 0 0 0 0 0 0 0 0 0 0 0 
0 51.69617352 0 0 30.81911429 0 88.22741273 120.7876895 0 0 0 0 0 0 0 150.9430418 0 0 0 0 0 0 0 0 0 0 0 0 0 0 0 0 0 0 0 0 0 0 0 0 0 0 0 0 0 0 0 0 0 0 0 0 0 0 0 0 0 0 0 0 0 0 0 0 0 0 0 0 0 0 0 0 0 0 0 0 0 0 0 0 0 0 0 0 0 0 0 0 0 0 
33.02931336 8.838446822 0 0 0 0 0 0 0 0 0 0 40.73081676 0 0 0 0 0 0 0 0 0 0 35.69835949 0 0 0 16.87783284 0 0 0 0 0 0 0 23.03417165 0 193.3500947 0 0 0 0 0 0 0 0 0 0 0 0 0 0 0 0 0 0 0 0 0 0 0 0 0 0 0 0 0 0 0 0 0 0 0 0 0 0 0 0 0 0 0 0 0 0 0 0 0 0 0 0 
153.0564983 41.15775059 0 35.73072651 118.786757 0 26.46192357 0 93.16287001 142.4366074 129.5670899 0 0 28.60581894 20.73404886 0 0 151.6579075 0 16.10243803 0 254.4619612 0 0 0 0 0 65.80814529 0 0 32.66673886 0 0 0 0 0 0 0 0 0 0 37.27789694 0 0 0 0 0 0 0 0 0 0 0 0 0 0 0 0 42.79293915 0 0 0 0 0 0 0 0 0 0 0 0 0 0 0 0 0 0 0 0 0 0 0 0 0 0 0 0 0 0 0 
0 53.34816679 0 0 140.762742 0 37.8414067 157.7564036 49.42635712 0 0 0 213.0712855 0 0 128.0020321 0 41.6573142 0 117.0486605 34.04999691 0 0 30.68255281 30.65468281 0 0 35.04050752 0 0 0 0 0 22.4911321 0 0 55.53318308 0 0 0 0 0 0 0 0 0 0 0 0 0 0 0 0 0 0 0 0 0 0 0 0 0 0 0 0 0 0 0 0 0 0 0 0 0 0 0 0 0 0 0 0 0 0 0 0 0 0 0 0 0 
32.16097273 136.2879033 0 13.14569361 141.1269398 0 0 629.365277 0 0 80.5845945 0 0 157.997079 49.69357925 31.1152541 0 282.1443657 32.99216944 0 0 0 29.16541489 0 0 30.34491155 0 0 0 0 125.9204925 0 0 41.15716376 93.63662889 0 0 0 0 130.9673924 111.1976617 0 0 0 0 0 73.00976146 0 0 0 0 0 0 0 0 0 0 0 0 0 0 0 0 0 0 0 0 37.14007794 0 0 0 0 0 0 0 0 0 0 0 0 0 0 0 0 0 0 0 0 0 0 
0 87.28409984 172.7917671 139.4081253 218.0093467 33.15564202 82.03803379 42.81568203 0 31.23667333 110.5372539 112.2314763 105.2491634 0 0 0 0 19.99876285 45.9304365 157.7681999 111.9186803 311.9607458 0 0 32.22288739 23.81007154 40.74498811 148.4305359 33.57572976 0 34.67992169 38.43971199 182.045319 32.25449184 0 0 5.711309827 0 10.01693313 0 0 38.39458376 0 0 0 0 0 0 29.15855414 51.52639224 0 0 0 0 0 0 0 0 0 0 0 0 0 0 0 0 0 0 0 0 0 0 0 0 0 0 0 0 0 0 0 0 0 0 0 0 0 0 0 0 
40.94419309 275.8963292 298.116314 228.5407829 55.03318391 110.2737291 29.34027493 181.8382078 268.9085008 84.05021848 115.2828722 249.963236 226.3875838 17.35352722 136.7819505 283.370825 159.6547577 231.4315804 34.41465582 0 162.107937 0 373.0184285 31.47167817 0 0 0 142.5328693 36.98050691 0 0 389.9465693 0 0 77.02344765 0 0 0 133.4809734 0 0 229.0013477 0 0 0 0 233.4733239 0 0 0 49.54137419 0 0 0 0 0 0 0 0 0 0 0 0 0 0 0 0 0 0 0 0 0 0 0 0 0 0 0 0 0 0 0 0 0 0 0 0 0 0 0 
136.2221939 454.2393062 306.056183 466.7454434 36.77898739 214.2383423 124.0641515 24.41375599 39.89901798 0 25.12423086 22.73812207 176.9215235 175.5108776 0 450.9183587 180.9990648 176.958323 236.4149226 126.3839043 159.7570907 20.79234521 0 43.40055933 30.16341519 0 0 241.4963042 199.9935341 117.8886256 139.6395696 123.2711763 0 0 0 116.0114065 22.81948914 0 0 0 18.75160257 0 0 0 0 178.4378694 0 0 156.6404656 0 0 0 0 0 0 0 0 0 0 0 0 0 0 0 0 0 0 0 0 0 0 0 0 0 0 0 0 0 0 0 0 0 0 0 0 0 0 0 0 0 
259.2092294 215.4435033 273.2669866 137.7100622 88.6676423 317.7001822 192.108734 122.9004925 324.7711907 176.9340187 55.7508412 305.9583883 145.4669511 53.39231628 197.6639586 335.556424 151.6165897 46.19698063 116.8048438 14.80810403 223.2547476 45.65607603 69.57958543 307.3242154 31.92856937 49.86426311 187.0399808 193.2632216 125.0028302 0 140.6982851 0 39.16613622 17.03448124 146.923438 0 0 45.99859166 0 30.06038654 11.35845318 226.0534998 143.0559138 13.90170683 25.85990517 0 0 32.13248189 0 0 0 102.0568286 407.641121 0 0 0 0 0 0 0 0 0 0 0 0 0 0 0 185.4892563 0 0 0 0 0 0 0 0 0 0 0 0 0 0 0 0 0 0 0 0 0 
153.2910831 337.3453096 187.1182885 374.5640575 372.48607 181.578031 165.9076608 358.3148998 252.5559559 144.1925443 123.8954749 198.0728091 356.1137761 229.3887395 336.5609185 160.851766 20.99657503 154.8233812 208.6991636 146.2499123 23.16626995 43.19211643 95.96387282 34.62525825 156.3540553 57.77951745 0 51.7863175 0 28.66497175 39.31584257 137.9249564 183.43415 29.83847379 52.37998188 0 37.61292057 0 20.44072505 34.38497548 417.2619 239.3215416 38.45796531 30.96269359 0 0 0 0 34.9907253 0 33.01185278 0 0 12.86476122 39.86561423 0 16.557364 44.92660728 29.80826123 0 0 0 0 0 0 0 0 0 0 0 0 31.43141566 0 0 0 0 42.42187731 0 0 0 50.15124963 0 0 0 0 0 0 0 0 0 
112.4365425 134.3864319 450.9302232 193.4982595 175.4844587 58.35455155 52.22915324 370.3219657 417.4090512 135.3279426 144.5644101 59.60033485 266.5589539 396.2427923 340.6895728 193.1992288 242.5428649 324.7375612 362.303151 148.4001557 256.2501943 37.92788274 156.2300841 231.9970469 476.2407404 247.2441532 213.9347287 243.9477475 132.5105219 0 53.52491641 158.1188586 139.2896522 136.5569224 40.06191202 165.0137168 436.2065684 0 32.2563527 45.76814593 279.4376768 59.50354679 53.40317621 0 56.34213808 0 0 36.87589335 135.1295096 51.7788558 149.8818702 0 25.33362357 0 0 0 0 54.35884476 44.0880786 33.19144552 21.64469038 26.48688214 6.54164239 234.81703 0 0 59.80201891 0 0 0 76.54419419 0 38.26802166 0 0 0 43.10882275 36.10009416 0 0 0 0 0 0 0 0 0 0 0 0 
304.0721343 449.2919156 227.3765633 1292.741286 141.457175 276.0774689 214.521352 192.0863766 150.3593824 262.8287051 477.9508361 369.3120995 156.632607 323.8564097 42.71054853 256.8142598 163.4408408 384.378967 111.7493582 189.4890673 257.1889242 261.2778265 320.6942145 74.30994904 52.65409518 58.24946691 38.76895762 0 132.469456 42.05083541 190.429077 236.7900102 43.98520923 229.8353159 301.4864233 49.79478271 255.3367726 62.751081 63.47005408 262.6491916 22.5850693 94.55240111 206.9944811 0 25.54516869 121.2366765 257.9018625 47.28758744 0 178.6106748 44.47596306 58.17090453 13.42669003 26.14018389 238.0367058 11.72232647 0 42.31015005 33.63574544 20.420628 66.67830825 0 25.03837942 55.34347243 0 17.0224057 19.75011597 0 0 61.82040036 31.20778406 48.39285834 0 0 0 0 18.16197065 0 9.118650254 0 0 0 0 0 38.04290639 0 0 0 0 0 
504.7395557 403.9728503 503.8868266 157.19341 270.1344517 359.7943237 625.5978897 472.5594079 51.40991678 264.8473619 223.6920346 165.2282554 217.1651348 390.4538731 221.7899253 305.674824 403.2044231 107.5732181 241.6150098 349.3855332 296.1985207 255.9919459 205.4372102 363.4937189 102.970908 399.7912563 409.337385 187.8425567 407.1606452 147.3620904 39.82103361 189.2113403 154.082206 184.6972446 257.4619825 660.1139256 39.2078742 133.0132385 49.73937438 419.2084422 127.7034713 112.1549269 541.8199278 39.27034845 57.58262373 154.050481 38.63262309 17.45811796 33.87348306 34.51102749 33.98566585 0 23.21154213 224.337525 36.99648095 29.7179964 46.87962519 62.44655904 132.9799643 0 0 17.67030404 0 259.5084479 140.7077552 0 202.7028766 0 209.7054159 0 44.84220065 186.4301197 0 0 0 0 19.4138551 0 0 43.36675027 0 39.12371124 0 0 0 0 0 0 0 0 
456.3206488 206.1110295 150.5029654 327.1069645 290.0032777 533.7906948 36.90213282 132.4084529 540.7630896 206.8122471 136.7551955 151.2610704 258.8827374 199.3180215 604.889125 295.2261308 129.2361162 353.6756057 344.6954295 215.0359767 279.0248572 64.64676036 451.1665713 330.601175 305.4960468 192.9999791 233.0427178 191.6521035 284.0285574 260.8458399 275.9890121 235.8254065 242.5235337 105.0876247 1047.582256 399.4965981 215.8334323 59.4087624 173.3005644 128.0348525 168.8431802 61.11365277 162.096922 433.0925698 248.2177009 178.3175445 179.5369751 98.46212722 47.54546982 287.3015697 152.8999067 67.89301684 43.18203726 80.87843376 315.5775823 17.64352242 41.24991947 0 22.18072186 43.5989291 36.16856397 33.10707247 26.9008306 0 13.93003843 0 0 45.05073297 31.22081763 147.3709841 0 18.00441332 0 67.13251099 0 37.2296284 26.86994626 51.19671603 0 48.79097999 0 81.19483339 9.960910272 131.5918128 0 58.99689361 31.75942667 0 0 0 
417.1171871 99.40987483 384.032348 412.0218202 127.8273784 381.2476555 588.5021358 278.8093052 288.0929844 308.3332025 234.9180352 325.8679947 258.9639613 581.378067 221.9145855 322.553994 350.2265877 354.7828408 147.139175 527.0744026 384.7168408 274.1819486 364.3604497 442.9624445 195.9691013 119.5918982 126.8587923 292.4048575 309.8994578 240.0593278 273.4704811 143.7369383 300.1992987 446.5431494 83.14369932 245.2114891 190.6875113 153.1845442 55.57497397 239.4121148 346.4335481 258.617602 328.0757678 250.0021419 208.3599883 85.15786235 53.88526848 0 73.79980691 395.0168957 249.5805319 63.58498062 183.0147514 23.0574759 133.5606733 0 38.32386544 206.5539561 217.5289201 52.77939222 0 57.02363952 0 0 32.39321749 168.243577 196.2918287 20.14720189 102.7573421 28.47609119 0 0 46.46675241 328.0539038 50.93902426 164.8771592 42.26746365 45.564404 30.26716769 0 23.31915107 36.94399582 17.60850691 0 175.2478581 56.69497134 48.82597762 0 43.04987995 8.747234739 
339.387441 433.6481218 224.9065327 438.5707714 232.0140364 1438.315902 582.3186558 665.828816 149.189652 212.5201458 291.8979816 557.7976825 792.0023996 318.4448909 308.3610593 439.785135 232.6275752 147.5189014 306.6495102 288.8954597 134.0249369 353.4577519 470.1897135 262.1463606 395.0952618 292.9621388 547.0194645 191.0832806 163.5901724 232.1659683 450.130053 610.1334543 81.62260628 249.1983292 308.6913591 538.048651 79.69659191 259.5123618 288.8963047 214.7443991 43.7205631 258.7398903 64.89893774 173.2122578 190.4013818 302.4893822 55.27549134 142.2030891 253.3919963 264.2633031 47.01070414 112.8473183 171.1548365 341.2904545 67.13297153 36.37830257 115.5222298 62.89540512 63.50002642 58.31117508 31.64600115 52.43724882 41.0054265 60.42405401 606.381892 266.6734385 373.0105908 36.93084367 514.2116835 342.5953555 148.7815265 36.2456595 55.31708308 48.70015281 0 356.5031603 279.4260421 33.52221562 45.52688373 0 45.27602843 48.86239424 38.34479192 39.11069848 0 22.30162772 47.76007739 0 39.16463543 0 
411.6620431 276.6650035 259.3565913 544.5636817 718.0136314 322.4360432 306.4407006 70.66358773 260.364541 280.375027 208.4067132 332.1291181 709.9649231 372.1672493 277.8686408 280.0756296 350.5342344 199.5235144 75.44412403 405.3629603 113.3763885 136.2887831 333.2774752 481.5743908 355.4435852 346.0039202 120.9185824 382.6777774 361.3352144 298.379075 275.8287333 191.2463494 283.9509623 174.3474147 718.1496837 270.6677906 484.6808117 327.1991994 399.3251308 747.7818596 303.57552 111.7599957 226.0567175 347.7359127 201.9730116 336.7482073 833.4206409 198.3042987 576.9435962 207.8274229 62.57925109 163.2744653 171.3889062 161.758944 290.1425569 158.9178317 161.3959557 168.3881624 93.42110387 264.2338893 182.1808284 103.575555 437.863623 390.4018049 258.6089348 185.0026703 78.46006151 176.3673699 41.52386439 208.4948574 61.88210307 78.8808489 33.32356042 47.59794778 31.71870526 60.29838282 324.7479059 31.63729927 0 76.20380644 36.05137619 55.50345935 198.5793848 0 32.27000871 38.43800126 49.04980077 0 55.82788569 110.5064748 
252.2820793 330.4746134 522.1655277 415.1729599 132.3842692 553.5602159 720.2104084 332.8405832 215.9301749 363.7865609 231.4299324 607.9981217 300.9979584 328.4693331 394.2300413 348.3728286 1708.045946 477.103405 199.5202702 133.3794534 637.4818797 784.8100082 451.0516438 206.6967522 474.3411808 285.095889 364.3063636 401.1205382 490.8312588 355.9048716 157.1698321 839.0321249 132.1795282 308.6301665 243.545724 168.564087 153.3622346 283.4094053 234.4018633 184.3642112 424.8340787 149.4315111 397.5383827 253.716888 286.7485878 287.1328622 82.79636635 90.89002459 264.0229072 132.4445837 236.34176 203.6107539 427.2581717 296.4647281 87.94452657 339.2673089 204.1390876 251.9556714 41.64450247 304.3530929 221.6808102 210.7127417 44.85496789 183.4775535 102.7308143 70.37888739 433.5226631 236.4009301 51.16784097 117.7863121 157.232449 166.2559488 49.0184179 32.90476439 74.0399698 221.5438907 123.8799167 121.6062098 165.612719 0 74.12768797 65.46861738 37.019375 0 26.70144836 52.26718825 44.24140336 37.42709073 0 0 
343.287932 295.3083297 244.5673545 268.7333871 318.7882349 1182.481142 1118.75522 463.3913948 285.4470322 348.2272959 448.1611471 408.0086797 199.8606247 444.6359399 456.8266417 126.0872201 728.0693746 355.7333762 272.7306963 322.5197222 280.9518763 214.9743964 749.5934557 256.486125 811.5317021 234.7162046 216.3037658 679.4183651 389.6777279 506.4151871 241.1831104 220.9598985 261.6502868 128.9610965 302.9940601 195.8199501 576.3759229 388.842755 362.7286162 568.1437265 346.4092889 170.345845 388.8455765 312.3908135 100.6107058 283.8533357 308.2559279 184.5797627 207.7228744 238.7804174 134.3761828 114.0316855 381.5476108 389.9207852 210.215327 476.6206414 296.8271613 238.9830472 155.883095 245.9524046 53.01983399 350.5198693 305.904443 277.5719943 94.0841532 191.5022222 52.11095299 448.0457455 45.70271582 90.63624848 50.20007859 65.81017413 37.98410893 151.290425 245.6779026 57.97965322 173.741954 38.68383187 278.3335342 23.61185186 43.52185626 34.22998223 79.20958239 59.63713691 37.62953758 216.7715394 43.8062889 54.3005031 43.84378058 24.58511623 
359.8376656 651.2105812 161.380252 249.5928076 366.95427 446.7604818 205.1210334 736.0577355 281.7456586 444.7388893 819.4779338 519.0192051 200.69883 380.7691951 375.1186437 309.8846262 381.43914 277.9572801 1000.020573 345.0853119 190.0800021 484.5431323 344.2483891 270.6302935 357.0871009 298.5478635 399.458568 728.071597 212.7630407 310.7062244 559.5710988 816.2737262 361.4647484 167.4794801 305.1405765 617.8779044 429.3747592 559.7343838 488.3291083 475.892449 563.7521127 324.531516 718.053524 315.2741915 224.0669205 520.9852323 107.6882928 183.6683151 464.7671699 89.13102419 357.2319324 252.8650893 357.9315007 762.4866169 332.1308723 495.8832819 236.4540885 553.8674723 368.8674946 402.4186859 124.2709034 225.9159397 237.554037 347.6736872 278.1574155 269.8383892 70.8731935 649.5428564 142.9896367 246.3915156 153.8447227 146.8915696 71.36692725 82.70601316 137.1804571 75.47033166 308.7079685 118.5646423 65.10525367 261.1355849 27.85824966 98.29494673 296.7632522 233.770783 20.95534183 311.2847327 105.6242771 55.2153328 27.55589371 20.82472949 
113.4594038 272.3271912 325.4669912 281.9447335 476.3257838 229.1636561 644.3704378 368.1202448 2681.510605 187.2129834 606.0253157 136.5537769 379.8979215 335.893273 416.9831894 769.9626091 245.4970852 434.3877947 945.4473418 258.3830603 226.4124865 1044.243103 338.8701375 361.6243952 126.5714658 206.1059386 427.7555383 240.5490034 500.9636825 556.0725973 468.2000955 292.1013983 417.3412925 622.5212644 206.8907166 442.8001742 161.8727305 443.1181327 387.6431441 182.4459226 369.7402752 288.9603382 201.3366324 480.73558 616.0659 146.3872846 273.5016977 55.88984962 242.454935 446.5967605 416.2742494 195.3535806 208.6474689 662.5380372 206.871586 88.93309119 308.112985 284.9606134 449.2103672 299.6911959 394.0821399 340.3143972 181.3600553 77.85457608 167.313082 299.654397 82.11309814 84.07702146 324.4710315 68.86174358 399.0702453 306.1603606 60.50855985 156.4148907 120.7678058 159.310485 303.4981138 96.81800361 51.40594011 56.83664749 47.00131343 82.49507711 144.3486356 355.055723 13.55191142 48.0618667 241.1378638 77.20349384 34.17888444 52.90171375 
101.3333305 196.689036 192.396845 342.2318712 138.8443705 718.6947656 438.77802 418.4789465 254.3256218 372.7353137 443.4988936 795.2129194 478.3527634 439.7304004 843.5716757 248.5907152 325.0825498 321.3823338 4497.109333 360.7257902 316.8261192 814.5411243 259.2673419 393.9957158 235.0051401 574.3867184 263.3970004 351.3880883 708.1973709 259.185373 469.7482949 856.3816094 533.8870791 419.1907219 356.5165017 296.0553694 339.2584465 403.4745874 320.5730333 206.3919591 577.4259936 219.2719727 631.669878 368.4085176 272.6210143 1334.563354 528.7988252 235.4223583 294.3531067 406.3552396 388.9555672 207.7770236 378.4755592 415.0172785 352.4508423 307.1767688 215.2017306 273.9765747 503.8095348 261.8484037 584.8249782 262.9017243 355.9322304 165.333742 228.079815 148.1694649 199.7304859 143.2931289 290.2251077 152.1304766 314.9269322 98.53121578 351.0279875 166.2235391 363.9590692 91.3537824 59.34239834 123.8633935 310.8306646 179.0669983 459.0043292 168.3950728 83.04780946 45.63706787 70.65752835 229.6006936 418.0647147 37.6013733 20.8164409 197.8535022 
439.2351807 675.6058199 143.1776545 144.0981932 1040.732741 374.3199968 539.413348 276.486498 308.7579699 837.2984057 341.5512457 351.9863631 303.0172215 365.1870675 497.7184814 375.3074579 374.9932141 310.223743 254.613278 147.4219625 481.7383441 477.8242715 448.5060323 259.8497882 536.7234956 356.2101917 420.3882398 690.945158 176.4512436 207.3662703 377.438796 217.8085126 270.1726477 119.7639517 375.3067287 307.7607041 767.4199372 236.3766193 280.4491953 317.0541639 372.5441439 373.102342 531.9936357 610.5761391 159.523835 504.8669432 469.6999757 588.1518034 363.5418245 350.5610535 473.3929757 281.029456 329.8895469 432.9233262 135.1240229 283.2658739 477.94238 525.3027637 179.7744507 329.7663534 192.1421572 615.0934354 308.4841028 77.65052386 169.3189889 273.3759375 1170.390059 96.76784726 314.1595287 81.34436567 320.5246385 475.7962839 251.1064838 81.75312015 304.0355223 234.8543188 500.4253384 89.0549969 173.7442567 93.70520636 434.4124939 412.5914631 97.79517643 69.4097903 67.98454611 130.4854172 352.4972264 302.4710605 82.01299531 85.63423222 
732.30148 486.916063 188.9613298 597.178969 884.6691645 183.8572819 83.11999282 857.3790959 424.4736436 607.4622612 400.6701505 234.3419565 684.1473023 217.2520514 190.7454422 686.1052996 750.2072718 335.2142287 263.6880927 876.0539002 578.9449578 304.9461339 1339.63522 255.4993584 1441.765276 176.2890122 250.2082955 288.3795656 527.5291989 204.0586276 457.2450821 273.191823 352.6281577 166.1193857 517.9142461 376.6233652 316.2639443 222.9066356 582.0634205 532.808387 241.9923157 337.6416333 359.1370252 311.0635582 403.6191945 420.138501 233.9692153 321.9774668 353.7411291 408.8489011 677.9868151 379.6580778 463.4595221 333.6788242 427.2570634 454.7780134 224.970804 199.0638838 242.7650253 210.3515249 421.4258504 185.0739022 380.3304745 324.9299592 109.0859039 228.6007513 331.8173995 132.7824497 230.168715 382.5614172 179.3586817 130.0613405 378.4166231 408.0976239 168.9784458 66.84444446 284.9099255 142.5959989 350.0117633 211.3654808 410.4891994 86.53803725 101.3652661 518.7960236 183.0593215 264.5013188 279.8920261 345.522233 295.4066783 136.2727552 
138.1012896 143.9941327 188.6943139 1573.994367 243.8704222 256.3502812 84.89167637 252.5727417 712.9900497 180.4301647 530.2891786 426.569285 420.8149689 91.75197398 402.334647 579.8224598 71.20368428 132.414351 368.1668659 314.1181998 307.2504074 236.4443597 564.7293115 303.8672339 355.9744843 440.059512 266.4620715 511.8803198 1248.661059 274.7874814 361.1123889 350.3907687 274.1335258 612.926819 690.1243029 339.2805521 334.7742374 297.2257132 415.2394998 649.7044267 352.5401177 383.760328 201.5477025 433.8485665 309.4849018 573.4071962 268.4981062 634.3191887 696.4256895 562.2933052 456.5317 378.6340808 440.6529109 373.8803551 1354.786304 139.9941716 840.1213509 611.4546171 786.6251493 279.4872342 645.197485 318.7584983 207.4290869 277.1423821 577.8006935 439.2651292 458.7239731 272.8864334 244.8025437 623.0276978 211.339639 101.6623838 263.186169 241.4680675 284.4107736 306.8092112 715.6158345 236.6141859 102.0922974 94.02209019 149.1115868 150.5710833 275.5575455 175.1827283 69.4238273 82.43820994 110.5288837 239.6181519 364.8185702 297.9705837 
287.3727677 129.1700014 88.69158433 65.91959767 393.7538061 1292.037993 860.2144643 387.1331531 438.0247148 414.095743 558.4955259 455.0738576 229.0336445 149.7343216 260.0844191 439.9715839 369.5793244 106.1674573 352.5497281 279.0332172 309.6533314 416.0891271 609.504016 770.8923659 429.0080132 415.1744759 1470.948327 78.95537694 332.0015913 434.1321953 207.7008853 533.426402 140.1665131 212.4126938 383.0412733 728.3635051 554.8596609 575.0266339 265.765355 195.4537405 395.6747363 294.6509544 287.0386499 1005.413027 379.2576943 533.3774291 377.426691 792.1524658 331.8436012 324.7995799 905.348757 584.9155891 421.1974099 408.2021499 411.8711717 186.9721159 438.5365404 233.9455259 155.9583983 340.3145054 166.0592202 353.6596153 755.8998509 380.3773928 1249.343047 942.7844622 187.5044966 432.6580353 220.7075288 573.6632901 718.8604893 164.3604674 1191.389938 69.63227445 481.426882 460.8934583 87.79494261 158.9672742 170.4415855 252.3596107 156.7189789 65.07464029 92.64303858 120.0800202 228.9260326 196.1166652 209.9152618 213.7916395 105.1658363 85.93746625 
70.05842043 195.6956213 145.0123003 116.4527743 87.6591724 73.09803247 244.60704 258.7595642 92.98042471 97.29673227 272.242854 207.0729202 296.996556 278.9807248 221.9227736 498.0172074 168.8749658 275.2274576 294.9974622 197.2683413 1006.378389 158.4252203 256.9989082 436.3895846 318.0959938 380.8438021 455.0091195 145.7933079 561.2491525 259.5760832 1323.360918 368.5231805 524.6908872 214.2530851 119.8399071 347.5623016 132.8270303 565.2184501 1062.201803 287.8741995 364.9369003 695.7813111 263.0568442 209.5166016 336.9614439 255.0158015 328.1903004 705.4239406 148.518211 618.4416536 652.3174733 303.0265501 280.523828 521.2299845 264.0080898 257.5761084 397.057127 716.6609904 546.372817 164.0318825 2185.411549 585.4069339 425.3327772 242.2406067 307.079707 1342.707357 388.9116922 431.1495447 131.8676207 242.5802747 163.8122847 883.8166594 97.57325985 370.412756 600.6545009 164.9796825 338.6343275 93.9831498 2659.919594 167.4628924 284.8138001 316.1559054 291.6700411 961.8447184 552.118549 276.578643 861.4575689 165.791962 205.5698037 211.804299 
# Events [psd_monitor1/analyser1_psd.dat] N:
0 0 0 1 0 1 2 1 2 0 1 0 1 0 0 0 0 0 0 0 1 0 0 0 1 0 1 1 0 0 1 0 0 1 0 0 0 1 2 1 0 1 0 0 0 1 0 2 0 1 0 0 0 1 0 1 0 3 0 0 1 0 0 0 0 0 2 0 2 1 0 0 1 0 0 1 0 3 0 0 0 0 1 1 1 1 0 0 0 0 
0 2 0 1 0 0 0 1 1 0 1 2 1 0 1 0 0 0 1 2 0 1 2 0 0 0 0 0 0 0 1 3 2 0 1 0 0 1 0 1 0 1 0 0 0 0 0 2 1 0 1 2 0 1 0 0 0 1 2 0 0 2 0 2 0 0 0 0 0 1 0 2 0 0 0 0 0 0 0 0 1 1 0 0 1 0 0 0 0 1 
2 0 0 0 1 0 1 0 1 0 1 1 0 0 1 1 1 1 0 0 0 0 0 0 1 0 0 1 0 1 0 0 1 1 2 0 1 0 0 0 0 0 0 0 1 1 2 0 2 0 0 0 0 1 1 0 0 0 0 1 0 0 1 0 0 0 2 0 0 0 1 0 0 0 0 0 1 0 0 0 0 1 1 0 0 0 0 0 0 0 
0 1 0 0 0 0 0 2 0 1 0 0 0 1 0 0 1 1 0 1 0 2 0 0 0 0 0 0 0 0 1 0 1 0 1 0 1 0 1 0 0 1 0 0 1 1 0 0 0 1 1 0 0 0 0 0 0 0 1 2 1 0 0 0 0 1 0 2 2 1 0 0 0 1 0 1 0 2 2 1 1 0 0 0 1 0 0 0 0 0 
0 1 1 0 0 1 0 0 0 0 0 0 0 1 0 0 0 1 0 0 1 1 1 0 1 1 0 0 1 0 0 0 0 0 0 1 0 0 0 0 1 0 1 0 1 0 0 1 0 0 1 1 0 0 0 0 2 1 0 0 0 0 0 0 0 0 0 0 0 0 0 0 2 0 0 1 0 0 0 1 0 0 0 2 0 0 3 1 0 2 
0 0 0 0 1 1 0 1 0 1 0 2 0 0 0 0 0 0 0 0 0 1 2 0 1 0 0 0 1 2 1 0 0 0 0 0 0 2 0 0 1 1 0 0 0 1 1 0 1 2 0 1 2 0 0 0 0 0 1 0 0 0 0 0 1 0 0 0 0 3 0 0 0 0 1 0 2 0 1 1 1 1 0 0 0 0 1 0 0 0 
0 0 0 0 0 0 0 0 0 0 0 1 0 0 1 0 0 0 0 0 0 0 0 1 0 0 0 0 0 0 1 0 1 0 0 0 0 0 0 1 1 0 3 1 0 0 1 1 0 0 0 0 0 1 0 0 0 1 0 0 1 0 1 0 0 0 1 0 2 0 1 1 0 0 0 1 0 1 0 0 0 1 1 1 0 0 2 0 1 1 
2 0 1 2 1 0 0 0 1 0 0 0 0 0 2 1 1 0 0 0 1 1 0 0 0 1 1 1 0 0 0 0 1 2 0 1 0 0 0 0 0 0 1 0 0 0 0 0 0 0 0 0 0 1 0 0 0 1 1 0 0 0 0 1 0 1 0 0 0 1 1 2 0 0 1 0 0 1 0 0 0 1 0 0 0 0 1 0 0 1 
1 0 0 1 0 0 1 0 0 0 0 2 0 1 0 1 0 1 0 0 2 2 0 1 1 0 0 0 1 0 1 0 0 0 0 2 2 0 1 0 0 1 1 0 0 0 0 0 0 1 1 0 0 2 0 1 0 0 0 0 1 2 0 0 0 0 0 0 0 1 0 0 0 0 1 0 0 1 0 0 0 0 0 0 0 1 0 0 0 0 
0 0 0 0 0 0 0 0 0 0 0 1 0 2 0 0 1 0 0 0 2 0 1 0 0 0 1 0 1 0 1 1 1 0 0 0 0 0 0 0 1 0 0 0 0 0 2 0 0 1 0 0 0 0 1 0 0 0 0 0 0 0 0 1 1 0 0 1 0 0 1 0 2 0 0 1 0 1 0 0 1 0 0 1 0 2 1 1 0 0 
1 1 0 1 0 0 0 0 0 0 0 0 0 0 0 0 0 0 2 0 0 1 2 0 0 0 0 0 1 0 0 1 0 0 0 0 1 0 2 0 0 0 0 0 0 0 0 1 1 0 0 0 0 1 0 0 2 0 0 0 0 0 1 0 0 0 0 0 0 0 0 0 1 0 1 1 2 0 2 0 0 0 1 0 0 0 1 0 0 2 
0 0 0 0 0 0 0 0 0 0 1 0 1 0 0 0 0 0 1 1 0 0 1 0 0 0 0 0 0 0 1 0 0 1 0 1 0 2 0 0 1 1 0 0 0 0 2 0 0 0 0 0 0 0 1 1 0 1 0 2 0 1 0 0 0 0 1 0 0 0 0 0 1 0 0 0 0 0 0 0 0 0 1 0 0 0 0 0 1 0 
0 2 0 0 1 0 1 0 1 1 0 3 0 0 1 0 0 0 1 0 1 1 0 1 0 1 0 0 0 0 0 0 1 0 0 0 0 0 2 0 0 0 0 0 0 0 0 0 0 1 1 1 1 0 0 0 0 0 1 0 0 0 0 0 1 0 0 0 0 1 0 0 0 0 0 1 0 1 1 0 0 0 0 0 0 0 1 0 0 1 
0 0 0 0 0 0 0 1 0 0 1 0 0 0 0 2 0 0 0 0 0 0 0 0 1 1 0 0 0 0 0 0 0 2 0 0 0 0 1 0 0 0 0 0 0 1 1 0 0 1 0 0 0 1 0 0 1 0 1 0 0 0 0 0 0 1 0 0 0 1 0 1 0 0 0 0 0 0 1 0 0 0 1 0 1 0 0 0 0 0 
0 0 0 0 0 0 0 0 0 0 0 0 0 0 1 0 0 0 0 0 0 0 0 0 0 0 0 0 0 1 0 0 1 0 1 2 0 0 0 0 0 0 0 0 0 0 2 1 1 0 0 0 0 0 1 0 0 1 0 2 0 1 0 0 0 1 0 0 0 0 1 0 0 1 0 0 0 0 1 0 0 0 0 0 0 0 1 1 0 0 
0 0 0 0 1 0 0 0 1 0 0 0 0 0 0 0 0 0 0 0 0 0 0 0 1 0 0 0 1 0 0 1 0 1 0 0 0 1 0 0 0 0 0 1 0 0 1 0 0 0 0 1 1 1 1 0 0 0 0 0 0 0 0 0 0 0 0 0 0 0 1 0 0 1 0 0 1 0 0 1 1 0 1 0 0 0 0 0 0 0 
0 0 0 0 0 0 0 0 0 1 0 0 1 0 0 0 0 0 0 0 0 0 1 1 0 0 0 0 1 2 0 0 0 1 0 0 0 0 1 0 0 0 1 0 0 0 1 1 0 0 0 0 0 2 1 0 0 0 1 0 0 0 1 0 0 0 0 0 0 0 0 0 0 0 0 0 0 0 0 0 0 0 1 0 0 0 0 1 0 0 
0 0 1 0 0 0 0 0 1 0 0 0 1 1 0 0 0 0 0 0 1 0 0 0 0 0 0 0 0 1 0 1 0 0 1 0 0 0 0 0 0 0 0 0 0 0 0 0 0 0 0 1 0 0 0 0 1 1 0 1 1 0 0 0 1 1 0 0 0 0 0 1 0 0 0 0 0 0 0 0 0 0 0 0 0 0 0 0 0 0 
0 0 0 0 0 0 0 0 0 0 0 0 0 0 0 0 0 0 1 0 0 2 1 0 0 0 0 1 0 0 1 0 0 0 0 0 0 2 1 0 1 0 0 1 0 0 0 0 0 0 1 0 1 1 0 1 0 0 0 0 0 0 0 1 0 0 0 0 0 0 0 0 0 0 0 0 0 1 0 0 0 1 0 0 0 0 0 0 0 0 
0 0 0 0 0 0 0 0 1 1 0 0 0 0 0 0 0 0 0 0 0 0 0 1 0 0 0 0 0 0 0 0 0 0 0 0 1 0 0 0 0 0 0 0 0 0 0 0 1 0 0 0 0 0 0 0 1 0 0 0 0 0 0 0 1 0 0 0 0 1 0 0 0 0 0 1 0 0 1 0 1 0 0 0 0 0 1 0 0 1 
0 0 0 0 0 0 0 0 0 0 0 0 0 0 0 0 0 0 0 1 0 1 1 2 0 0 0 0 0 0 0 0 0 0 0 0 1 0 0 0 1 1 0 0 0 0 0 0 0 1 1 0 1 0 1 1 0 0 0 0 0 0 0 0 0 0 0 1 0 0 0 0 0 2 0 0 0 0 0 0 0 0 0 0 0 0 0 1 0 0 
0 0 0 0 0 0 0 0 0 0 0 1 0 0 0 0 0 1 0 0 0 0 0 0 0 0 0 0 0 0 0 0 0 0 0 0 0 0 0 0 0 0 0 0 0 0 0 0 0 0 1 0 0 0 1 0 1 0 0 0 0 1 0 0 0 1 0 0 0 0 0 1 2 1 0 0 0 1 0 0 0 0 0 0 1 0 0 0 0 0 
0 1 0 0 1 0 0 0 0 0 0 0 0 0 0 0 0 0 0 0 0 1 0 0 0 0 0 1 0 0 0 0 0 0 0 0 1 0 0 0 0 0 0 0 0 0 1 0 0 0 0 1 1 0 0 1 0 0 0 0 0 0 0 0 0 0 0 0 0 0 0 0 0 0 0 0 0 2 0 1 0 0 0 0 0 0 0 0 0 0 
0 0 0 0 0 0 0 0 0 0 0 1 0 0 0 0 1 0 0 0 0 0 0 0 0 0 0 0 0 0 0 0 0 0 0 1 1 0 0 0 0 0 0 0 0 1 0 1 0 0 0 0 0 0 0 0 0 0 0 0 0 0 0 0 0 0 0 1 1 0 0 0 0 0 0 0 1 1 0 0 0 0 0 0 1 0 0 0 0 0 
0 0 0 0 0 0 0 0 0 0 0 0 0 0 0 0 1 0 0 0 0 0 0 0 0 0 0 0 0 0 0 0 0 0 0 0 0 0 0 1 0 0 0 0 0 0 0 0 0 0 0 0 0 0 0 0 1 0 1 0 0 0 1 1 0 0 2 0 1 0 2 0 0 1 0 0 0 1 0 0 0 0 0 0 0 0 0 0 0 0 
0 0 0 0 0 0 0 0 0 0 0 0 0 0 0 1 0 1 0 1 0 0 0 0 0 0 0 0 0 0 0 0 0 0 1 0 0 0 0 0 0 0 1 0 0 0 0 2 0 0 0 0 0 0 0 0 0 0 0 0 0 0 0 0 0 0 1 0 0 0 0 0 0 0 0 0 1 0 0 0 0 0 1 0 0 0 0 0 0 0 
0 0 0 0 0 0 0 0 0 0 0 0 0 0 0 0 0 0 0 0 0 0 0 0 0 0 0 0 0 0 0 0 0 0 0 0 0 0 1 0 0 0 0 0 0 0 0 0 0 1 0 0 0 1 0 0 0 0 1 1 0 0 0 0 0 0 0 1 0 0 0 0 0 0 0 0 0 0 0 0 0 0 0 0 0 0 0 0 0 0 
0 0 0 0 0 0 0 0 1 0 0 0 0 0 0 1 0 0 0 0 0 0 0 0 0 0 0 0 0 0 0 0 0 0 0 0 0 0 0 0 0 0 0 0 0 0 0 0 0 0 0 0 0 0 0 0 1 0 0 0 0 0 0 0 0 0 1 0 0 1 0 0 0 0 0 0 0 0 0 0 0 0 0 0 0 1 0 0 0 0 
0 0 0 0 0 0 0 0 0 0 0 0 0 0 0 0 0 0 0 0 0 0 2 0 0 0 0 0 0 0 0 0 0 0 0 1 1 0 0 0 0 0 1 0 0 0 1 0 0 0 0 0 0 0 0 0 0 1 0 0 0 0 0 0 0 0 0 0 0 0 0 0 0 0 0 1 0 0 0 0 0 0 0 0 0 1 0 0 0 0 
0 0 0 0 0 0 0 0 0 0 0 0 0 0 0 0 1 0 0 0 0 0 0 0 0 0 0 0 0 0 0 0 0 0 1 0 0 0 0 0 0 0 0 0 0 0 0 0 0 0 0 0 0 0 0 0 0 0 0 0 0 0 0 0 0 0 0 0 0 0 0 0 0 0 0 0 0 0 0 0 0 0 0 0 0 0 0 0 0 0 
0 0 0 0 0 0 0 0 0 0 0 0 0 0 0 0 1 0 0 0 0 0 0 0 0 0 0 0 0 0 0 0 0 0 0 0 0 0 0 0 1 0 0 0 0 0 0 0 0 0 0 0 0 0 0 0 0 0 0 0 0 0 0 0 0 1 0 0 0 0 0 0 0 0 0 0 0 0 0 0 1 0 0 0 0 1 1 0 0 1 
0 0 0 0 0 0 0 0 0 0 0 0 0 0 0 0 0 0 0 0 0 0 0 0 0 0 0 0 0 0 0 0 0 0 0 0 0 0 0 0 0 0 0 0 0 0 0 0 0 1 0 0 0 0 0 0 0 0 1 0 0 0 0 0 0 0 0 0 0 0 0 0 0 0 0 0 0 0 1 0 1 0 0 0 0 0 0 0 0 0 
0 0 0 0 0 0 0 0 0 0 0 0 0 0 0 0 0 0 0 0 0 0 0 0 0 0 0 0 0 0 0 0 0 0 0 0 0 1 0 0 0 0 0 0 0 0 0 0 0 0 0 0 0 0 0 0 0 0 0 0 0 0 0 0 0 0 0 0 0 0 0 0 0 0 0 0 0 0 0 0 0 0 0 0 0 0 0 0 0 1 
0 0 0 0 0 0 0 1 0 0 0 0 0 0 0 0 0 0 0 0 0 0 0 0 0 0 0 0 0 0 0 0 0 0 0 0 0 0 0 0 0 2 0 0 1 0 0 0 0 0 0 0 0 0 0 0 0 0 0 0 0 0 0 0 0 0 0 0 1 0 0 0 0 0 0 0 0 0 1 0 0 0 0 0 0 0 1 0 0 0 
0 0 0 0 0 0 0 0 0 0 0 0 0 0 0 0 0 0 0 0 0 0 0 0 0 0 0 0 0 0 0 0 0 0 0 0 0 0 0 0 0 0 0 0 0 0 0 0 0 0 0 0 0 1 0 0 0 0 0 0 0 0 0 0 0 0 0 0 0 0 0 0 0 0 0 0 0 0 0 0 0 0 0 0 0 0 0 0 0 0 
0 0 0 1 0 0 0 0 0 0 0 0 0 0 0 0 0 0 0 0 0 0 0 0 0 0 0 0 0 0 0 0 0 0 0 0 0 0 0 0 0 0 0 0 0 0 0 0 0 0 0 0 0 0 0 0 0 0 0 0 1 0 0 0 0 0 0 0 1 0 0 0 0 0 0 0 0 0 0 0 0 1 0 0 0 0 0 0 0 0 
0 0 0 0 0 0 0 0 0 0 0 0 0 0 0 0 0 0 0 0 0 0 0 0 0 0 0 0 0 0 0 0 0 0 0 0 0 0 0 0 0 0 0 0 0 0 0 0 0 0 0 0 1 0 0 0 0 0 0 0 0 0 0 0 0 0 0 0 0 0 0 0 0 0 0 0 0 0 0 0 0 0 0 0 0 0 0 0 0 0 
0 0 0 0 0 0 0 0 0 0 0 0 0 0 0 0 0 0 0 0 0 0 0 0 0 0 0 0 0 0 0 0 0 0 0 0 0 0 0 0 0 0 0 0 0 0 0 0 0 0 0 0 0 0 0 0 0 0 0 0 0 0 0 0 0 0 0 0 0 0 0 0 0 0 0 0 0 0 0 0 0 0 0 0 0 0 0 0 0 0 
0 0 0 0 0 0 0 0 0 0 0 0 0 0 0 0 0 0 0 0 0 0 0 0 0 0 0 0 0 0 0 0 0 0 0 1 0 0 0 0 0 0 0 0 0 0 0 0 0 0 0 0 0 0 0 0 0 0 0 0 0 0 0 0 0 0 0 0 0 0 0 0 0 0 0 0 0 0 0 0 0 0 0 0 0 0 0 0 0 0 
0 0 0 0 0 0 0 0 0 0 0 0 0 0 0 0 0 0 0 0 0 0 0 0 0 0 0 0 0 0 0 0 0 0 0 0 0 0 0 0 0 0 0 0 0 0 0 0 0 0 0 0 0 0 0 0 0 0 0 0 0 0 0 0 0 0 0 0 0 0 0 0 0 0 0 0 0 0 0 0 0 0 0 0 0 0 0 0 0 0 
0 0 0 0 0 0 0 0 0 0 0 0 0 0 0 0 0 0 0 0 0 0 0 0 0 0 0 0 0 0 0 0 0 0 0 0 0 0 0 0 0 0 0 0 0 0 0 0 0 0 0 0 0 0 0 0 0 0 0 0 0 0 0 0 0 0 0 0 0 0 0 0 0 0 0 0 0 0 0 0 0 0 0 0 0 0 0 0 0 0 
0 0 0 0 0 0 0 0 0 0 0 0 0 0 0 0 0 0 0 0 0 0 0 0 0 0 0 0 0 0 0 0 0 0 0 0 0 0 0 0 0 0 0 0 0 0 0 0 0 0 0 0 0 0 0 0 0 0 0 0 0 1 0 0 0 0 0 0 0 0 0 0 0 0 0 0 0 0 0 0 0 0 0 0 0 0 0 0 0 0 
0 0 0 0 0 0 0 0 0 0 0 0 0 0 0 0 0 0 0 0 0 0 0 0 0 0 0 0 0 0 0 0 0 0 0 0 0 0 0 0 0 0 0 0 0 0 0 0 0 0 0 0 0 0 0 0 0 0 0 0 0 0 0 0 0 0 0 0 0 0 0 0 0 0 0 0 0 0 0 0 0 0 0 0 0 0 0 0 0 0 
0 0 0 0 0 0 0 0 0 0 0 0 0 0 0 0 0 0 0 0 0 0 0 0 0 0 0 0 0 0 0 0 0 0 0 0 0 0 0 0 0 0 0 0 0 0 0 0 0 0 0 0 0 0 0 0 0 0 0 0 0 0 0 0 0 0 0 0 0 0 0 0 0 0 0 0 0 0 0 0 0 0 0 0 0 0 0 0 0 0 
0 0 0 0 0 0 0 0 0 0 0 0 0 0 0 0 0 0 0 0 0 0 0 0 0 0 0 0 0 0 0 0 0 0 0 0 0 0 0 0 0 0 0 0 0 0 0 0 0 0 0 0 0 0 0 0 0 0 0 0 0 0 0 0 0 0 0 0 0 0 0 0 0 0 0 0 0 0 0 0 0 0 0 0 0 0 0 0 0 0 
0 0 0 0 0 0 0 0 0 0 0 0 0 0 0 0 0 0 0 0 0 0 0 0 0 0 0 0 0 0 0 0 0 0 0 0 0 0 0 0 0 0 0 0 0 0 0 0 0 0 0 0 0 0 0 0 0 0 0 0 0 0 0 0 0 0 0 0 0 0 0 0 0 0 0 0 0 0 0 0 0 0 0 0 0 0 0 0 0 0 
0 0 0 0 0 0 0 0 0 0 0 0 0 0 0 0 0 0 0 0 0 0 0 0 0 0 0 0 0 0 0 0 0 0 0 0 0 0 0 0 0 0 0 0 0 0 0 0 0 0 0 0 0 0 0 0 0 0 0 0 0 0 0 0 0 0 0 0 0 0 0 0 0 0 0 0 0 0 0 0 0 0 0 0 0 0 0 0 0 0 
0 0 0 0 0 0 0 0 0 0 0 0 0 0 0 0 0 0 0 0 0 0 0 0 0 0 0 0 0 0 0 0 0 0 0 0 0 0 0 0 0 0 0 0 0 0 0 0 0 0 0 0 0 0 0 0 0 0 0 0 0 0 0 0 0 0 0 0 0 0 0 0 0 0 0 0 0 0 0 0 0 0 0 0 0 0 0 0 0 0 
0 0 0 0 0 0 0 0 0 0 0 0 0 0 0 0 0 0 0 0 0 0 0 0 0 0 0 0 0 0 0 0 0 0 0 0 0 0 0 0 0 0 0 0 0 0 0 0 0 0 0 0 0 0 0 0 0 0 0 0 0 0 0 0 0 0 0 0 0 0 0 0 0 0 0 0 0 0 0 0 0 0 0 0 0 0 0 0 0 0 
0 0 0 0 0 0 0 0 0 0 0 0 0 0 0 0 0 0 0 0 0 0 0 0 0 0 0 0 0 0 0 0 0 0 0 0 0 0 0 0 0 0 0 0 0 0 0 0 0 0 0 0 0 0 0 0 0 0 0 0 0 0 0 0 0 0 0 0 0 0 0 0 0 0 0 0 0 0 0 0 0 0 0 0 0 0 0 0 0 0 
0 0 0 0 0 0 0 0 0 0 0 0 0 0 0 0 0 0 0 0 0 0 0 0 0 0 0 0 0 0 0 0 0 0 0 0 0 0 0 0 0 0 0 0 0 0 0 0 0 0 0 0 0 0 0 0 0 0 0 0 0 0 0 0 0 0 0 0 0 0 0 0 0 0 0 0 0 0 0 0 0 0 0 0 0 0 0 0 0 0 
0 0 0 0 0 0 0 0 0 0 0 0 0 0 0 0 0 0 0 0 0 0 0 0 0 0 0 0 0 0 0 0 0 0 0 0 0 0 0 0 0 0 0 0 0 0 0 0 0 0 0 0 0 0 0 0 0 0 0 0 0 0 0 0 0 0 0 0 0 0 0 0 0 0 0 0 0 0 0 0 0 0 0 0 0 0 0 0 0 0 
0 0 0 0 0 0 0 0 0 0 0 0 0 0 0 0 0 0 0 0 0 0 0 0 0 0 0 0 0 0 0 0 0 0 0 0 0 0 0 0 0 0 0 0 0 0 0 0 0 0 0 0 0 0 0 0 0 0 0 0 0 0 0 0 0 0 0 0 0 0 0 0 0 0 0 0 0 0 0 0 0 0 0 0 0 0 0 0 0 0 
0 0 0 0 0 0 0 0 0 0 0 0 0 0 0 0 0 0 0 0 0 0 0 0 0 0 0 0 0 0 0 0 0 0 0 0 0 0 0 0 0 0 0 0 0 0 0 0 0 0 0 0 0 0 0 0 0 0 0 0 0 0 0 0 0 0 0 0 0 0 0 0 0 0 0 0 0 0 0 0 0 0 0 0 0 0 0 0 0 0 
0 0 0 0 0 0 0 0 0 0 0 0 0 0 0 0 0 0 0 0 0 0 0 0 0 0 0 0 0 0 0 0 0 0 0 0 0 0 0 0 0 0 0 0 0 0 0 0 0 0 0 0 0 0 0 0 0 0 0 0 0 0 0 0 0 0 0 0 0 0 0 0 0 0 0 0 0 0 0 0 0 0 0 0 0 0 0 0 0 0 
0 0 0 0 0 0 0 0 0 0 0 0 0 0 0 0 0 0 0 0 0 0 0 0 0 0 0 0 0 0 0 0 0 0 0 0 0 0 0 0 0 0 0 0 0 0 0 0 0 0 0 0 0 0 0 0 0 0 0 0 0 0 0 0 0 0 0 0 0 0 0 0 0 0 0 0 0 0 0 0 0 0 0 0 0 0 0 0 0 0 
0 0 0 0 0 0 0 0 0 0 0 0 0 0 0 0 0 0 0 0 0 0 0 0 0 0 0 0 0 0 0 0 0 0 0 0 0 0 0 0 0 0 0 0 0 0 0 0 0 0 0 0 0 0 0 0 0 0 0 0 0 0 0 0 0 0 0 0 0 0 0 0 0 0 0 0 0 0 0 0 0 0 0 0 0 0 0 0 0 0 
0 0 0 0 0 0 0 0 0 0 0 0 0 0 0 0 0 0 0 0 0 0 0 0 0 0 0 0 0 0 0 0 0 0 0 0 0 0 0 0 0 0 0 0 0 0 0 0 0 0 0 0 0 0 0 0 0 0 0 0 0 0 0 0 0 0 0 0 0 0 0 0 0 0 0 0 0 0 0 0 0 0 0 0 0 0 0 0 0 0 
0 0 0 0 0 0 0 0 0 0 1 0 0 0 0 0 0 0 0 0 0 0 0 0 0 0 0 0 0 0 0 0 0 0 0 0 0 0 0 0 0 0 0 0 0 0 0 0 0 0 0 0 0 0 0 0 0 0 0 0 0 0 0 0 0 0 0 0 0 0 0 0 0 0 0 0 0 0 0 0 0 0 0 0 0 0 0 0 0 0 
2 0 0 0 0 0 0 0 0 0 0 0 0 0 0 0 0 0 0 0 0 0 0 0 0 0 0 0 0 0 0 0 0 0 0 0 0 0 0 0 0 0 0 0 0 0 0 0 0 0 0 0 0 0 0 0 0 0 0 0 0 0 0 0 0 0 0 0 0 0 0 0 0 0 0 0 0 0 0 0 0 0 0 0 0 0 0 0 0 0 
1 0 0 0 0 0 0 0 0 0 0 1 0 0 0 0 0 0 0 0 0 0 0 0 0 0 0 0 0 0 0 0 0 0 0 0 0 0 0 0 0 0 0 0 0 0 0 0 0 0 0 0 0 0 0 0 0 0 0 0 0 0 0 0 0 0 0 0 0 0 0 0 0 0 0 0 0 0 0 0 0 0 0 0 0 0 0 0 0 0 
0 0 0 0 0 0 0 0 0 0 0 0 0 0 0 0 0 0 0 0 0 0 0 0 0 0 0 0 0 0 0 0 0 0 0 0 0 0 0 0 0 0 0 0 0 0 0 0 0 0 0 0 0 0 0 0 0 0 0 0 0 0 0 0 0 0 0 0 0 0 0 0 0 0 0 0 0 0 0 0 0 0 0 0 0 0 0 0 0 0 
1 0 0 0 0 1 0 0 0 0 0 0 0 0 0 0 0 0 0 0 0 0 0 0 0 0 0 0 0 0 0 1 0 0 0 0 0 0 0 0 0 0 0 0 0 0 0 0 0 0 0 0 0 0 0 0 0 0 0 0 0 0 0 0 0 0 0 0 0 0 0 0 0 0 0 0 0 0 0 0 0 0 0 0 0 0 0 0 0 0 
0 1 0 0 1 0 1 1 0 0 0 0 0 0 0 1 0 0 0 0 0 0 0 0 0 0 0 0 0 0 0 0 0 0 0 0 0 0 0 0 0 0 0 0 0 0 0 0 0 0 0 0 0 0 0 0 0 0 0 0 0 0 0 0 0 0 0 0 0 0 0 0 0 0 0 0 0 0 0 0 0 0 0 0 0 0 0 0 0 0 
1 1 0 0 0 0 0 0 0 0 0 0 2 0 0 0 0 0 0 0 0 0 0 1 0 0 0 1 0 0 0 0 0 0 0 1 0 1 0 0 0 0 0 0 0 0 0 0 0 0 0 0 0 0 0 0 0 0 0 0 0 0 0 0 0 0 0 0 0 0 0 0 0 0 0 0 0 0 0 0 0 0 0 0 0 0 0 0 0 0 
2 2 0 1 2 0 1 0 1 1 1 0 0 1 1 0 0 1 0 1 0 1 0 0 0 0 0 1 0 0 1 0 0 0 0 0 0 0 0 0 0 1 0 0 0 0 0 0 0 0 0 0 0 0 0 0 0 0 1 0 0 0 0 0 0 0 0 0 0 0 0 0 0 0 0 0 0 0 0 0 0 0 0 0 0 0 0 0 0 0 
0 3 0 0 1 0 2 2 1 0 0 0 1 0 0 1 0 1 0 2 1 0 0 1 1 0 0 1 0 0 0 0 0 2 0 0 1 0 0 0 0 0 0 0 0 0 0 0 0 0 0 0 0 0 0 0 0 0 0 0 0 0 0 0 0 0 0 0 0 0 0 0 0 0 0 0 0 0 0 0 0 0 0 0 0 0 0 0 0 0 
1 2 0 1 1 0 0 2 0 0 1 0 0 2 3 1 0 2 2 0 0 0 1 0 0 1 0 0 0 0 1 0 0 1 1 0 0 0 0 1 1 0 0 0 0 0 1 0 0 0 0 0 0 0 0 0 0 0 0 0 0 0 0 0 0 0 0 1 0 0 0 0 0 0 0 0 0 0 0 0 0 0 0 0 0 0 0 0 0 0 
0 2 3 3 4 2 2 1 0 1 1 2 1 0 0 0 0 1 1 2 1 3 0 0 1 1 1 2 1 0 1 1 2 1 0 0 1 0 1 0 0 2 0 0 0 0 0 0 1 2 0 0 0 0 0 0 0 0 0 0 0 0 0 0 0 0 0 0 0 0 0 0 0 0 0 0 0 0 0 0 0 0 0 0 0 0 0 0 0 0 
2 2 4 5 3 4 1 1 2 1 4 3 2 1 2 3 2 1 1 0 1 0 4 1 0 0 0 1 2 0 0 2 0 0 1 0 0 0 1 0 0 2 0 0 0 0 1 0 0 0 2 0 0 0 0 0 0 0 0 0 0 0 0 0 0 0 0 0 0 0 0 0 0 0 0 0 0 0 0 0 0 0 0 0 0 0 0 0 0 0 
3 5 5 3 3 6 2 1 1 0 1 1 3 5 0 4 2 2 2 1 3 1 0 2 1 0 0 2 2 1 2 1 0 0 0 1 1 0 0 0 2 0 0 0 0 2 0 0 3 0 0 0 0 0 0 0 0 0 0 0 0 0 0 0 0 0 0 0 0 0 0 0 0 0 0 0 0 0 0 0 0 0 0 0 0 0 0 0 0 0 
4 6 3 2 5 5 2 3 5 4 3 4 4 3 2 6 3 2 5 1 1 3 3 2 1 2 5 3 1 0 3 0 1 1 1 0 0 2 0 1 1 1 1 1 1 0 0 1 0 0 0 1 1 0 0 0 0 0 0 0 0 0 0 0 0 0 0 0 1 0 0 0 0 0 0 0 0 0 0 0 0 0 0 0 0 0 0 0 0 0 
5 9 8 5 7 5 4 7 6 4 7 6 5 3 4 3 1 3 4 2 1 2 3 1 5 3 0 3 0 1 4 5 2 1 2 0 1 0 1 2 2 4 1 1 0 0 0 0 1 0 1 0 0 1 1 0 1 2 1 0 0 0 0 0 0 0 0 0 0 0 0 1 0 0 0 0 1 0 0 0 1 0 0 0 0 0 0 0 0 0 
3 4 8 6 5 6 4 10 9 4 2 2 2 10 7 9 6 7 8 5 3 2 4 3 7 5 5 6 2 0 4 2 5 2 1 2 4 0 2 2 3 3 3 0 2 0 0 1 2 2 1 0 1 0 0 0 0 3 2 1 1 1 1 2 0 0 2 0 0 0 1 0 1 0 0 0 1 1 0 0 0 0 0 0 0 0 0 0 0 0 
13 12 5 10 3 8 3 7 8 12 6 7 5 6 4 11 7 8 5 3 5 6 9 3 5 4 2 0 9 3 3 6 2 6 6 5 2 5 5 4 1 3 4 0 1 2 6 1 0 4 2 3 1 1 4 1 0 1 1 1 4 0 1 2 0 1 1 0 0 2 1 1 0 0 0 0 1 0 2 0 0 0 0 0 1 0 0 0 0 0 
13 9 10 9 8 10 13 11 5 5 7 4 8 12 11 7 7 7 7 8 8 4 11 12 5 8 7 8 5 7 2 1 4 5 3 10 4 6 3 4 3 6 3 2 3 4 3 1 2 2 2 0 1 2 2 1 2 3 2 0 0 1 0 2 1 0 2 0 1 0 2 2 0 0 0 0 1 0 0 1 0 1 0 0 0 0 0 0 0 0 
12 9 10 11 9 12 2 8 15 9 9 6 9 9 7 9 6 14 9 8 5 4 14 6 14 7 9 9 5 8 9 4 6 6 9 7 6 4 4 3 5 4 5 9 2 3 1 4 2 3 3 4 2 5 4 1 2 0 1 1 2 1 1 0 1 0 0 2 1 2 0 1 0 3 0 1 1 2 0 1 0 1 1 1 0 2 1 0 0 0 
14 9 12 9 10 20 16 4 18 12 6 17 10 17 10 8 9 8 10 13 8 12 18 9 11 5 9 9 9 7 12 5 7 8 8 9 5 4 4 3 8 8 10 8 5 5 3 0 7 6 3 4 3 1 1 0 2 3 4 3 0 2 0 0 1 1 3 1 4 1 0 0 2 2 2 1 1 2 1 0 1 1 1 0 1 1 2 0 1 1 
16 17 14 8 10 12 17 17 11 9 12 13 13 12 16 17 10 9 16 9 7 17 15 15 12 11 11 11 9 9 16 6 5 6 17 12 7 10 11 8 2 8 4 6 15 6 5 8 5 5 3 4 9 7 6 3 5 4 3 3 1 3 3 2 6 3 4 3 2 4 5 2 2 2 0 2 5 1 1 0 2 3 1 1 0 1 1 0 1 0 
12 14 12 20 20 12 11 8 15 12 16 18 19 20 16 13 14 17 7 12 7 9 10 18 10 8 7 15 12 11 10 16 11 9 19 7 12 11 7 7 7 9 8 13 6 12 12 6 9 7 7 5 2 3 6 5 4 5 6 9 5 3 5 6 4 3 6 1 2 2 2 5 2 3 1 2 3 3 0 4 2 2 4 0 1 2 1 0 2 3 
15 15 17 19 16 9 27 17 13 16 7 10 11 23 19 18 11 13 12 13 19 18 15 16 17 14 14 11 7 15 17 12 4 12 13 7 8 17 9 13 9 8 14 10 10 16 8 10 12 13 7 10 8 13 8 11 10 8 2 12 6 9 3 8 8 6 6 3 3 3 8 6 3 2 4 4 6 5 4 0 3 6 1 0 1 2 1 1 0 0 
18 18 16 18 15 20 19 23 10 25 30 23 10 26 21 8 11 21 17 13 19 12 19 15 21 13 13 18 19 14 14 9 15 9 16 7 6 18 19 7 15 12 15 11 12 15 15 5 7 11 8 10 15 15 10 6 12 3 4 7 2 11 6 11 8 7 3 5 3 7 3 5 3 6 4 4 4 1 4 1 2 1 3 4 1 3 2 1 2 1 
15 11 11 11 14 20 11 19 16 19 20 21 15 22 14 21 24 11 20 8 14 28 20 17 14 14 23 19 16 22 22 12 13 15 20 25 23 18 22 23 11 17 15 13 11 13 10 11 15 10 18 8 9 16 7 10 7 12 10 12 6 10 5 12 10 8 5 3 4 7 10 7 6 7 5 6 5 3 6 5 1 3 8 2 2 2 3 5 2 2 
9 14 20 16 22 21 17 21 18 13 17 19 22 16 17 29 17 14 28 23 18 24 20 18 17 18 15 19 22 18 11 20 14 12 14 19 16 13 14 12 16 15 19 26 15 8 17 7 11 15 14 26 8 20 10 13 15 13 12 8 13 17 16 11 5 8 7 9 7 7 12 9 6 3 3 5 5 3 3 3 2 5 3 9 1 2 4 4 2 2 
20 14 18 16 10 18 19 26 19 13 18 12 18 21 29 21 14 24 21 16 17 26 21 20 15 28 27 21 25 28 24 19 24 18 18 15 13 10 18 12 22 18 26 23 19 21 13 18 14 15 19 13 13 20 18 17 11 10 8 14 10 13 16 9 13 10 8 10 17 10 10 8 8 3 10 9 2 7 3 9 13 4 5 4 4 6 7 2 1 6 
19 16 21 18 15 11 20 19 19 15 18 21 23 18 22 21 18 24 18 19 32 25 21 31 13 13 19 18 24 16 21 19 13 26 21 16 13 14 21 18 13 30 17 13 14 16 21 21 16 22 16 19 16 16 15 16 18 18 18 11 20 17 17 8 15 16 18 12 13 10 13 6 12 8 15 7 12 12 9 8 6 6 7 4 7 5 10 7 5 7 
12 17 19 18 29 15 19 23 17 20 15 17 15 19 18 27 22 22 23 24 19 17 35 22 31 18 19 20 28 21 31 15 18 20 23 26 22 16 19 29 22 19 21 29 20 17 13 17 29 12 25 18 19 20 21 8 12 23 14 15 10 15 18 15 15 11 18 16 13 17 7 9 16 15 9 6 8 9 12 5 11 7 7 9 6 10 5 7 3 4 
21 21 21 18 14 24 15 20 24 13 23 25 20 21 22 28 13 13 21 23 28 18 24 17 23 25 27 22 26 21 13 36 24 15 20 32 27 18 25 27 20 19 25 23 23 26 18 22 20 20 19 29 30 17 34 13 19 19 16 20 18 18 12 15 12 20 18 12 13 11 12 14 12 11 10 14 13 15 13 9 10 9 8 16 6 4 9 8 4 11 
11 24 15 14 16 26 19 14 20 13 26 20 18 25 29 16 22 24 21 23 21 41 29 21 26 24 13 17 30 23 17 29 20 17 23 22 22 25 24 25 25 20 29 26 33 27 26 24 25 25 20 17 18 19 26 22 25 20 18 23 9 17 14 21 16 13 18 21 20 15 17 13 18 7 12 13 10 10 14 8 14 7 10 7 8 6 10 12 8 8 
15 29 18 19 18 11 23 27 22 22 14 25 19 20 20 29 20 24 24 24 27 29 29 16 27 24 29 29 25 25 31 20 32 21 18 26 19 29 22 22 26 29 25 20 24 18 13 31 18 27 31 21 13 27 23 21 23 22 25 21 19 17 20 14 15 27 24 14 20 17 19 16 13 22 18 15 9 10 10 16 16 15 20 10 12 12 14 11 12 12 
