# Format: McCode with text headers
# URL: http://www.mccode.org
# Creator: McStas 2.5beta01 - Nov. 03, 2018
# Instrument: Full_simple.instr
# Ncount: 6250000
# Trace: no
# Gravitation: no
# Seed: 1544070424
# Directory: Magnon_rerun_A_gcc-4.9/23
# Nodes: 16
# Param: WaveMin=2.75
# Param: WaveMax=4.4
# Param: E_0=4
# Param: L_0=0
# Param: chopPulseOpening=0.004
# Param: DivSlit0_width=0.1
# Param: DivSlit1_width=0.1
# Param: DivSlit2_width=0.1
# Param: DivSlit3_width=0.1
# Param: Npulse=1
# Param: print=0
# Param: makeVirtualSource=0
# Param: printMValues=0
# Param: power=2
# Param: BWopen=161
# Param: OMA=37.072
# Param: TTA=74.1432
# Param: OMA2=30.628
# Param: TTA2=61.256
# Param: phi=37
# Param: dphi=0.332
# Param: MCPLfile=BIFROST_mcpl.gz
# Param: ax=0
# Param: ay=2.14
# Param: az=-1.24
# Param: bx=0
# Param: by=0
# Param: bz=2.47
# Param: cx=6.71
# Param: cy=0
# Param: cz=0
# Param: Omega=46
# Param: TwoTheta=10
# Param: lambda=10
# Param: dlambda=9.9
# Param: Rotation=0
# Param: inelastic=1
# Param: aa=6.28319
# Param: sample_J1=1.5
# Param: sample_J2=0
# Param: TT=300
# Param: FerroMagnet=0
# Param: Verbose=0
# Param: imultiplier=1
# Param: INCOH=0
# Param: INCOHspread=0
# Param: sample_focusW=2.1
# Param: sample_focusH=0.15
# Param: focus_EF=5
# Param: TOFmin=0.1172
# Param: TOFmax=0.186
# Param: TOFbins=256
# Date: Wed Dec  5 19:15:50 2018 (1544033750)
# type: array_2d(90, 90)
# Source: EGCESE (Full_simple.instr)
# component: psd_monitor9
# position: 2.14446 -1.56124 0
# title: PSD monitor
# Ncount: 100000000
# filename: analyser9_psd.dat
# statistics: X0=-1.42971; dX=0.383471; Y0=7.24737; dY=4.57595;
# signal: Min=0; Max=197.073; Mean=13.8411;
# values: 112113 1038.7 12733
# xvar: X 
# yvar: Y 
# xlabel: X position [cm]
# ylabel: Y position [cm]
# zvar: I
# zlabel: Signal per bin
# xylimits: -2 2 -15.595 15.595
# variables: I I_err N
# Data [psd_monitor9/analyser9_psd.dat] I:
0 0 0 0 0 0 0 0 0 0 0 0 0 0 0 0 0 0 0 0 0 0 0 0 0 0 0 0 0 0 0 0 0 0 0 0 0 0 0 0 0 0 0 0 0 0 0 0 0 0 0 0 0 0 0 0 0 0 0 0 0 0 0 0 0 0 0 0 0 0 0 0 0 0 0 0 0 0 0 0 0 0 0 0 0 0 0 0 0 0 
0 0 0 0 0 0 0 0 0 0 0 0 0 0 0 0 0 0 0 0 0 0 0 0 0 0 0 0 0 0 0 0 0 0 0 0 0 0 0 0 0 0 0 0 0 0 0 0 0 0 0 0 0 0 0 0 0 0 0 0 0 0 0 0 0 0 0 0 0 0 0 0 0 0 0 0 0 0 0 0 0 0 0 0 0 0 0 0 0 0 
0 0 0 0 0 0 0 0 0 0 0 0 0 0 0 0 0 0 0 0 0 0 0 0 0 0 0 0 0 0 0 0 0 0 0 0 0 0 0 0 0 0 0 0 0 0 0 0 0 0 0 0 0 0 0 0 0 0 0 0 0 0 0 0 0 0 0 0 0 0 0 0 0 0 0 0 0 0 0 0 0 0 0 0 0 0 0 0 0 0 
0 0 0 0 0 0 0 0 0 0 0 0 0 0 0 0 0 0 0 0 0 0 0 0 0 0 0 0 0 0 0 0 0 0 0 0 0 0 0 0 0 0 0 0 0 0 0 0 0 0 0 0 0 0 0 0 0 0 0 0 0 0 0 0 0 0 0 0 0 0 0 0 0 0 0 0 0 0 0 0 0 0 0 0 0 0 0 0 0 0 
0 0 0 0 0 0 0 0 0 0 0 0 0 0 0 0 0 0 0 0 0 0 0 0 0 0 0 0 0 0 0 0 0 0 0 0 0 0 0 0 0 0 0 0 0 0 0 0 0 0 0 0 0 0 0 0 0 0 0 0 0 0 0 0 0 0 0 0 0 0 0 0 0 0 0 0 0 0 0 0 0 0 0 0 0 0 0 0 0 0 
0 0 0 0 0 0 0 0 0 0 0 0 0 0 0 0 0 0 0 0 0 0 0 0 0 0 0 0 0 0 0 0 0 0 0 0 0 0 0 0 0 0 0 0 0 0 0 0 0 0 0 0 0 0 0 0 0 0 0 0 0 0 0 0 0 0 0 0 0 0 0 0 0 0 0 0 0 0 0 0 0 0 0 0 0 0 0 0 0 0 
0 0 0 0 0 0 0 0 0 0 0 0 0 0 0 0 0 0 0 0 0 0 0 0 0 0 0 0 0 0 0 0 0 0 0 0 0 0 0 0 0 0 0 0 0 0 0 0 0 0 0 0 0 0 0 0 0 0 0 0 0 0 0 0 0 0 0 0 0 0 0 0 0 0 0 0 0 0 0 0 0 0 0 0 0 0 0 0 0 0 
0 0 0 0 0 0 0 0 0 0 0 0 0 0 0 0 0 0 0 0 0 0 0 0 0 0 0 0 0 0 0 0 0 0 0 0 0 0 0 0 0 0 0 0 0 0 0 0 0 0 0 0 0 0 0 0 0 0 0 0 0 0 0 0 0 0 0 0 0 0 0 0 0 0 0 0 0 0 0 0 0 0 0 0 0 0 0 0 0 0 
0 0 0 0 0 0 0 0 0 0 0 0 0 0 0 0 0 0 0 0 0 0 0 0 0 0 0 0 0 0 0 0 0 0 0 0 0 0 0 0 0 0 0 0 0 0 0 0 0 0 0 0 0 0 0 0 0 0 0 0 0 0 0 0 0 0 0 0 0 0 0 0 0 0 0 0 0 0 0 0 0 0 0 0 0 0 0 0 0 0 
0 0 0 0 0 0 0 0 0 0 0 0 0 0 0 0 0 0 0 0 0 0 0 0 0 0 0 0 0 0 0 0 0 0 0 0 0 0 0 0 0 0 0 0 0 0 0 0 0 0 0 0 0 0 0 0 0 0 0 0 0 0 0 0 0 0 0 0 0 0 0 0 0 0 0 0 0 0 0 0 0 0 0 0 0 0 0 0 0 0 
0 0 0 0 0 0 0 0 0 0 0 0 0 0 0 0 0 0 0 0 0 0 0 0 0 0 0 0 0 0 0 0 0 0 0 0 0 0 0 0 0 0 0 0 0 0 0 0 0 0 0 0 0 0 0 0 0 0 0 0 0 0 0 0 0 0 0 0 0 0 0 0 0 0 0 0 0 0 0 0 0 0 0 0 0 0 0 0 0 0 
0 0 0 0 0 0 0 0 0 0 0 0 0 0 0 0 0 0 0 0 0 0 0 0 0 0 0 0 0 0 0 0 0 0 0 0 0 0 0 0 0 0 0 0 0 0 0 0 0 0 0 0 0 0 0 0 0 0 0 0 0 0 0 0 0 0 0 0 0 0 0 0 0 0 0 0 0 0 0 0 0 0 0 0 0 0 0 0 0 0 
0 0 0 0 0 0 0 0 0 0 0 0 0 0 0 0 0 0 0 0 0 0 0 0 0 0 0 0 0 0 0 0 0 0 0 0 0 0 0 0 0 0 0 0 0 0 0 0 0 0 0 0 0 0 0 0 0 0 0 0 0 0 0 0 0 0 0 0 0 0 0 0 0 0 0 0 0 0 0 0 0 0 0 0 0 0 0 0 0 0 
0 0 0 0 0 0 0 0 0 0 0 0 0 0 0 0 0 0 0 0 0 0 0 0 0 0 0 0 0 0 0 0 0 0 0 0 0 0 0 0 0 0 0 0 0 0 0 0 0 0 0 0 0 0 0 0 0 0 0 0 0 0 0 0 0 0 0 0 0 0 0 0 0 0 0 0 0 0 0 0 0 0 0 0 0 0 0 0 0 0 
0 0 0 0 0 0 0 0 0 0 0 0 0 0 0 0 0 0 0 0 0 0 0 0 0 0 0 0 0 0 0 0 0 0 0 0 0 0 0 0 0 0 0 0 0 0 0 0 0 0 0 0 0 0 0 0 0 0 0 0 0 0 0 0 0 0 0 0 0 0 0 0 0 0 0 0 0 0 0 0 0 0 0 0 0 0 0 0 0 0 
0 0 0 0 0 0 0 0 0 0 0 0 0 0 0 0 0 0 0 0 0 0 0 0 0 0 0 0 0 0 0 0 0 0 0 0 0 0 0 0 0 0 0 0 0 0 0 0 0 0 0 0 0 0 0 0 0 0 0 0 0 0 0 0 0 0 0 0 0 0 0 0 0 0 0 0 0 0 0 0 0 0 0 0 0 0 0 0 0 0 
0 0 0 0 0 0 0 0 0 0 0 0 0 0 0 0 0 0 0 0 0 0 0 0 0 0 0 0 0 0 0 0 0 0 0 0 0 0 0 0 0 0 0 0 0 0 0 0 0 0 0 0 0 0 0 0 0 0 0 0 0 0 0 0 0 0 0 0 0 0 0 0 0 0 0 0 0 0 0 0 0 0 0 0 0 0 0 0 0 0 
0 0 0 0 0 0 0 0 0 0 0 0 0 0 0 0 0 0 0 0 0 0 0 0 0 0 0 0 0 0 0 0 0 0 0 0 0 0 0 0 0 0 0 0 0 0 0 0 0 0 0 0 0 0 0 0 0 0 0 0 0 0 0 0 0 0 0 0 0 0 0 0 0 0 0 0 0 0 0 0 0 0 0 0 0 0 0 0 0 0 
0 0 0 0 0 0 0 0 0 0 0 0 0 0 0 0 0 0 0 0 0 0 0 0 0 0 0 0 0 0 0 0 0 0 0 0 0 0 0 0 0 0 0 0 0 0 0 0 0 0 0 0 0 0 0 0 0 0 0 0 0 0 0 0 0 0 0 0 0 0 0 0 0 0 0 0 0 0 0 0 0 0 0 0 0 0 0 0 0 0 
0 0 0 0 0 0 0 0 0 0 0 0 0 0 0 0 0 0 0 0 0 0 0 0 0 0 0 0 0 0 0 0 0 0 0 0 0 0 0 0 0 0 0 0 0 0 0 0 0 0 0 0 0 0 0 0 0 0 0 0 0 0 0 0 0 0 0 0 0 0 0 0 0 0 0 0 0 0 0 0 0 0 0 0 0 0 0 0 0 0 
0 0 0 0 0 0 0 0 0 0 0 0 0 0 0 0 0 0 0 0 0 0 0 0 0 0 0 0 0 0 0 0 0 0 0 0 0 0 0 0 0 0 0 0 0 0 0 0 0 0 0 0 0 0 0 0 0 0 0 0 0 0 0 0 0 0 0 0 0 0 0 0 0 0 0 0 0 0 0 0 0 0 0 0 0 0 0 0 0 0 
0 0 0 0 0 0 0 0 0 0 0 0 0 0 0 0 0 0 0 0 0 0 0 0 0 0 0 0 0 0 0 0 0 0 0 0 0 0 0 0 0 0 0 0 0 0 0 0 0 0 0 0 0 0 0 0 0 0 0 0 0 0 0 0 0 0 0 0 0 0 0 0 0 0 0 0 0 0 0 0 0 0 0 0 0 0 0 0 0 0 
0 0 0 0 0 0 0 0 0 0 0 0 0 0 0 0 0 0 0 0 0 0 0 0 0 0 0 0 0 0 0 0 0 0 0 0 0 0 0 0 0 0 0 0 0 0 0 0 0 0 0 0 0 0 0 0 0 0 0 0 0 0 0 0 0 0 0 0 0 0 0 0 0 0 0 0 0 0 0 0 0 0 0 0 0 0 0 0 0 0 
0 0 0 0 0 0 0 0 0 0 0 0 0 0 0 0 0 0 0 0 0 0 0 0 0 0 0 0 0 0 0 0 0 0 0 0 0 0 0 0 0 0 0 0 0 0 0 0 0 0 0 0 0 0 0 0 0 0 0 0 0 0 0 0 0 0 0 0 0 0 0 0 0 0 0 0 0 0 0 0 0 0 0 0 0 0 0 0 0 0 
9.121716082 4.313957762 0 0 0 0 0 0 0 0 0 0 0 0 0 0 0 0 0 0 0 0 0 0 0 0 0 0 0 0 0 0 0 0 0 0 0 0 0 0 0 0 0 0 0 0 0 0 0 0 0 0 0 0 0 0 0 0 0 0 0 0 0 0 0 0 0 0 0 0 0 0 0 0 0 0 0 0 0 0 0 0 0 0 0 0 0 0 0 0 
0 0 0 0 0 8.46626545 0 0 0 0 0 0 0 0 0 0 0 0 0 0 0 0 0 0 0 0 0 0 0 0 0 0 0 0 0 0 0 0 0 0 0 0 0 0 0 0 0 0 0 0 0 0 0 0 0 0 0 0 0 0 0 0 0 0 0 0 0 0 0 0 0 0 0 0 0 0 0 0 0 0 0 0 0 0 0 0 0 0 0 0 
8.638568451 7.370317267 0 9.139627893 0 0 0 0 0 0 0 0 0 0 0 0 0 0 0 0 0 0 0 0 0 0 0 0 0 0 0 0 0 0 0 0 0 0 0 0 0 0 0 0 0 0 0 0 0 0 0 0 0 0 0 0 0 0 0 0 0 0 0 0 0 0 0 0 0 0 0 0 0 0 0 0 0 0 0 0 0 0 0 0 0 0 0 0 0 0 
0 0 0 0 0 0 9.407061741 0 0 0 0 0 0 0 0 0 0 0 0 0 0 0 0 0 0 0 0 0 0 0 0 0 0 0 0 0 0 0 0 0 0 0 0 0 0 0 0 0 0 0 0 0 0 0 0 0 0 0 0 0 0 0 0 0 0 0 0 0 0 0 0 0 0 0 0 0 0 0 0 0 0 0 0 0 0 0 0 0 0 0 
4.715705978 5.096840927 0 0 9.152459095 0 7.340242223 0 0 0 0 0 0 0 0 0 0 0 0 0 0 0 0 0 0 0 0 0 0 0 0 0 0 0 0 0 0 0 0 0 0 0 0 0 0 0 0 0 0 0 0 0 0 0 0 0 0 0 0 0 0 0 0 0 0 0 0 0 0 0 0 0 0 0 0 0 0 0 0 0 0 0 0 0 0 0 0 0 0 0 
8.934679534 23.41017827 16.84425912 0 13.83030916 5.295640793 8.863453594 0 0 0 0 0 0 0 0 0 0 0 0 0 0 0 0 0 0 0 0 0 0 0 0 0 0 0 0 0 0 0 0 0 0 0 0 0 0 0 0 0 0 0 0 0 0 0 0 0 0 0 0 0 0 0 0 0 0 0 0 0 0 0 0 0 0 0 0 0 0 0 0 0 0 0 0 0 0 0 0 0 0 0 
15.89188754 8.590175399 0 42.92208239 0 0 8.170353692 0 8.716914733 0 0 0 0 0 8.967798009 0 0 0 0 0 0 0 0 0 0 0 0 0 0 0 0 0 0 0 0 0 0 0 0 0 0 0 0 0 0 0 0 0 0 0 0 0 0 0 0 0 0 0 0 0 0 0 0 0 0 0 0 0 0 0 0 0 0 0 0 0 0 0 0 0 0 0 0 0 0 0 0 0 0 0 
0 11.78552981 8.105061967 14.5786206 8.19124926 9.292630517 8.92440648 0 0 0 0 0 0 0 0 7.381989936 0 0 0 0 0 0 0 0 0 0 0 0 0 0 0 0 0 0 0 0 0 0 0 0 0 0 0 0 0 0 0 0 0 0 0 0 0 0 0 0 0 0 0 0 0 0 0 0 0 0 0 0 0 0 0 0 0 0 0 0 0 0 0 0 0 0 0 0 0 0 0 0 0 0 
24.63658147 23.49889797 37.04515419 20.9415849 0 0 0 16.71608248 15.08569291 0 0 0 0 0 0 0 0 0 0 0 0 0 0 0 0 0 0 0 0 0 0 0 0 0 0 0 0 0 0 0 0 0 0 0 0 0 0 0 0 0 0 0 0 0 0 0 0 0 0 0 0 0 0 0 0 0 0 0 0 0 0 0 0 0 0 0 0 0 0 0 0 0 0 0 0 0 0 0 0 0 
25.0618949 23.03006283 8.249282947 33.27872628 22.82539258 9.1400067 6.130127255 0 7.740509286 7.933217396 0 0 0 0 0 3.568477337 0 0 0 0 0 0 0 0 0 0 0 0 0 0 0 0 0 0 0 0 0 0 0 0 0 0 0 0 0 0 0 0 0 0 0 0 0 0 0 0 0 0 0 0 0 0 0 0 0 0 0 0 0 0 0 0 0 0 0 0 0 0 0 0 0 0 0 0 0 0 0 0 0 0 
36.36436055 24.75076894 40.69235116 13.4489311 47.83835873 43.74678157 9.30425164 7.75081571 10.75550777 0 9.613037089 0 28.09736427 0 0 0 0 0 0 0 0 0 0 0 0 0 0 0 0 0 0 0 0 0 0 0 0 0 0 0 0 0 0 0 0 0 0 0 0 0 0 0 0 0 0 0 0 0 0 0 0 0 0 0 0 0 0 0 0 0 0 0 0 0 0 0 0 0 0 0 0 0 0 0 0 0 0 0 0 0 
40.80055733 18.34340975 34.57468415 39.7497751 56.4969071 35.09342398 0 26.81554731 15.81359584 3.690052646 0 9.536711829 9.252975484 7.192280296 0 0 0 0 0 0 0 0 0 0 0 0 0 0 0 0 0 0 0 0 0 0 0 0 0 0 0 0 0 0 0 0 0 0 0 0 0 0 0 0 0 0 0 0 0 0 0 0 0 0 0 0 0 0 0 0 0 0 0 0 0 0 0 0 0 0 0 0 0 0 0 0 0 0 0 0 
26.5545018 22.62139453 47.57899006 56.51156117 52.23539173 67.54066265 27.04653582 33.92640735 23.12081182 2.886844009 0 22.52165095 0 0 0 0 0 6.562615086 0 0 0 0 0 0 0 0 0 0 0 0 0 0 0 0 0 0 0 0 0 0 0 0 0 0 0 0 0 0 0 0 0 0 0 0 0 0 0 0 0 0 0 0 0 0 0 0 0 0 0 0 0 0 0 0 0 0 0 0 0 0 0 0 0 0 0 0 0 0 0 0 
36.73617754 43.81291586 46.85990801 0 49.74688838 18.96198746 18.23024743 30.69932908 16.89250564 8.538948485 23.7472753 0 0 33.0935458 3.954153041 0 0 0 0 0 0 0 0 0 0 0 0 0 0 0 0 0 0 0 0 0 0 0 0 0 0 0 0 0 0 0 0 0 0 0 0 0 0 0 0 0 0 0 0 0 0 0 0 0 0 0 0 0 0 0 0 0 0 0 0 0 0 0 0 0 0 0 0 0 0 0 0 0 0 0 
70.87751199 44.21705734 20.43086727 47.88539982 32.13972598 15.75720021 39.00341802 25.46897014 11.63397041 45.03397697 4.05625735 5.302486644 12.42832892 12.58356465 9.497315589 19.82954487 0 0 8.196426532 0 0 2.952977395 0 0 0 0 0 0 0 0 0 0 0 0 0 0 0 0 0 0 0 0 0 0 0 0 0 0 0 0 0 0 0 0 0 0 0 0 0 0 0 0 0 0 0 0 0 0 0 0 0 0 0 0 0 0 0 0 0 0 0 0 0 0 0 0 0 0 0 0 
63.83278627 77.51788267 89.95446257 48.91950116 45.57166038 53.49940277 20.45371214 9.422982473 25.01501907 18.50082644 37.00681528 27.67737578 0 8.517868616 0 0 0 9.197001536 0 9.595633107 5.463258326 9.378972824 0 0 0 0 0 0 0 0 0 0 0 0 0 0 0 0 0 0 0 0 0 0 0 0 0 0 0 0 0 0 0 0 0 0 0 0 0 0 0 0 0 0 0 0 0 0 0 0 0 0 0 0 0 0 0 0 0 0 0 0 0 0 0 0 0 0 0 0 
109.0277578 68.19559146 87.19712141 81.4069673 86.37099364 51.65824074 27.62623486 36.72768572 16.38643441 40.45576736 10.58670592 9.914267533 30.84529104 16.64010482 9.891381407 0 24.05793633 15.3433994 0 0 9.836566329 0 0 0 0 0 0 0 0 0 0 0 0 0 0 0 0 0 0 0 0 0 0 0 0 0 0 0 0 0 0 0 0 0 0 0 0 0 0 0 0 0 0 0 0 0 0 0 0 0 0 0 0 0 0 0 0 0 0 0 0 0 0 0 0 0 0 0 0 0 
110.4310846 93.9555348 51.44856262 43.75438883 19.78302015 78.90856877 64.80192686 33.16708102 49.71048955 21.84771196 25.08450921 24.85215483 18.5126349 9.607064993 32.49194032 8.574105893 0 8.366383711 9.295002979 0 9.997639975 0 9.261706057 8.217468802 0 0 0 0 0 0 0 0 0 0 0 0 0 0 0 0 0 0 0 0 0 0 0 0 0 0 0 0 0 0 0 0 0 0 0 0 0 0 0 0 0 0 0 0 0 0 0 0 0 0 0 0 0 0 0 0 0 0 0 0 0 0 0 0 0 0 
71.99523021 151.8241999 72.17683868 104.3763147 85.05101324 47.74894962 55.3001581 70.08497029 47.62103529 31.18358225 30.25512924 68.39354253 25.49043831 18.39805653 20.32787519 8.410891893 12.56068227 14.35161456 0 15.24766039 0 0 9.202601679 0 0 0 0 0 0 0 0 0 0 0 0 0 0 0 0 0 0 0 0 0 0 0 0 0 0 0 0 0 0 0 0 0 0 0 0 0 0 0 0 0 0 0 0 0 0 0 0 0 0 0 0 0 0 0 0 0 0 0 0 0 0 0 0 0 0 0 
85.77643702 93.91602931 52.18386526 46.97456329 22.43791494 35.4602951 63.64676341 78.53216533 44.57715624 40.92708849 52.18160347 37.22992729 55.00417548 13.08858985 20.52008767 16.67869609 9.09728672 18.79427873 18.52204225 19.70159122 9.168569622 0 0 0 0 3.852544662 8.449375581 0 0 0 0 0 0 0 0 0 0 0 0 0 0 0 0 0 0 0 0 0 0 0 0 0 0 0 0 0 0 0 0 0 0 0 0 0 0 0 0 0 0 0 0 0 0 0 0 0 0 0 0 0 0 0 0 0 0 0 0 0 0 0 
71.78444831 155.8838081 43.73428062 123.2130998 132.8296332 80.36663272 67.77577052 51.06326497 79.05747067 29.67487693 20.53944775 62.78211998 39.88800257 20.3072439 37.97996079 0 9.540757514 9.848659968 42.18871752 6.679745705 10.35356374 8.262593801 0 8.545994307 10.07820989 0 0 0 0 0 0 0 0 0 0 0 0 0 0 0 0 0 0 0 0 0 0 0 0 0 0 0 0 0 0 0 0 0 0 0 0 0 0 0 0 0 0 0 0 0 0 0 0 0 0 0 0 0 0 0 0 0 0 0 0 0 0 0 0 0 
110.5246548 91.99121024 117.6024972 92.66074361 27.9842203 70.89433513 94.00641406 113.5481008 77.41233131 56.52447482 93.67746276 36.37696763 56.85578864 34.19216395 40.76231532 18.44394946 47.02882987 12.1577636 48.92725485 0 9.728863504 0 0 0 9.780764027 6.43744844 0 0 6.267439815 0 0 0 0 0 0 0 0 0 0 0 0 0 0 0 0 0 0 0 0 0 0 0 0 0 0 0 0 0 0 0 0 0 0 0 0 0 0 0 0 0 0 0 0 0 0 0 0 0 0 0 0 0 0 0 0 0 0 0 0 0 
191.1512712 72.0551903 155.4964808 91.8120329 46.21103614 118.4273479 61.89765626 73.73782611 101.5689946 99.77943126 51.51118035 85.94248157 52.57852596 29.02256764 27.87681339 29.2921346 27.41337706 35.50100472 39.61252394 8.108053584 9.048975598 9.793276351 0 0 16.76901192 8.173735084 8.546364902 0 0 0 0 0 0 0 0 0 0 0 0 0 0 0 0 0 0 0 0 0 0 0 0 0 0 0 0 0 0 0 0 0 0 0 0 0 0 0 0 0 0 0 0 0 0 0 0 0 0 0 0 0 0 0 0 0 0 0 0 0 0 0 
140.9221919 77.80444764 121.7466964 78.70086364 75.72595343 126.7278346 84.90530739 82.35629534 86.3761534 83.25384382 67.51606075 31.44584322 34.05718078 85.55706476 74.78282856 8.003579549 34.32644264 42.87810284 12.90910416 23.18191181 4.267068856 15.31065767 0 7.079349471 0 10.18763579 12.41814733 0 19.25740035 0 0 0 0 0 0 0 0 0 0 0 0 0 0 0 0 0 0 0 0 0 0 0 0 0 0 0 0 0 0 0 0 0 0 0 0 0 0 0 0 0 0 0 0 0 0 0 0 0 0 0 0 0 0 0 0 0 0 0 0 0 
114.9227692 104.0143117 46.85619242 153.8826986 98.5857089 102.154166 92.65008777 127.2572443 60.19752444 76.47937362 130.3460463 113.9388719 54.8952153 60.33219522 70.23820865 121.9632556 23.16258339 33.15939757 24.67019129 6.224668576 14.3583539 13.40216201 19.05070118 12.13229665 16.19560669 13.6076084 0 14.2058731 8.948804138 0 0 0 0 0 0 0 0 0 0 0 0 0 0 0 0 0 0 0 0 0 0 0 0 0 0 0 0 0 0 0 0 0 0 0 0 0 0 0 0 0 0 0 0 0 0 0 0 0 0 0 0 0 0 0 0 0 0 0 0 0 
79.57800733 154.7646038 116.0688937 114.2935301 133.0530107 133.7201091 130.5368124 90.03556596 53.43166614 68.80085569 92.05712075 70.52989197 40.44076485 38.13397143 57.08708959 67.452549 82.37132413 50.56623987 31.4909249 18.59836245 16.98726176 54.8834384 9.348172634 18.32837614 0 17.34253883 18.77681005 0 0 0 0 0 0 0 8.206793415 0 0 0 0 0 0 0 0 0 0 0 0 0 0 0 0 0 0 0 0 0 0 0 0 0 0 0 0 0 0 0 0 0 0 0 0 0 0 0 0 0 0 0 0 0 0 0 0 0 0 0 0 0 0 0 
115.5879267 145.3073067 137.4818602 114.6370361 106.2317039 73.6383979 131.5566028 96.18089196 53.65015002 115.3999197 72.60456686 39.79258814 109.2950836 74.05790045 93.72331101 42.46090861 29.95277674 13.21114353 62.9961962 9.770748721 17.34322818 16.82349255 3.520006527 18.3896586 10.37672705 14.84569239 4.469183967 3.069815915 0 9.993393933 10.36259388 0 0 0 0 0 0 0 0 0 0 0 0 0 0 0 0 0 0 0 0 0 0 0 0 0 0 0 0 0 0 0 0 0 0 0 0 0 0 0 0 0 0 0 0 0 0 0 0 0 0 0 0 0 0 0 0 0 0 0 
132.9709306 151.8381103 76.90433912 103.6125074 112.4371884 54.21890792 116.7572477 160.5630622 92.462692 122.9484671 82.33357819 59.65056615 53.76735829 44.07256786 60.51489124 32.44147362 46.9773342 37.35017735 55.31896044 33.41765719 68.20978081 19.21711767 46.22016689 19.22377556 18.28375091 11.94575803 9.973476589 0 5.639859158 0 0 0 0 0 0 0 0 0 0 0 0 0 0 0 0 0 0 0 0 0 0 0 0 0 0 0 0 0 0 0 0 0 0 0 0 0 0 0 0 0 0 0 0 0 0 0 0 0 0 0 0 0 0 0 0 0 0 0 0 0 
139.552082 115.6112395 81.92817065 110.1039371 140.859356 129.0705591 160.6893919 131.6687846 131.8858321 140.8308632 66.20577034 92.54871643 102.6734828 69.40423918 58.2825407 65.5609429 65.70866976 73.42977091 68.71177711 51.53303461 33.07147822 32.76051502 42.32127839 6.91722727 23.08972486 25.24861141 0 0 8.793066975 0 10.54135813 10.36277085 0 0 6.671938547 0 0 0 0 0 0 0 0 0 0 0 0 0 0 0 0 0 0 0 0 0 0 0 0 0 0 0 0 0 0 0 0 0 0 0 0 0 0 0 0 0 0 0 0 0 0 0 0 0 0 0 0 0 0 0 
177.5914636 116.7275565 117.630486 119.5891531 117.0675736 128.3740098 82.10398793 141.154146 117.1027356 80.60166244 104.9489987 84.10413787 88.01583092 127.9549172 66.86635179 105.6361648 49.55249983 33.35899444 45.83642785 20.5462331 59.55586589 38.31537989 21.84683756 38.95406618 8.23731093 16.53517954 44.67385365 1.836758228 9.389604078 0 3.793915066 10.39614118 0 0 0 0 0 0 0 0 0 0 0 0 0 0 0 0 0 0 0 0 0 0 0 0 0 0 0 0 0 0 0 0 0 0 0 0 0 0 0 0 0 0 0 0 0 0 0 0 0 0 0 0 0 0 0 0 0 0 
119.9136359 139.4175274 117.028328 102.4813739 100.85922 180.8337099 104.6288499 95.98625283 178.1985339 103.0668888 109.485748 59.3383515 106.1943021 159.1982755 76.20374373 83.49773523 56.17932051 124.6031253 60.63037818 94.13944297 20.89166575 36.38364057 51.16197052 70.73193894 51.23706472 38.39724502 2.733351527 16.84033001 8.894657272 5.837116216 24.40914107 10.82720933 0 0 0 0 7.410559583 0 0 0 0 0 0 0 0 0 0 0 0 0 0 0 0 0 0 0 0 0 0 0 0 0 0 0 0 0 0 0 0 0 0 0 0 0 0 0 0 0 0 0 0 0 0 0 0 0 0 0 0 0 
150.7825105 142.1576224 132.9903927 78.44522168 144.3042314 66.85669801 112.9114963 93.10298279 100.1767318 128.3201777 144.08849 173.8503378 109.4038847 126.6786362 86.48897421 82.96019383 66.61058264 52.11854209 78.83860553 38.91972317 22.38923091 27.23527782 38.43114929 20.84651909 24.60701775 19.18221823 19.96741178 28.63351421 17.63044444 0 0 15.13298235 0 0 7.838737642 0 0 0 0 0 0 0 0 0 0 0 0 0 0 0 0 0 0 0 0 0 0 0 0 0 0 0 0 0 0 0 0 0 0 0 0 0 0 0 0 0 0 0 0 0 0 0 0 0 0 0 0 0 0 0 
78.7199339 42.17067041 118.0846888 123.9030518 144.6513448 96.26031337 75.84858524 79.48086386 114.5434824 79.68300692 76.9907218 53.20103925 104.0201566 68.33453701 88.79924087 75.66855536 99.9846283 97.56718425 118.6049279 50.05940942 56.2478654 40.65025272 28.55172845 18.30838894 23.10767113 50.76452654 8.422266506 9.537303763 34.33871219 0 19.04645072 0 0 0 10.74124495 0 0 0 4.723107009 0 0 0 0 0 0 0 0 0 0 0 0 0 0 0 0 0 0 0 0 0 0 0 0 0 0 0 0 0 0 0 0 0 0 0 0 0 0 0 0 0 0 0 0 0 0 0 0 0 0 0 
64.88524894 106.2522598 125.1791072 96.22562542 73.61544749 91.04130546 137.4179164 130.526132 107.4829965 97.10333727 92.93988584 124.3632309 76.06238896 72.27375224 46.87628953 97.03603699 110.5303278 60.00270211 34.39329939 75.94787984 46.11738001 76.59333122 38.76913973 37.72230331 41.38053539 26.36181607 15.12952248 27.83161698 0 0 19.6609153 0 10.69433572 0 10.4049305 0 0 0 0 0 0 0 0 0 0 0 0 0 0 0 0 0 0 0 0 0 0 0 0 0 0 0 0 0 0 0 0 0 0 0 0 0 0 0 0 0 0 0 0 0 0 0 0 0 0 0 0 0 0 0 
111.6479774 71.56508563 82.6735582 96.24072217 97.41467408 104.3573133 114.7232526 118.2312768 94.33644564 103.9335007 119.1576217 133.1463479 106.509907 125.3386356 103.4010903 66.77304237 93.91951257 105.0274518 78.53038173 57.66932675 65.08007736 11.16236457 116.8979642 84.3751953 55.43027664 26.88806624 16.21501033 38.91714028 29.12372606 26.86701088 2.460983407 9.024508868 8.414836564 0 0 0 0 0 0 0 0 0 0 0 0 0 0 0 0 0 0 0 0 0 0 0 0 0 0 0 0 0 0 0 0 0 0 0 0 0 0 0 0 0 0 0 0 0 0 0 0 0 0 0 0 0 0 0 0 0 
143.9600074 119.0050631 113.6514583 197.0731183 165.9629829 113.2142996 101.5747671 102.0736184 146.142267 115.3989876 132.9342137 121.4796034 105.0735725 95.38911725 140.4639946 28.32680596 119.4463646 101.1311376 151.0705585 59.95620993 116.2899978 72.0890507 44.32095112 43.92944132 28.24016854 46.06347228 65.56518697 20.53217566 29.27804565 0 19.47179578 18.54339276 0 14.81995289 0 0 0 0 0 0 0 0 0 0 0 0 0 0 0 0 0 0 0 0 0 0 0 0 0 0 0 0 0 0 0 0 0 0 0 0 0 0 0 0 0 0 0 0 0 0 0 0 0 0 0 0 0 0 0 0 
71.26067759 104.3905288 96.86492806 115.697986 98.21617134 125.4988094 111.8480689 120.1871953 147.2623782 115.2753157 108.3870548 107.3772703 97.24940782 89.03366119 150.8313548 141.4550456 93.87660032 86.41046591 67.24352409 58.80479039 46.83575812 81.3756294 95.17922711 59.87868461 65.57100143 55.24376758 20.39810219 77.82580849 39.56262703 30.71951395 16.65828058 9.995413861 13.68519994 0 13.23191427 0 0 8.860518091 0 0 0 0 0 0 0 0 0 0 0 0 0 0 0 0 0 0 0 0 0 0 0 0 0 0 0 0 0 0 0 0 0 0 0 0 0 0 0 0 0 0 0 0 0 0 0 0 0 0 0 0 
117.9332546 72.58299324 129.1100134 73.86072871 109.6162923 89.58043154 138.4662254 110.6186597 95.8617189 84.40350505 130.2526271 78.38706749 171.6961518 126.4808715 135.7140991 177.1581644 112.0481038 77.24527805 91.76718558 82.94787375 77.18033095 55.92520712 55.76581935 36.80601234 43.33441529 70.03127771 56.72746962 10.53607065 33.18661907 50.4560462 12.75929814 0 21.99496637 0 0 6.091416776 0 0 0 0 0 0 0 0 0 0 0 0 0 0 0 0 0 0 0 0 0 0 0 0 0 0 0 0 0 0 0 0 0 0 0 0 0 0 0 0 0 0 0 0 0 0 0 0 0 0 0 0 0 0 
117.9102556 128.479141 137.0564872 138.5960032 128.403693 69.57440678 124.2109851 118.2947426 89.39616153 78.62417847 92.46602059 172.2357123 153.9830253 139.4816471 81.03032866 86.3512616 79.48773917 111.0669306 63.71427204 53.0061375 137.0807624 132.2372279 96.78427109 35.13680573 49.88877385 57.58125984 21.31662631 57.23236206 63.87618123 30.20346005 38.20849187 46.23079549 2.51834746 0 0 0 0 0 0 0 0 0 0 0 0 0 0 0 0 0 0 0 0 0 0 0 0 0 0 0 0 0 0 0 0 0 0 0 0 0 0 0 0 0 0 0 0 0 0 0 0 0 0 0 0 0 0 0 0 0 
128.6204142 123.0517252 67.62981919 103.574516 83.67179499 137.2134201 109.5111174 132.6528454 90.20559487 106.7672623 130.7460806 92.56516406 108.8842585 78.13312237 88.74336504 120.2258657 93.85295746 72.34060135 110.8895101 99.05887697 86.89789549 105.6920345 83.98064989 80.8944618 66.81550887 91.07992803 53.60943094 19.64205403 17.50841688 31.12843856 49.58771983 0 0 12.91765868 0 0 0 10.22285519 0 0 0 0 0 0 0 0 0 0 0 0 0 0 0 0 0 0 0 0 0 0 0 0 0 0 0 0 0 0 0 0 0 0 0 0 0 0 0 0 0 0 0 0 0 0 0 0 0 0 0 0 
61.53077759 97.37464503 176.6307918 110.6411334 121.0122678 111.7803089 121.8948884 120.051897 143.865297 87.14135331 188.7105262 123.8366022 98.21548361 142.7387391 99.64929096 129.940326 100.2970701 132.879638 155.8564377 134.386477 136.4025659 107.02845 115.5363926 104.78456 68.68603716 55.58156256 50.22753869 28.30317796 19.47657497 11.94378109 49.81438021 9.101668145 27.18468273 0 6.282108614 10.29238623 6.711032091 0 9.735863586 0 0 0 0 0 0 0 0 0 0 0 0 0 0 0 0 0 0 0 0 0 0 0 0 0 0 0 0 0 0 0 0 0 0 0 0 0 0 0 0 0 0 0 0 0 0 0 0 0 0 0 
112.4913067 106.3316713 115.7398532 145.657378 89.00994033 127.2427562 167.1163785 54.71731536 141.4885457 86.81342029 92.88376062 136.1080489 83.32151248 144.3639096 51.06049686 93.22893949 108.0012654 122.0890317 97.94685572 85.63427165 79.64485514 116.3231406 48.23856763 66.01012185 59.19026899 42.01908504 23.01800337 39.58682235 35.05296294 67.85213353 10.4993107 9.1461379 11.15069054 8.364540305 21.28554575 3.615819675 8.241814946 0 0 0 0 0 0 0 0 0 0 0 0 0 0 0 0 0 0 0 0 0 0 0 0 0 0 0 0 0 0 0 0 0 0 0 0 0 0 0 0 0 0 0 0 0 0 0 0 0 0 0 0 0 
65.02262642 92.09054138 70.98250278 129.935937 72.52302148 160.6651444 90.28673344 77.32461638 100.9794233 138.4439907 185.760127 138.8156213 88.49184315 63.48770619 93.98221828 137.579403 136.6324647 48.39983718 87.45847409 94.59078506 98.85103776 84.77415596 52.61665423 87.11681299 146.4379726 88.02617905 93.14479952 48.5552277 17.58932322 48.35958252 33.50803132 22.79934288 51.12513302 1.729058623 21.2205686 21.27238123 15.86850126 11.1556319 0 0 0 0 0 0 0 0 0 0 0 0 0 0 0 0 0 0 0 0 0 0 0 0 0 0 0 0 0 0 0 0 0 0 0 0 0 0 0 0 0 0 0 0 0 0 0 0 0 0 0 0 
93.391579 86.40538672 85.12451945 60.47613794 134.548296 112.039064 81.13709979 124.8558067 93.35001365 98.30859763 158.5684675 158.5801187 116.904348 116.9374527 70.82944806 61.3149794 104.5689479 72.55059507 67.68105291 56.93777861 123.1068917 104.7492432 47.14060497 94.93981975 28.89447542 48.41021378 48.60383117 82.02273509 19.85155264 67.87409028 29.51113305 10.97257261 0 23.85486138 0 18.29313925 0 0 0 0 0 0 0 0 0 0 0 0 0 0 0 0 0 0 0 0 0 0 0 0 0 0 0 0 0 0 0 0 0 0 0 0 0 0 0 0 0 0 0 0 0 0 0 0 0 0 0 0 0 0 
73.17800844 133.5908608 60.31313269 113.806235 101.2838015 107.0762195 101.5315578 80.72219776 82.99898616 179.1835787 133.5127776 139.0193713 106.0615768 67.92555592 167.7429236 161.8744187 111.3009879 172.1069586 88.10820605 51.32850407 73.43627459 82.24632941 108.0518029 114.5880699 50.42962931 67.48537491 57.45190481 71.19134818 64.70395128 59.62925618 25.82761977 46.65546535 0 28.81704442 8.351348018 26.53672981 10.58253367 7.530814668 0 0 0 0 0 0 0 0 0 0 0 0 0 0 0 0 0 0 0 0 0 0 0 0 0 0 0 0 0 0 0 0 0 0 0 0 0 0 0 0 0 0 0 0 0 0 0 0 0 0 0 0 
79.56127377 94.71773574 137.6466609 119.8626661 62.34644779 85.18202252 60.01601809 80.84935317 144.1407797 195.0525611 57.98962617 78.17848359 92.08663177 143.6579186 126.6219701 156.2261618 98.57351535 49.65016702 79.33493073 81.91253921 127.5135026 66.91059784 112.5189637 98.99295759 111.2457563 45.61594537 62.93400337 53.63916892 75.74849161 61.27745278 0 9.867670166 26.84126888 7.642301221 0 0 0 0 0 0 0 0 0 0 0 0 0 0 0 0 0 0 0 0 0 0 0 0 0 0 0 0 0 0 0 0 0 0 0 0 0 0 0 0 0 0 0 0 0 0 0 0 0 0 0 0 0 0 0 0 
73.8424044 75.31935188 81.99262443 136.0205302 114.6881308 100.2003409 101.5538754 60.03856115 91.91400198 125.1232927 119.6341218 108.3339974 93.06291516 145.432054 128.1240694 110.5628348 98.89995754 64.81558697 114.5720301 140.3828486 93.01149883 83.28053102 93.8230747 60.58310831 74.78092922 52.55675767 53.06927575 26.6860195 63.21218491 91.89177399 61.14198018 12.01887435 48.23821292 32.31726136 19.81596821 0 0 0 14.54734231 0 0 0 0 0 0 0 0 0 0 0 0 0 0 0 0 0 0 0 0 0 0 0 0 0 0 0 0 0 0 0 0 0 0 0 0 0 0 0 0 0 0 0 0 0 0 0 0 0 0 0 
82.79847195 110.6710628 114.3314412 144.8132446 92.0855634 80.40610688 132.3445415 47.01057387 116.730328 57.94498762 111.0002363 78.12049337 138.2965859 150.5746593 94.72112281 35.0531522 121.9166507 99.48879621 54.03452575 81.10205927 78.38149268 121.6063655 86.55009805 96.30620076 71.61546498 7.741466736 85.80512612 81.90455078 71.63164009 21.22379528 20.3482208 57.39234026 58.89024867 0 16.03645223 6.375511471 0 0 0 0 0 0 0 0 0 0 0 0 0 0 0 0 0 0 0 0 0 0 0 0 0 0 0 0 0 0 0 0 0 0 0 0 0 0 0 0 0 0 0 0 0 0 0 0 0 0 0 0 0 0 
88.26028073 82.8099517 79.35120342 80.06469892 125.2020058 87.09368809 144.8994017 105.7519488 120.5222526 67.87679095 157.3209717 136.4767631 112.237442 184.6547393 141.5854133 157.0723405 59.90367857 114.2895318 66.04546723 133.3446447 71.31443977 97.3188786 73.26928999 61.5624959 60.28300322 50.43793595 89.69868018 42.4208903 49.77491513 50.40743331 54.17767021 27.30317526 52.61512593 53.03515267 0 0 10.6800395 11.40127421 0 7.6834846 0 0 0 0 0 0 0 0 0 0 0 0 0 0 0 0 0 0 0 0 0 0 0 0 0 0 0 0 0 0 0 0 0 0 0 0 0 0 0 0 0 0 0 0 0 0 0 0 0 0 
75.14329468 105.8792139 38.25626015 55.3335484 111.0389414 129.5107619 85.15687144 93.11315003 127.7405324 125.9276165 67.16005393 170.3765191 93.91166541 43.51572556 49.26350951 84.78973364 115.1145774 81.42923032 71.3706515 85.59053059 47.86283982 73.39834536 119.1468548 48.69212921 104.0504143 45.77321543 74.5552707 81.49855134 54.02561365 62.38812406 33.01176278 48.05250873 63.49816044 29.12277702 11.30583659 20.11703532 27.14314621 10.56989593 0 0 0 0 0 0 0 0 0 0 0 0 0 0 0 0 0 0 0 0 0 0 0 0 0 0 0 0 0 0 0 0 0 0 0 0 0 0 0 0 0 0 0 0 0 0 0 0 0 0 0 0 
38.31839837 20.82945409 82.89443079 75.93097019 118.2962457 78.73421038 79.14048219 109.8878842 104.0567939 64.39809317 63.05428898 87.97707929 161.0162883 141.9606038 93.3479862 82.88054922 127.8944916 84.24502159 74.73037935 49.07531443 53.79219453 24.55994903 94.08867022 107.9501014 51.37396601 114.9650109 80.45755461 66.79613655 19.79332845 60.21016374 101.4628698 16.50689375 22.53521095 14.98749387 26.63539367 0 6.207799614 4.114755565 0 0 9.793190269 0 0 0 0 0 0 0 0 0 0 0 0 0 0 0 0 0 0 0 0 0 0 0 0 0 0 0 0 0 0 0 0 0 0 0 0 0 0 0 0 0 0 0 0 0 0 0 0 0 
71.65505895 97.73698388 58.27500561 85.94421034 10.88253095 77.28805884 111.8698603 87.54621797 127.549758 91.30224108 95.44739489 77.22294691 60.95063025 96.53555684 108.0808239 94.70638725 118.2151975 78.10555789 125.5190038 107.9729796 82.85440843 87.51912832 76.75015778 86.92310177 120.0126798 58.96517427 91.946797 15.88275545 83.68482977 33.3805973 41.79482128 26.49953846 72.97142319 16.5674989 10.5866805 15.26889316 3.813678305 0 0 0 0 0 0 0 0 0 0 0 0 0 0 0 0 0 0 0 0 0 0 0 0 0 0 0 0 0 0 0 0 0 0 0 0 0 0 0 0 0 0 0 0 0 0 0 0 0 0 0 0 0 
54.13128045 74.50271132 60.85371917 65.19298506 81.13349517 119.435666 127.8685402 87.5455424 71.46804753 87.86014854 41.57321983 67.95562349 67.92921829 84.45895261 86.36200977 34.8120776 96.08434901 78.3130249 114.1248717 53.17585003 88.47503664 68.52203132 43.14034997 84.58830221 59.11906618 57.33606368 84.82503671 79.86735482 73.69414693 35.5940005 12.11448161 55.18270141 19.8555591 12.04374957 11.34487352 0.5225883718 0 8.677054408 0 0 0 0 0 0 0 0 0 0 0 0 0 0 0 0 0 0 0 0 0 0 0 0 0 0 0 0 0 0 0 0 0 0 0 0 0 0 0 0 0 0 0 0 0 0 0 0 0 0 0 0 
50.26182182 65.02036166 60.1510641 142.0279718 108.4697604 91.94026141 48.09637704 25.54429325 85.21587376 98.06944207 49.3656217 108.7759395 92.1075023 96.92445932 76.88975552 108.7892375 91.61946997 62.07074475 85.01802348 119.2844787 138.681872 98.65443589 46.36252925 92.68843134 69.22540435 68.27416736 50.56830635 41.803409 38.83131549 20.65506608 19.86606382 2.999501125 32.94632053 10.27177279 0 19.02193387 0 0 0 0 0 0 0 0 0 0 0 0 0 0 0 0 0 0 0 0 0 0 0 0 0 0 0 0 0 0 0 0 0 0 0 0 0 0 0 0 0 0 0 0 0 0 0 0 0 0 0 0 0 0 
44.02734206 73.96108312 127.9569479 82.73340981 40.73099014 49.65655234 38.21915818 92.71528883 80.24732991 96.51521641 55.32240579 35.46646879 87.16076202 131.5196607 62.0586203 107.3476772 83.11185754 65.31335691 66.22776212 64.26121867 140.284507 95.60894146 10.56628426 91.01466137 55.37986149 53.15644749 32.46336989 65.72232747 66.44874584 21.92168784 42.01710843 7.469320211 37.8893774 23.94462578 4.058061178 11.7799867 6.444807652 0 8.624095042 0 0 0 0 0 0 0 0 0 0 0 0 0 0 0 0 0 0 0 0 0 0 0 0 0 0 0 0 0 0 0 0 0 0 0 0 0 0 0 0 0 0 0 0 0 0 0 0 0 0 0 
32.59420279 138.2818442 44.36430316 176.3969992 55.99205087 83.41447906 95.15771617 63.6297737 118.0529023 57.20946835 105.5662052 85.91999395 70.7635229 115.0760627 96.75858171 127.797115 89.78423831 102.0504896 42.06591657 117.4826651 61.62902709 117.3011306 70.40988444 76.3108593 72.72774331 65.5258676 25.10463845 18.38280215 50.34015569 22.26145477 30.63134397 57.93017179 22.57176356 34.48633467 14.24553962 9.37086134 12.56960734 0 0 0 0 0 0 0 0 0 0 0 0 0 0 0 0 0 0 0 0 0 0 0 0 0 0 0 0 0 0 0 0 0 0 0 0 0 0 0 0 0 0 0 0 0 0 0 0 0 0 0 0 0 
114.6484058 39.64009569 88.98230444 106.1655313 92.67747581 12.73255358 109.5988939 93.4173882 100.8516189 57.360122 66.33146145 72.1985587 54.60493005 124.8663139 39.02641389 0 100.6973046 146.0417523 60.84552596 112.0157822 85.58880743 82.94057769 65.33158273 35.13162155 18.24183642 100.9912029 66.80325699 130.3823499 24.10308574 31.57428823 63.01701402 24.13720021 28.37731145 17.64177311 20.77690983 8.625904483 0 0 0 0 0 0 0 0 0 0 0 0 0 0 0 0 0 0 0 0 0 0 0 0 0 0 0 0 0 0 0 0 0 0 0 0 0 0 0 0 0 0 0 0 0 0 0 0 0 0 0 0 0 0 
98.92173629 49.41923467 52.67036998 77.74362992 79.42641158 90.86819753 67.30428266 82.90406752 103.2073335 78.82972534 34.91901523 61.72356693 130.893633 110.3303459 95.44648143 68.59627108 92.10621314 36.45489163 47.92309816 101.4061935 82.12324888 93.65384813 77.22901078 44.27710453 70.94314567 57.94015695 43.50167168 44.8800115 16.72837372 57.37608625 32.47024649 50.24252069 40.10031386 1.960398443 11.99760191 0 0 0 0 0 0 0 0 0 0 0 0 0 0 0 0 0 0 0 0 0 0 0 0 0 0 0 0 0 0 0 0 0 0 0 0 0 0 0 0 0 0 0 0 0 0 0 0 0 0 0 0 0 0 0 
146.9267108 87.74290356 83.1536974 73.50933348 32.55843046 75.97181061 90.37420397 74.91247249 70.83636524 51.11951974 37.23847314 149.3950448 93.97308836 76.48303244 21.25359334 41.15818652 60.82641222 40.20426033 107.9691784 44.004233 66.46833417 46.8017843 70.32075554 37.35951793 36.76896862 40.65089515 55.23486672 52.95266753 43.40331213 52.49530344 33.91079435 45.45009411 21.75151339 37.18297397 0 0 9.96694838 11.32365447 6.022350002 0 0 0 0 0 0 0 0 0 0 0 0 0 0 0 0 0 0 0 0 0 0 0 0 0 0 0 0 0 0 0 0 0 0 0 0 0 0 0 0 0 0 0 0 0 0 0 0 0 0 0 
38.76686002 89.847144 72.41140927 56.63502042 105.057921 39.75217445 110.6064778 100.6979002 61.09946787 87.89195561 53.24042595 76.75048831 65.49472701 36.655299 67.31392957 93.17623643 64.99275156 56.20719931 62.24469191 82.6271745 76.50141894 134.724799 68.02260788 98.77435465 56.67147977 63.36404614 12.84865804 46.66488778 21.96559256 55.41445271 57.96756768 22.08243246 11.79944449 18.29872247 35.82713805 0 11.89579123 0 1.782559137 0 0 0 0 0 0 0 0 0 0 0 0 0 0 0 0 0 0 0 0 0 0 0 0 0 0 0 0 0 0 0 0 0 0 0 0 0 0 0 0 0 0 0 0 0 0 0 0 0 0 0 
93.99352783 114.5873241 52.33229404 67.30750125 75.14625795 104.4899821 71.29162596 56.30273919 99.68782176 66.93181063 98.83059317 70.48932123 119.0851289 79.39102857 77.09937341 24.28904432 68.61662404 93.72334007 68.83804061 39.22343989 91.94532048 105.4989218 29.88308025 47.33469393 37.0452617 9.412112154 40.62734937 10.59425914 53.82097346 13.0783559 5.619542936 8.314985106 48.62886339 30.37494276 19.31386699 12.4922538 0 0 0 0 0 0 0 0 0 0 0 0 0 0 0 0 0 0 0 0 0 0 0 0 0 0 0 0 0 0 0 0 0 0 0 0 0 0 0 0 0 0 0 0 0 0 0 0 0 0 0 0 0 0 
88.55982206 69.048141 39.1773782 65.60016416 136.4923222 63.75135815 112.4484039 40.93857641 83.55051955 115.658006 52.88631767 19.70126269 71.54395551 49.09402051 94.48577804 82.86948996 61.97681088 81.55690811 58.12373341 22.84467314 11.03289793 116.1803284 85.92659297 34.26742802 86.31830576 27.25471625 52.79040331 63.82506239 17.86520062 46.50462897 12.29927339 0 31.60323172 19.26102286 0 23.31408507 0 0 0 0 0 0 0 0 0 0 0 0 0 0 0 0 0 0 0 0 0 0 0 0 0 0 0 0 0 0 0 0 0 0 0 0 0 0 0 0 0 0 0 0 0 0 0 0 0 0 0 0 0 0 
126.6761184 43.68176237 84.52404611 114.124176 26.02019885 31.23709735 89.73124769 30.65112405 48.06632072 57.68626871 67.35733305 83.80088086 113.8237759 50.64436159 42.13047934 48.23408465 24.52450935 87.89585711 34.89812475 34.18729203 47.19504167 33.42612051 31.98615738 16.88124834 0 24.56550637 39.6833655 11.82049052 11.13517244 7.039990063 0 42.61214587 30.36386506 23.94759064 0 0 0 0 0 0 0 0 0 0 0 0 0 0 0 0 0 0 0 0 0 0 0 0 0 0 0 0 0 0 0 0 0 0 0 0 0 0 0 0 0 0 0 0 0 0 0 0 0 0 0 0 0 0 0 0 
28.07379419 43.53675562 50.39771193 0 54.12200201 59.44341982 80.60389709 41.53745204 56.6082495 50.88375368 63.87419812 91.85382853 52.21732025 56.03919336 50.26871742 61.22334677 52.9889464 40.24558015 20.82516554 51.15138295 26.9447154 41.22957171 24.42566795 14.25200744 65.21131725 31.39714397 34.71348007 49.09713888 36.68989333 0 17.73310067 0 0 10.07576377 0 6.471299482 0 0 0 0 0 0 0 0 0 0 0 0 0 0 0 0 0 0 0 0 0 0 0 0 0 0 0 0 0 0 0 0 0 0 0 0 0 0 0 0 0 0 0 0 0 0 0 0 0 0 0 0 0 0 
91.85807512 73.93929435 71.37670731 101.9776438 28.56124901 38.64975105 75.2842135 136.8292401 72.03744428 50.10736325 44.49755415 10.87551678 36.27405598 27.36523897 91.26612164 90.31424652 55.35765145 68.73432543 75.51426802 38.8429186 56.08162073 37.61756371 22.32416243 19.28045314 37.65505424 45.38405298 44.12161505 10.88104643 24.65648282 12.25785589 0 35.11698312 12.47315333 0 0 11.14714736 0 0 0 0 0 0 0 0 0 0 0 0 0 0 0 0 0 0 0 0 0 0 0 0 0 0 0 0 0 0 0 0 0 0 0 0 0 0 0 0 0 0 0 0 0 0 0 0 0 0 0 0 0 0 
73.87747082 45.66920262 73.06657527 73.49058721 84.13368785 96.61366979 90.4595421 41.11727829 32.44021697 74.2472535 42.92616659 23.59435637 81.7619495 69.61937337 74.30269669 16.17706959 36.61665598 41.12451524 0 23.53339188 46.50797933 59.54221213 23.96324259 1.486658228 8.707121926 36.17560124 48.33437574 11.26961183 12.35726024 0 13.07936805 7.150245297 0 0 0 0 0 0 0 0 0 0 0 0 0 0 0 0 0 0 0 0 0 0 0 0 0 0 0 0 0 0 0 0 0 0 0 0 0 0 0 0 0 0 0 0 0 0 0 0 0 0 0 0 0 0 0 0 0 0 
# Errors [psd_monitor9/analyser9_psd.dat] I_err:
0 0 0 0 0 0 0 0 0 0 0 0 0 0 0 0 0 0 0 0 0 0 0 0 0 0 0 0 0 0 0 0 0 0 0 0 0 0 0 0 0 0 0 0 0 0 0 0 0 0 0 0 0 0 0 0 0 0 0 0 0 0 0 0 0 0 0 0 0 0 0 0 0 0 0 0 0 0 0 0 0 0 0 0 0 0 0 0 0 0 
0 0 0 0 0 0 0 0 0 0 0 0 0 0 0 0 0 0 0 0 0 0 0 0 0 0 0 0 0 0 0 0 0 0 0 0 0 0 0 0 0 0 0 0 0 0 0 0 0 0 0 0 0 0 0 0 0 0 0 0 0 0 0 0 0 0 0 0 0 0 0 0 0 0 0 0 0 0 0 0 0 0 0 0 0 0 0 0 0 0 
0 0 0 0 0 0 0 0 0 0 0 0 0 0 0 0 0 0 0 0 0 0 0 0 0 0 0 0 0 0 0 0 0 0 0 0 0 0 0 0 0 0 0 0 0 0 0 0 0 0 0 0 0 0 0 0 0 0 0 0 0 0 0 0 0 0 0 0 0 0 0 0 0 0 0 0 0 0 0 0 0 0 0 0 0 0 0 0 0 0 
0 0 0 0 0 0 0 0 0 0 0 0 0 0 0 0 0 0 0 0 0 0 0 0 0 0 0 0 0 0 0 0 0 0 0 0 0 0 0 0 0 0 0 0 0 0 0 0 0 0 0 0 0 0 0 0 0 0 0 0 0 0 0 0 0 0 0 0 0 0 0 0 0 0 0 0 0 0 0 0 0 0 0 0 0 0 0 0 0 0 
0 0 0 0 0 0 0 0 0 0 0 0 0 0 0 0 0 0 0 0 0 0 0 0 0 0 0 0 0 0 0 0 0 0 0 0 0 0 0 0 0 0 0 0 0 0 0 0 0 0 0 0 0 0 0 0 0 0 0 0 0 0 0 0 0 0 0 0 0 0 0 0 0 0 0 0 0 0 0 0 0 0 0 0 0 0 0 0 0 0 
0 0 0 0 0 0 0 0 0 0 0 0 0 0 0 0 0 0 0 0 0 0 0 0 0 0 0 0 0 0 0 0 0 0 0 0 0 0 0 0 0 0 0 0 0 0 0 0 0 0 0 0 0 0 0 0 0 0 0 0 0 0 0 0 0 0 0 0 0 0 0 0 0 0 0 0 0 0 0 0 0 0 0 0 0 0 0 0 0 0 
0 0 0 0 0 0 0 0 0 0 0 0 0 0 0 0 0 0 0 0 0 0 0 0 0 0 0 0 0 0 0 0 0 0 0 0 0 0 0 0 0 0 0 0 0 0 0 0 0 0 0 0 0 0 0 0 0 0 0 0 0 0 0 0 0 0 0 0 0 0 0 0 0 0 0 0 0 0 0 0 0 0 0 0 0 0 0 0 0 0 
0 0 0 0 0 0 0 0 0 0 0 0 0 0 0 0 0 0 0 0 0 0 0 0 0 0 0 0 0 0 0 0 0 0 0 0 0 0 0 0 0 0 0 0 0 0 0 0 0 0 0 0 0 0 0 0 0 0 0 0 0 0 0 0 0 0 0 0 0 0 0 0 0 0 0 0 0 0 0 0 0 0 0 0 0 0 0 0 0 0 
0 0 0 0 0 0 0 0 0 0 0 0 0 0 0 0 0 0 0 0 0 0 0 0 0 0 0 0 0 0 0 0 0 0 0 0 0 0 0 0 0 0 0 0 0 0 0 0 0 0 0 0 0 0 0 0 0 0 0 0 0 0 0 0 0 0 0 0 0 0 0 0 0 0 0 0 0 0 0 0 0 0 0 0 0 0 0 0 0 0 
0 0 0 0 0 0 0 0 0 0 0 0 0 0 0 0 0 0 0 0 0 0 0 0 0 0 0 0 0 0 0 0 0 0 0 0 0 0 0 0 0 0 0 0 0 0 0 0 0 0 0 0 0 0 0 0 0 0 0 0 0 0 0 0 0 0 0 0 0 0 0 0 0 0 0 0 0 0 0 0 0 0 0 0 0 0 0 0 0 0 
0 0 0 0 0 0 0 0 0 0 0 0 0 0 0 0 0 0 0 0 0 0 0 0 0 0 0 0 0 0 0 0 0 0 0 0 0 0 0 0 0 0 0 0 0 0 0 0 0 0 0 0 0 0 0 0 0 0 0 0 0 0 0 0 0 0 0 0 0 0 0 0 0 0 0 0 0 0 0 0 0 0 0 0 0 0 0 0 0 0 
0 0 0 0 0 0 0 0 0 0 0 0 0 0 0 0 0 0 0 0 0 0 0 0 0 0 0 0 0 0 0 0 0 0 0 0 0 0 0 0 0 0 0 0 0 0 0 0 0 0 0 0 0 0 0 0 0 0 0 0 0 0 0 0 0 0 0 0 0 0 0 0 0 0 0 0 0 0 0 0 0 0 0 0 0 0 0 0 0 0 
0 0 0 0 0 0 0 0 0 0 0 0 0 0 0 0 0 0 0 0 0 0 0 0 0 0 0 0 0 0 0 0 0 0 0 0 0 0 0 0 0 0 0 0 0 0 0 0 0 0 0 0 0 0 0 0 0 0 0 0 0 0 0 0 0 0 0 0 0 0 0 0 0 0 0 0 0 0 0 0 0 0 0 0 0 0 0 0 0 0 
0 0 0 0 0 0 0 0 0 0 0 0 0 0 0 0 0 0 0 0 0 0 0 0 0 0 0 0 0 0 0 0 0 0 0 0 0 0 0 0 0 0 0 0 0 0 0 0 0 0 0 0 0 0 0 0 0 0 0 0 0 0 0 0 0 0 0 0 0 0 0 0 0 0 0 0 0 0 0 0 0 0 0 0 0 0 0 0 0 0 
0 0 0 0 0 0 0 0 0 0 0 0 0 0 0 0 0 0 0 0 0 0 0 0 0 0 0 0 0 0 0 0 0 0 0 0 0 0 0 0 0 0 0 0 0 0 0 0 0 0 0 0 0 0 0 0 0 0 0 0 0 0 0 0 0 0 0 0 0 0 0 0 0 0 0 0 0 0 0 0 0 0 0 0 0 0 0 0 0 0 
0 0 0 0 0 0 0 0 0 0 0 0 0 0 0 0 0 0 0 0 0 0 0 0 0 0 0 0 0 0 0 0 0 0 0 0 0 0 0 0 0 0 0 0 0 0 0 0 0 0 0 0 0 0 0 0 0 0 0 0 0 0 0 0 0 0 0 0 0 0 0 0 0 0 0 0 0 0 0 0 0 0 0 0 0 0 0 0 0 0 
0 0 0 0 0 0 0 0 0 0 0 0 0 0 0 0 0 0 0 0 0 0 0 0 0 0 0 0 0 0 0 0 0 0 0 0 0 0 0 0 0 0 0 0 0 0 0 0 0 0 0 0 0 0 0 0 0 0 0 0 0 0 0 0 0 0 0 0 0 0 0 0 0 0 0 0 0 0 0 0 0 0 0 0 0 0 0 0 0 0 
0 0 0 0 0 0 0 0 0 0 0 0 0 0 0 0 0 0 0 0 0 0 0 0 0 0 0 0 0 0 0 0 0 0 0 0 0 0 0 0 0 0 0 0 0 0 0 0 0 0 0 0 0 0 0 0 0 0 0 0 0 0 0 0 0 0 0 0 0 0 0 0 0 0 0 0 0 0 0 0 0 0 0 0 0 0 0 0 0 0 
0 0 0 0 0 0 0 0 0 0 0 0 0 0 0 0 0 0 0 0 0 0 0 0 0 0 0 0 0 0 0 0 0 0 0 0 0 0 0 0 0 0 0 0 0 0 0 0 0 0 0 0 0 0 0 0 0 0 0 0 0 0 0 0 0 0 0 0 0 0 0 0 0 0 0 0 0 0 0 0 0 0 0 0 0 0 0 0 0 0 
0 0 0 0 0 0 0 0 0 0 0 0 0 0 0 0 0 0 0 0 0 0 0 0 0 0 0 0 0 0 0 0 0 0 0 0 0 0 0 0 0 0 0 0 0 0 0 0 0 0 0 0 0 0 0 0 0 0 0 0 0 0 0 0 0 0 0 0 0 0 0 0 0 0 0 0 0 0 0 0 0 0 0 0 0 0 0 0 0 0 
0 0 0 0 0 0 0 0 0 0 0 0 0 0 0 0 0 0 0 0 0 0 0 0 0 0 0 0 0 0 0 0 0 0 0 0 0 0 0 0 0 0 0 0 0 0 0 0 0 0 0 0 0 0 0 0 0 0 0 0 0 0 0 0 0 0 0 0 0 0 0 0 0 0 0 0 0 0 0 0 0 0 0 0 0 0 0 0 0 0 
0 0 0 0 0 0 0 0 0 0 0 0 0 0 0 0 0 0 0 0 0 0 0 0 0 0 0 0 0 0 0 0 0 0 0 0 0 0 0 0 0 0 0 0 0 0 0 0 0 0 0 0 0 0 0 0 0 0 0 0 0 0 0 0 0 0 0 0 0 0 0 0 0 0 0 0 0 0 0 0 0 0 0 0 0 0 0 0 0 0 
0 0 0 0 0 0 0 0 0 0 0 0 0 0 0 0 0 0 0 0 0 0 0 0 0 0 0 0 0 0 0 0 0 0 0 0 0 0 0 0 0 0 0 0 0 0 0 0 0 0 0 0 0 0 0 0 0 0 0 0 0 0 0 0 0 0 0 0 0 0 0 0 0 0 0 0 0 0 0 0 0 0 0 0 0 0 0 0 0 0 
0 0 0 0 0 0 0 0 0 0 0 0 0 0 0 0 0 0 0 0 0 0 0 0 0 0 0 0 0 0 0 0 0 0 0 0 0 0 0 0 0 0 0 0 0 0 0 0 0 0 0 0 0 0 0 0 0 0 0 0 0 0 0 0 0 0 0 0 0 0 0 0 0 0 0 0 0 0 0 0 0 0 0 0 0 0 0 0 0 0 
9.121716082 4.313957762 0 0 0 0 0 0 0 0 0 0 0 0 0 0 0 0 0 0 0 0 0 0 0 0 0 0 0 0 0 0 0 0 0 0 0 0 0 0 0 0 0 0 0 0 0 0 0 0 0 0 0 0 0 0 0 0 0 0 0 0 0 0 0 0 0 0 0 0 0 0 0 0 0 0 0 0 0 0 0 0 0 0 0 0 0 0 0 0 
0 0 0 0 0 8.46626545 0 0 0 0 0 0 0 0 0 0 0 0 0 0 0 0 0 0 0 0 0 0 0 0 0 0 0 0 0 0 0 0 0 0 0 0 0 0 0 0 0 0 0 0 0 0 0 0 0 0 0 0 0 0 0 0 0 0 0 0 0 0 0 0 0 0 0 0 0 0 0 0 0 0 0 0 0 0 0 0 0 0 0 0 
8.638568451 7.370317267 0 9.139627893 0 0 0 0 0 0 0 0 0 0 0 0 0 0 0 0 0 0 0 0 0 0 0 0 0 0 0 0 0 0 0 0 0 0 0 0 0 0 0 0 0 0 0 0 0 0 0 0 0 0 0 0 0 0 0 0 0 0 0 0 0 0 0 0 0 0 0 0 0 0 0 0 0 0 0 0 0 0 0 0 0 0 0 0 0 0 
0 0 0 0 0 0 9.407061741 0 0 0 0 0 0 0 0 0 0 0 0 0 0 0 0 0 0 0 0 0 0 0 0 0 0 0 0 0 0 0 0 0 0 0 0 0 0 0 0 0 0 0 0 0 0 0 0 0 0 0 0 0 0 0 0 0 0 0 0 0 0 0 0 0 0 0 0 0 0 0 0 0 0 0 0 0 0 0 0 0 0 0 
4.715705978 5.096840927 0 0 9.152459095 0 7.340242223 0 0 0 0 0 0 0 0 0 0 0 0 0 0 0 0 0 0 0 0 0 0 0 0 0 0 0 0 0 0 0 0 0 0 0 0 0 0 0 0 0 0 0 0 0 0 0 0 0 0 0 0 0 0 0 0 0 0 0 0 0 0 0 0 0 0 0 0 0 0 0 0 0 0 0 0 0 0 0 0 0 0 0 
8.934679534 13.66045422 11.96390869 0 9.780428305 5.295640793 8.863453594 0 0 0 0 0 0 0 0 0 0 0 0 0 0 0 0 0 0 0 0 0 0 0 0 0 0 0 0 0 0 0 0 0 0 0 0 0 0 0 0 0 0 0 0 0 0 0 0 0 0 0 0 0 0 0 0 0 0 0 0 0 0 0 0 0 0 0 0 0 0 0 0 0 0 0 0 0 0 0 0 0 0 0 
11.43270531 8.590175399 0 18.33331055 0 0 8.170353692 0 8.716914733 0 0 0 0 0 8.967798009 0 0 0 0 0 0 0 0 0 0 0 0 0 0 0 0 0 0 0 0 0 0 0 0 0 0 0 0 0 0 0 0 0 0 0 0 0 0 0 0 0 0 0 0 0 0 0 0 0 0 0 0 0 0 0 0 0 0 0 0 0 0 0 0 0 0 0 0 0 0 0 0 0 0 0 
0 9.45858286 8.105061967 10.70518514 8.19124926 9.292630517 8.92440648 0 0 0 0 0 0 0 0 7.381989936 0 0 0 0 0 0 0 0 0 0 0 0 0 0 0 0 0 0 0 0 0 0 0 0 0 0 0 0 0 0 0 0 0 0 0 0 0 0 0 0 0 0 0 0 0 0 0 0 0 0 0 0 0 0 0 0 0 0 0 0 0 0 0 0 0 0 0 0 0 0 0 0 0 0 
14.39646189 13.79709567 17.62413888 12.37013936 0 0 0 11.89170314 11.2448001 0 0 0 0 0 0 0 0 0 0 0 0 0 0 0 0 0 0 0 0 0 0 0 0 0 0 0 0 0 0 0 0 0 0 0 0 0 0 0 0 0 0 0 0 0 0 0 0 0 0 0 0 0 0 0 0 0 0 0 0 0 0 0 0 0 0 0 0 0 0 0 0 0 0 0 0 0 0 0 0 0 
14.82376501 13.83182475 5.861336802 16.82782733 13.34114173 9.1400067 6.130127255 0 7.740509286 8.194424616 0 0 0 0 0 3.568477337 0 0 0 0 0 0 0 0 0 0 0 0 0 0 0 0 0 0 0 0 0 0 0 0 0 0 0 0 0 0 0 0 0 0 0 0 0 0 0 0 0 0 0 0 0 0 0 0 0 0 0 0 0 0 0 0 0 0 0 0 0 0 0 0 0 0 0 0 0 0 0 0 0 0 
17.00837204 12.55426395 17.98288037 9.871002601 20.48074797 19.74985827 9.30425164 7.75081571 9.241300037 0 9.613037089 0 16.22864579 0 0 0 0 0 0 0 0 0 0 0 0 0 0 0 0 0 0 0 0 0 0 0 0 0 0 0 0 0 0 0 0 0 0 0 0 0 0 0 0 0 0 0 0 0 0 0 0 0 0 0 0 0 0 0 0 0 0 0 0 0 0 0 0 0 0 0 0 0 0 0 0 0 0 0 0 0 
17.77970267 12.23044137 15.94338023 16.40965407 21.74697764 17.62766552 0 15.52451648 11.46530619 3.690052646 0 9.536711829 9.252975484 7.192280296 0 0 0 0 0 0 0 0 0 0 0 0 0 0 0 0 0 0 0 0 0 0 0 0 0 0 0 0 0 0 0 0 0 0 0 0 0 0 0 0 0 0 0 0 0 0 0 0 0 0 0 0 0 0 0 0 0 0 0 0 0 0 0 0 0 0 0 0 0 0 0 0 0 0 0 0 
15.39975792 13.5763459 20.60432953 21.5123105 21.42130894 23.47079407 15.63852378 17.08413091 13.35980121 2.886844009 0 13.69876492 0 0 0 0 0 6.562615086 0 0 0 0 0 0 0 0 0 0 0 0 0 0 0 0 0 0 0 0 0 0 0 0 0 0 0 0 0 0 0 0 0 0 0 0 0 0 0 0 0 0 0 0 0 0 0 0 0 0 0 0 0 0 0 0 0 0 0 0 0 0 0 0 0 0 0 0 0 0 0 0 
17.15075614 18.33008836 19.80058834 0 20.75142045 13.40820293 10.54910328 14.62676236 11.98449835 8.538948485 13.99232552 0 0 17.35011476 3.954153041 0 0 0 0 0 0 0 0 0 0 0 0 0 0 0 0 0 0 0 0 0 0 0 0 0 0 0 0 0 0 0 0 0 0 0 0 0 0 0 0 0 0 0 0 0 0 0 0 0 0 0 0 0 0 0 0 0 0 0 0 0 0 0 0 0 0 0 0 0 0 0 0 0 0 0 
24.43228057 18.67969448 12.3310697 20.07616646 16.13586136 9.24215661 17.78100393 14.86572561 10.12319969 20.30566029 4.05625735 5.302486644 11.00888369 9.657941072 9.497315589 11.98442988 0 0 8.196426532 0 0 2.952977395 0 0 0 0 0 0 0 0 0 0 0 0 0 0 0 0 0 0 0 0 0 0 0 0 0 0 0 0 0 0 0 0 0 0 0 0 0 0 0 0 0 0 0 0 0 0 0 0 0 0 0 0 0 0 0 0 0 0 0 0 0 0 0 0 0 0 0 0 
23.11856738 25.33220943 26.93305613 20.24043188 17.72055613 20.71739197 12.82004175 9.422982473 14.76865292 11.71006883 18.51448807 15.99288081 0 6.672059365 0 0 0 10.21632825 0 9.595633107 5.463258326 9.378972824 0 0 0 0 0 0 0 0 0 0 0 0 0 0 0 0 0 0 0 0 0 0 0 0 0 0 0 0 0 0 0 0 0 0 0 0 0 0 0 0 0 0 0 0 0 0 0 0 0 0 0 0 0 0 0 0 0 0 0 0 0 0 0 0 0 0 0 0 
28.9332522 22.6709624 26.10614837 25.73329281 27.80273359 21.35466017 14.37646745 17.0600944 11.69038368 19.14109704 7.519589963 9.914267533 16.47652216 12.10836117 9.891381407 0 13.90004176 11.34168061 0 0 9.836566329 0 0 0 0 0 0 0 0 0 0 0 0 0 0 0 0 0 0 0 0 0 0 0 0 0 0 0 0 0 0 0 0 0 0 0 0 0 0 0 0 0 0 0 0 0 0 0 0 0 0 0 0 0 0 0 0 0 0 0 0 0 0 0 0 0 0 0 0 0 
29.3844248 28.90474281 21.22060675 19.72397922 11.5832607 25.04958511 21.35971319 16.76363589 20.54902165 13.40484931 12.32931452 13.71519075 13.10825511 9.607064993 17.11859794 8.574105893 0 8.366383711 9.295002979 0 9.997639975 0 9.261706057 8.217468802 0 0 0 0 0 0 0 0 0 0 0 0 0 0 0 0 0 0 0 0 0 0 0 0 0 0 0 0 0 0 0 0 0 0 0 0 0 0 0 0 0 0 0 0 0 0 0 0 0 0 0 0 0 0 0 0 0 0 0 0 0 0 0 0 0 0 
25.28981411 34.74182395 25.56539486 30.50270281 26.49054494 19.56329537 21.60941195 23.74216241 17.75255705 16.85036174 15.71828032 23.714661 14.88527381 13.01014435 13.92330632 8.410891893 10.19601422 8.324909781 0 11.83154498 0 0 9.202601679 0 0 0 0 0 0 0 0 0 0 0 0 0 0 0 0 0 0 0 0 0 0 0 0 0 0 0 0 0 0 0 0 0 0 0 0 0 0 0 0 0 0 0 0 0 0 0 0 0 0 0 0 0 0 0 0 0 0 0 0 0 0 0 0 0 0 0 
27.27096991 27.55958682 20.73690554 19.88087175 13.82990121 17.86906099 21.52527545 25.48240163 20.03410405 19.26147444 20.15102875 16.23782965 21.41355693 9.476685649 14.51624604 12.22485223 9.09728672 13.30383039 13.09883168 13.94355895 9.168569622 0 0 0 0 3.852544662 8.449375581 0 0 0 0 0 0 0 0 0 0 0 0 0 0 0 0 0 0 0 0 0 0 0 0 0 0 0 0 0 0 0 0 0 0 0 0 0 0 0 0 0 0 0 0 0 0 0 0 0 0 0 0 0 0 0 0 0 0 0 0 0 0 0 
24.92777627 36.58861691 18.45696616 31.61948047 33.6660217 26.24995258 24.16393014 20.33042061 24.88654143 15.57468278 13.30715475 22.36895296 18.64896676 12.24620205 17.2627079 0 8.044540052 9.848659968 17.38487104 6.679745705 10.35356374 8.262593801 0 8.545994307 10.07820989 0 0 0 0 0 0 0 0 0 0 0 0 0 0 0 0 0 0 0 0 0 0 0 0 0 0 0 0 0 0 0 0 0 0 0 0 0 0 0 0 0 0 0 0 0 0 0 0 0 0 0 0 0 0 0 0 0 0 0 0 0 0 0 0 0 
31.85736825 25.72636533 32.49429684 29.41119536 13.84674286 24.69869595 27.800247 31.10738683 26.03834753 22.44097055 28.1665123 17.42470482 21.28140308 14.36192664 19.43884268 12.07340471 20.17949661 9.773009729 20.22206206 0 9.728863504 0 0 0 9.780764027 6.43744844 0 0 6.267439815 0 0 0 0 0 0 0 0 0 0 0 0 0 0 0 0 0 0 0 0 0 0 0 0 0 0 0 0 0 0 0 0 0 0 0 0 0 0 0 0 0 0 0 0 0 0 0 0 0 0 0 0 0 0 0 0 0 0 0 0 0 
40.14187769 24.67568385 36.52718211 28.69433158 19.94289293 30.41426002 22.67077207 26.25563109 29.23261945 28.59535968 21.48948995 27.62911874 21.88208671 15.21207098 16.14046392 15.44984284 14.25415847 18.17447621 18.61593276 8.108053584 9.048975598 9.793276351 0 0 11.65889279 8.173735084 8.546364902 0 0 0 0 0 0 0 0 0 0 0 0 0 0 0 0 0 0 0 0 0 0 0 0 0 0 0 0 0 0 0 0 0 0 0 0 0 0 0 0 0 0 0 0 0 0 0 0 0 0 0 0 0 0 0 0 0 0 0 0 0 0 0 
35.26599789 25.26949749 31.1618649 24.04809599 25.30458939 32.19958031 26.18452631 26.97370038 26.44066104 26.99691875 22.58500233 16.50443217 16.31832049 26.55543299 26.50359355 8.003579549 17.37782659 19.58466287 9.176379948 13.99986383 4.267068856 11.6846607 0 7.079349471 0 10.18763579 8.813430259 0 11.83762753 0 0 0 0 0 0 0 0 0 0 0 0 0 0 0 0 0 0 0 0 0 0 0 0 0 0 0 0 0 0 0 0 0 0 0 0 0 0 0 0 0 0 0 0 0 0 0 0 0 0 0 0 0 0 0 0 0 0 0 0 0 
30.49650391 29.00593276 17.78000897 37.18850944 30.14205001 30.46205308 28.23423348 32.43178061 23.11097193 26.3510233 33.8382009 32.01680446 21.48411933 22.99075598 24.42377663 32.61704421 14.00268231 17.04746548 14.36657296 6.224668576 11.04736516 10.73745603 13.48777171 11.73242783 11.86542532 10.01589579 0 10.43807244 8.948804138 0 0 0 0 0 0 0 0 0 0 0 0 0 0 0 0 0 0 0 0 0 0 0 0 0 0 0 0 0 0 0 0 0 0 0 0 0 0 0 0 0 0 0 0 0 0 0 0 0 0 0 0 0 0 0 0 0 0 0 0 0 
25.06291623 35.85692294 31.84437525 31.73881882 32.54928049 34.37473886 34.59756431 27.61848439 22.25480158 24.22381096 28.54166412 25.15195768 18.0058895 17.55069584 22.14755061 24.65955278 26.43091491 19.21184149 16.90411049 11.40283761 12.36523703 22.49296595 9.348172634 13.03875755 0 12.5180835 13.46290945 0 0 0 0 0 0 0 8.206793415 0 0 0 0 0 0 0 0 0 0 0 0 0 0 0 0 0 0 0 0 0 0 0 0 0 0 0 0 0 0 0 0 0 0 0 0 0 0 0 0 0 0 0 0 0 0 0 0 0 0 0 0 0 0 0 
32.52630742 35.79283335 33.45462677 30.49594989 29.63226285 25.93678158 33.44890764 27.78426633 21.18576329 31.39781437 25.78025024 19.05706696 29.94187306 25.21691479 28.62490688 19.5035371 16.43270967 11.42718763 23.28390058 9.770748721 11.11078179 12.11689152 3.520006527 13.0419678 10.37672705 10.96623995 4.469183967 3.069815915 0 9.993393933 10.36259388 0 0 0 0 0 0 0 0 0 0 0 0 0 0 0 0 0 0 0 0 0 0 0 0 0 0 0 0 0 0 0 0 0 0 0 0 0 0 0 0 0 0 0 0 0 0 0 0 0 0 0 0 0 0 0 0 0 0 0 
35.02878976 36.7659011 24.8081072 30.33894552 32.02714897 21.63676878 32.53439228 38.16421704 28.44863093 32.9573205 26.94787438 22.70733056 21.2762232 18.7122009 22.4349271 16.87397444 19.93795438 16.94136357 21.63989429 17.24478468 24.7367395 13.58898898 19.54407539 13.59886413 13.08289492 10.43757936 9.973476589 0 5.639859158 0 0 0 0 0 0 0 0 0 0 0 0 0 0 0 0 0 0 0 0 0 0 0 0 0 0 0 0 0 0 0 0 0 0 0 0 0 0 0 0 0 0 0 0 0 0 0 0 0 0 0 0 0 0 0 0 0 0 0 0 0 
35.05572822 32.62729641 26.90838396 30.67899098 34.78287341 33.2497404 37.61119313 34.89977875 34.32389669 34.97450301 23.77478942 28.10286537 30.25818388 25.0711488 21.45312 23.95348028 24.99322162 25.91083553 23.42346038 21.38066483 17.00239735 16.63563144 19.26451624 6.91722727 13.81940148 15.01989552 0 0 8.672940019 0 10.54135813 10.36277085 0 0 6.671938547 0 0 0 0 0 0 0 0 0 0 0 0 0 0 0 0 0 0 0 0 0 0 0 0 0 0 0 0 0 0 0 0 0 0 0 0 0 0 0 0 0 0 0 0 0 0 0 0 0 0 0 0 0 0 0 
40.33733815 32.11143617 31.85212874 32.03009964 33.06247926 33.70341433 26.82093413 35.77496324 32.35021176 26.69708022 29.29346489 25.72495074 26.17492507 34.10774012 22.39803535 30.80702053 20.7786468 16.34758817 19.57427694 14.1722943 22.76819578 17.95407794 15.67453869 18.08135529 8.23731093 12.51468687 20.35106778 1.836758228 9.389604078 0 3.793915066 10.39614118 0 0 0 0 0 0 0 0 0 0 0 0 0 0 0 0 0 0 0 0 0 0 0 0 0 0 0 0 0 0 0 0 0 0 0 0 0 0 0 0 0 0 0 0 0 0 0 0 0 0 0 0 0 0 0 0 0 0 
33.54971957 36.19748067 33.27720373 30.36993476 29.36891715 40.523582 30.55806671 29.31017124 40.56607626 30.84376843 30.64179373 22.39927665 28.79358802 37.66618098 25.53774973 27.40123598 21.25050433 33.96221656 24.36885202 29.91866973 13.42247824 18.49144679 21.60213405 25.24443263 21.81540639 19.2417416 2.733351527 12.44493212 8.894657272 5.837116216 14.48646641 10.82720933 0 0 0 0 7.410559583 0 0 0 0 0 0 0 0 0 0 0 0 0 0 0 0 0 0 0 0 0 0 0 0 0 0 0 0 0 0 0 0 0 0 0 0 0 0 0 0 0 0 0 0 0 0 0 0 0 0 0 0 0 
35.85248873 35.10095357 34.85113576 26.50869491 35.63835313 23.06776241 31.50753987 28.29599257 30.4411951 33.22761604 35.5984717 39.55882382 31.43685587 33.08222681 28.66318871 27.62413999 23.95789866 21.62225897 25.47402568 18.29227647 13.50697191 15.2166014 19.30502691 14.77750911 15.2527968 13.62748382 14.13342085 16.85938337 12.55920791 0 0 10.70070115 0 0 7.838737642 0 0 0 0 0 0 0 0 0 0 0 0 0 0 0 0 0 0 0 0 0 0 0 0 0 0 0 0 0 0 0 0 0 0 0 0 0 0 0 0 0 0 0 0 0 0 0 0 0 0 0 0 0 0 0 
25.74975603 18.50236444 33.54875224 33.12765687 36.94544833 30.33452708 26.2618336 26.42210566 31.83684056 25.65781626 25.33761424 22.26840349 30.73737801 23.97782062 28.29403059 26.51085727 29.01933191 30.33459857 34.38264846 21.50771944 21.68780255 18.71888595 14.36653581 13.01166177 14.18976478 21.90445735 8.422266506 9.537303763 17.6085429 0 13.57392048 0 0 0 10.74124495 0 0 0 4.723107009 0 0 0 0 0 0 0 0 0 0 0 0 0 0 0 0 0 0 0 0 0 0 0 0 0 0 0 0 0 0 0 0 0 0 0 0 0 0 0 0 0 0 0 0 0 0 0 0 0 0 0 
25.06958262 30.25332715 33.54863047 29.09135746 25.36924475 28.75809703 34.84425554 33.57022553 31.69636621 28.96870185 27.90590334 33.03801317 26.07539462 25.2059298 20.23037731 28.23694563 31.47850425 24.54184167 17.3955266 26.9863856 19.4420992 27.1844476 18.63699936 18.83623492 19.23055001 15.50073538 11.0522611 16.19650486 0 0 12.6843598 0 10.69433572 0 10.4049305 0 0 0 0 0 0 0 0 0 0 0 0 0 0 0 0 0 0 0 0 0 0 0 0 0 0 0 0 0 0 0 0 0 0 0 0 0 0 0 0 0 0 0 0 0 0 0 0 0 0 0 0 0 0 0 
31.95780097 25.76467761 27.2123758 28.71095717 29.84274953 30.54404349 31.6530864 33.28070886 29.21432939 30.48265881 32.63166132 34.98125493 32.28965679 32.58685674 31.07897181 24.56268638 29.9306861 30.26446259 26.44057854 22.19943801 24.84119428 11.01166087 33.06030265 27.37555579 22.6862524 16.42056681 11.92707653 19.51144814 16.28277762 15.64424347 2.460983407 9.024508868 8.414836564 0 0 0 0 0 0 0 0 0 0 0 0 0 0 0 0 0 0 0 0 0 0 0 0 0 0 0 0 0 0 0 0 0 0 0 0 0 0 0 0 0 0 0 0 0 0 0 0 0 0 0 0 0 0 0 0 0 
37.83886925 34.11920573 33.32407346 43.50943926 39.99104863 31.15474786 30.13079436 31.24881642 36.5633684 32.10011101 34.52922503 33.01018042 30.62260654 29.65711761 35.73654 14.96397809 30.92220171 29.83236514 38.19774981 23.21836559 32.44782474 24.51640324 18.6392212 19.55372769 15.16878207 20.63456256 25.25162339 13.07177941 17.00875401 0 13.92752746 13.11239682 0 10.73167788 0 0 0 0 0 0 0 0 0 0 0 0 0 0 0 0 0 0 0 0 0 0 0 0 0 0 0 0 0 0 0 0 0 0 0 0 0 0 0 0 0 0 0 0 0 0 0 0 0 0 0 0 0 0 0 0 
24.33126499 32.35793296 29.24398981 32.99791564 30.34691899 33.74159592 30.2270893 32.6492055 36.33951439 30.95257936 31.34522702 29.83603535 28.32497999 28.46066221 36.55531962 37.35647999 29.41261239 27.39656389 23.69697378 22.66166413 19.83329755 26.71430783 30.36667451 23.20881091 23.8679277 21.66439257 14.4275756 27.46343872 19.8185576 16.49887497 12.73208637 9.995413861 12.27963458 0 12.51736946 0 0 8.860518091 0 0 0 0 0 0 0 0 0 0 0 0 0 0 0 0 0 0 0 0 0 0 0 0 0 0 0 0 0 0 0 0 0 0 0 0 0 0 0 0 0 0 0 0 0 0 0 0 0 0 0 0 
32.49456057 25.05357301 35.0482316 24.90601856 31.49343029 29.52821423 36.81205432 32.95270217 29.95465653 27.72109415 34.30215975 26.76782334 38.70314179 33.42757712 35.40063288 40.47658016 32.43320998 27.27803078 27.44601683 25.76848435 27.53734117 21.92071439 23.15651025 18.59987427 20.60620897 25.7585742 21.18578616 10.53607065 18.63786412 22.63415686 9.094952196 0 12.77835359 0 0 6.911593358 0 0 0 0 0 0 0 0 0 0 0 0 0 0 0 0 0 0 0 0 0 0 0 0 0 0 0 0 0 0 0 0 0 0 0 0 0 0 0 0 0 0 0 0 0 0 0 0 0 0 0 0 0 0 
33.84879894 34.32399265 35.91338685 35.93169139 34.26337602 25.1407045 33.66078927 33.81964721 28.72258143 26.70385243 29.29060568 40.74657745 38.02371497 34.5654058 26.78999523 28.30493561 26.92955096 31.30400617 24.19055664 22.00334275 36.66261881 35.10516659 28.76657989 18.15777584 21.30464551 23.71388539 15.07682262 23.6370537 24.55575323 17.48614657 19.24711952 20.80392806 2.51834746 0 0 0 0 0 0 0 0 0 0 0 0 0 0 0 0 0 0 0 0 0 0 0 0 0 0 0 0 0 0 0 0 0 0 0 0 0 0 0 0 0 0 0 0 0 0 0 0 0 0 0 0 0 0 0 0 0 
35.44416899 34.04488894 25.43452846 31.23332049 27.56302047 36.25131336 31.48382658 34.22769105 29.00472293 31.22513669 34.37853539 27.97652457 31.56529129 27.71150469 28.02802272 33.70754911 29.41658223 25.32963289 33.10173056 29.25374261 27.14209111 31.18049501 28.15363738 27.95571987 25.55865955 29.89374346 22.12607659 13.97046961 12.39864742 16.48544496 22.21960702 0 0 10.11759974 0 0 0 10.22285519 0 0 0 0 0 0 0 0 0 0 0 0 0 0 0 0 0 0 0 0 0 0 0 0 0 0 0 0 0 0 0 0 0 0 0 0 0 0 0 0 0 0 0 0 0 0 0 0 0 0 0 0 
25.37642641 30.11194111 41.73356713 33.79093849 34.28152947 33.29199509 34.60776072 32.82507451 36.96040744 28.76226629 43.01027503 34.1505816 30.70054822 36.84873835 30.34590621 36.00536524 30.91939715 35.69371424 38.85951644 35.29015287 35.89538356 32.01725507 31.67965024 31.04210077 23.53786005 22.85155628 21.11386702 15.21845366 13.77336821 9.878399223 21.91477996 9.101668145 16.48938493 0 6.282108614 10.29238623 6.711032091 0 9.735863586 0 0 0 0 0 0 0 0 0 0 0 0 0 0 0 0 0 0 0 0 0 0 0 0 0 0 0 0 0 0 0 0 0 0 0 0 0 0 0 0 0 0 0 0 0 0 0 0 0 0 0 
34.07777141 32.02875451 33.89607254 36.87285792 29.46588662 36.31071459 40.46764468 24.50597907 37.63685935 29.04269068 30.59599554 36.07462037 28.16403592 36.65855417 21.95611386 28.08017305 32.57608734 34.08486042 29.25981014 27.65715844 26.30097919 34.23273919 21.64396773 25.22835861 22.41157536 21.0196723 14.51381278 19.52389324 19.32009245 25.86557553 10.4993107 9.1461379 11.15069054 8.364540305 15.05332602 3.615819675 8.241814946 0 0 0 0 0 0 0 0 0 0 0 0 0 0 0 0 0 0 0 0 0 0 0 0 0 0 0 0 0 0 0 0 0 0 0 0 0 0 0 0 0 0 0 0 0 0 0 0 0 0 0 0 0 
25.07682834 30.9012036 26.68433279 36.71600679 26.5696511 41.14229664 30.39280815 27.56449164 32.17596171 35.67287252 43.33061703 36.61018391 29.29910143 24.56870822 29.32615539 36.15889494 35.5509431 20.71654102 29.09063024 30.39052538 30.50850092 27.83800057 21.71127468 29.75527298 36.68075126 29.81446438 29.99267203 21.0904395 13.72700615 22.20379536 16.91709234 13.28154831 22.88113973 1.729058623 15.00886904 15.06802239 11.68905443 11.1556319 0 0 0 0 0 0 0 0 0 0 0 0 0 0 0 0 0 0 0 0 0 0 0 0 0 0 0 0 0 0 0 0 0 0 0 0 0 0 0 0 0 0 0 0 0 0 0 0 0 0 0 0 
30.65948287 29.61760671 28.49039602 23.60705316 36.68663358 33.24536761 27.21275443 33.77448004 30.35383617 30.06615636 40.12374124 38.15537898 33.4184645 32.2961089 26.25219236 23.59470231 31.41026931 25.60487443 25.12334095 20.87918698 34.16726964 31.09177412 20.07467494 31.91788657 13.70195489 21.34384515 22.23259445 29.22338233 14.05163913 26.01566876 17.12094808 10.97257261 0 14.92037434 0 12.95564224 0 0 0 0 0 0 0 0 0 0 0 0 0 0 0 0 0 0 0 0 0 0 0 0 0 0 0 0 0 0 0 0 0 0 0 0 0 0 0 0 0 0 0 0 0 0 0 0 0 0 0 0 0 0 
26.53676471 36.76286911 24.22836131 32.91265865 31.24687318 30.33331992 32.45350808 27.95437942 28.85648468 42.90453292 35.67535115 38.02509626 31.62603402 24.92786332 39.43371484 40.00784403 32.74305732 41.50017663 29.18111187 21.9803066 26.6053885 28.25352796 31.67506536 33.26537215 23.08464265 24.24565152 23.75981967 27.28259725 23.81819612 24.71481436 15.87109799 21.44214564 0 17.08493829 6.064818635 15.63340797 10.58253367 7.530814668 0 0 0 0 0 0 0 0 0 0 0 0 0 0 0 0 0 0 0 0 0 0 0 0 0 0 0 0 0 0 0 0 0 0 0 0 0 0 0 0 0 0 0 0 0 0 0 0 0 0 0 0 
29.15148322 30.37703883 38.83151846 35.58861086 25.61149286 29.25235812 24.24203137 28.79819383 37.96615778 43.10868539 22.57646677 26.72708276 29.79091749 37.94453175 35.27969425 38.29044086 30.89558576 21.07362566 27.27370436 29.15928817 35.98481726 25.45321054 31.93951545 31.07934005 33.99717362 21.5035695 24.87384833 22.65779409 28.79418396 25.0745908 0 9.867670166 15.66210307 7.642301221 0 0 0 0 0 0 0 0 0 0 0 0 0 0 0 0 0 0 0 0 0 0 0 0 0 0 0 0 0 0 0 0 0 0 0 0 0 0 0 0 0 0 0 0 0 0 0 0 0 0 0 0 0 0 0 0 
26.41436751 27.00770383 29.20111617 37.36695543 34.98919695 30.61634825 31.58759143 24.20368129 28.47278873 35.31327499 34.69491473 32.38270028 29.91506357 37.92626922 35.43700165 35.07583559 32.0619081 24.06479983 34.78466157 36.29075701 31.17461598 28.23270896 29.5750432 24.82488604 26.40330061 22.17443169 22.91862537 15.67843526 24.56595385 30.03206848 23.52910723 12.50759048 22.0949455 16.83451462 14.35664576 0 0 0 10.4414032 0 0 0 0 0 0 0 0 0 0 0 0 0 0 0 0 0 0 0 0 0 0 0 0 0 0 0 0 0 0 0 0 0 0 0 0 0 0 0 0 0 0 0 0 0 0 0 0 0 0 0 
29.62985537 33.37550932 32.95295768 37.6440566 30.57354535 28.89382869 36.20478603 21.3060869 33.41851729 24.19753729 32.43416712 28.4948524 36.72403154 38.08248779 30.13532979 16.76157293 34.86115367 31.59176941 22.8090523 29.4029801 27.21632 34.36490579 27.2604983 32.30257027 26.55742994 7.741466736 30.00630486 28.83914342 26.49323527 15.16372441 12.4502714 23.98908159 24.39968042 0 11.36159134 6.375511471 0 0 0 0 0 0 0 0 0 0 0 0 0 0 0 0 0 0 0 0 0 0 0 0 0 0 0 0 0 0 0 0 0 0 0 0 0 0 0 0 0 0 0 0 0 0 0 0 0 0 0 0 0 0 
31.05036488 30.39073044 28.21665303 27.15428459 36.45298631 27.49904674 39.08892033 33.91574349 36.14756264 26.33562822 40.07277109 37.03313804 34.50788773 43.98147505 37.95766361 40.43144089 24.95063983 34.15810596 25.6418798 37.47446877 26.51820647 32.56521439 26.24396113 25.2936143 23.18005936 20.99013126 30.31020333 21.2910097 22.4484129 23.02797414 22.60199874 15.75885459 23.23228982 23.78464935 0 0 10.6800395 11.40127421 0 7.6834846 0 0 0 0 0 0 0 0 0 0 0 0 0 0 0 0 0 0 0 0 0 0 0 0 0 0 0 0 0 0 0 0 0 0 0 0 0 0 0 0 0 0 0 0 0 0 0 0 0 0 
28.23704308 33.25050845 19.42165395 24.76911556 34.18923734 36.33199604 28.38860201 31.68143153 36.52971744 35.46972946 27.75743051 43.26006563 31.76699744 18.98815546 21.79020647 28.03677533 33.03242679 28.50226591 24.84485186 30.63491322 21.88916078 25.5002883 34.80979793 20.47439187 32.59566148 20.78616757 28.43366809 28.08768714 22.81543281 24.3515416 19.07135036 22.13902703 24.42635522 17.07179606 11.30583659 14.43120769 16.69550141 10.56989593 0 0 0 0 0 0 0 0 0 0 0 0 0 0 0 0 0 0 0 0 0 0 0 0 0 0 0 0 0 0 0 0 0 0 0 0 0 0 0 0 0 0 0 0 0 0 0 0 0 0 0 0 
19.3191998 11.97918053 29.73884017 27.34119306 33.12654171 27.70022431 27.11674001 33.88146182 32.56553853 25.73097216 26.09361766 30.48119214 40.07620211 38.88114414 28.82667168 27.98249941 37.49617194 30.04033829 27.68536962 21.02102656 22.78729295 14.57101271 31.31533438 33.73802156 21.47564643 35.18415665 26.54222295 26.39313058 14.34331619 25.42444282 33.45744752 11.89434021 15.95089149 12.12319516 14.69951909 0 6.207799614 4.114755565 0 0 9.793190269 0 0 0 0 0 0 0 0 0 0 0 0 0 0 0 0 0 0 0 0 0 0 0 0 0 0 0 0 0 0 0 0 0 0 0 0 0 0 0 0 0 0 0 0 0 0 0 0 0 
25.7476625 31.63091384 26.10835409 29.60203 10.20598757 29.71815343 35.38612478 30.62396238 37.76268729 30.40339976 31.85371511 29.98620084 25.54099018 30.16334368 33.66803353 31.83192363 35.52929091 28.05170551 36.44817467 33.60531774 29.12179285 28.93198679 29.04384628 31.28710783 35.80709913 24.35382218 30.25652811 9.590133794 26.64704096 17.83106428 20.1095192 16.63116574 27.96000932 13.25433574 7.616805691 10.52382415 3.813678305 0 0 0 0 0 0 0 0 0 0 0 0 0 0 0 0 0 0 0 0 0 0 0 0 0 0 0 0 0 0 0 0 0 0 0 0 0 0 0 0 0 0 0 0 0 0 0 0 0 0 0 0 0 
24.56834629 28.60753322 25.98913962 25.51449119 29.88113579 37.27084341 37.4688836 30.48128844 28.43016189 30.08689021 17.27220196 26.93447213 26.7137701 30.00862015 29.61637052 18.24994394 31.88785507 27.11680277 34.24707038 23.77526953 31.45317812 27.06942916 20.39750701 29.95006723 24.17642999 24.55249901 29.33757866 28.59350849 28.44752333 19.25782787 12.11448161 23.72050075 14.21343208 12.04374957 11.34487352 0.5225883718 0 8.677054408 0 0 0 0 0 0 0 0 0 0 0 0 0 0 0 0 0 0 0 0 0 0 0 0 0 0 0 0 0 0 0 0 0 0 0 0 0 0 0 0 0 0 0 0 0 0 0 0 0 0 0 0 
22.38167764 26.14342542 27.28156741 39.70423059 35.59359246 32.17505255 22.00884391 15.86266033 32.11965313 32.23365652 22.53319845 33.54630127 31.9779883 32.66964069 26.77369655 35.01529046 30.61555902 24.84965492 30.27709568 35.86929188 37.60828519 32.18252562 23.24489339 29.81710903 27.39860335 26.41632405 22.82132471 20.67053245 19.9862844 15.09035131 14.6014465 2.999501125 19.15667414 10.27177279 0 13.53227091 0 0 0 0 0 0 0 0 0 0 0 0 0 0 0 0 0 0 0 0 0 0 0 0 0 0 0 0 0 0 0 0 0 0 0 0 0 0 0 0 0 0 0 0 0 0 0 0 0 0 0 0 0 0 
22.6664925 26.94669769 37.64700215 29.41340451 20.37214307 23.87304389 19.86881061 31.80237911 29.47977795 32.62812136 23.58912168 18.89940644 30.70761091 39.10513504 26.11313214 33.58524565 30.59809947 24.45720183 24.77025714 24.88821495 38.39684804 32.71738544 8.070042647 30.91004947 24.91363543 24.02653128 18.82852877 25.70990537 26.75522005 15.5275106 21.1008307 7.469320211 19.51503201 14.44001788 4.058061178 11.7799867 6.444807652 0 8.624095042 0 0 0 0 0 0 0 0 0 0 0 0 0 0 0 0 0 0 0 0 0 0 0 0 0 0 0 0 0 0 0 0 0 0 0 0 0 0 0 0 0 0 0 0 0 0 0 0 0 0 0 
19.60955051 40.43731571 22.36980384 46.17713984 23.45196239 29.12541912 32.50275385 26.33485332 35.70362238 25.61266337 34.05482681 28.99669705 26.54654355 34.64100345 32.07030664 36.97877185 31.07197627 32.56158982 21.09340142 35.09153805 25.30741559 34.69052764 27.16741714 26.91610437 25.61106265 26.86918168 17.75420302 11.5108589 21.59869161 15.82840867 17.89080872 24.22284472 15.9705087 19.96377234 12.86175341 9.37086134 12.56960734 0 0 0 0 0 0 0 0 0 0 0 0 0 0 0 0 0 0 0 0 0 0 0 0 0 0 0 0 0 0 0 0 0 0 0 0 0 0 0 0 0 0 0 0 0 0 0 0 0 0 0 0 0 
35.09810971 20.31154962 32.9006925 34.05912869 32.19269886 12.73255358 36.46590823 32.25725052 32.42432495 24.13969619 27.29075086 24.22226571 25.04261212 36.10046362 19.09167575 0 33.69254231 40.76847364 25.19288366 34.54064445 30.62554202 31.41521084 25.7759456 17.87184535 12.96344847 33.23489891 25.98292493 36.62138077 15.10767152 18.36224762 25.59838219 17.07339288 17.15184288 11.08951698 14.71292947 8.625904483 0 0 0 0 0 0 0 0 0 0 0 0 0 0 0 0 0 0 0 0 0 0 0 0 0 0 0 0 0 0 0 0 0 0 0 0 0 0 0 0 0 0 0 0 0 0 0 0 0 0 0 0 0 0 
35.56410068 24.86549414 23.57879566 28.90869432 30.28394136 32.82557589 30.10297857 30.60726099 34.72555679 28.01963707 20.32653534 23.93714432 37.1225398 33.9986719 33.68482058 27.39318833 31.7337578 19.29482516 21.43202005 33.07059013 30.90071198 30.38266348 28.97147454 20.04525537 26.38408074 24.89170209 22.26508958 20.35052079 14.07295248 24.32699442 18.94733884 22.76815088 20.69911721 1.960398443 11.99760191 0 0 0 0 0 0 0 0 0 0 0 0 0 0 0 0 0 0 0 0 0 0 0 0 0 0 0 0 0 0 0 0 0 0 0 0 0 0 0 0 0 0 0 0 0 0 0 0 0 0 0 0 0 0 0 
40.18982145 30.91141032 31.58657566 29.24454044 19.02001572 27.41620387 32.74127069 28.95783721 27.80485039 23.59625536 20.82345238 41.87193269 32.48912148 29.61307257 14.56641075 21.17298178 25.12343851 20.86942886 34.4187881 21.78111242 27.36474376 21.99608999 27.13919162 19.20055894 19.030159 21.43136075 23.37669676 24.11931925 20.3903865 24.08190845 17.87057477 21.22735311 15.38799832 19.53155377 0 0 9.96694838 11.32365447 6.022350002 0 0 0 0 0 0 0 0 0 0 0 0 0 0 0 0 0 0 0 0 0 0 0 0 0 0 0 0 0 0 0 0 0 0 0 0 0 0 0 0 0 0 0 0 0 0 0 0 0 0 0 
17.39716768 32.69252783 29.40412275 25.9873073 34.51416308 20.15736414 34.05284908 33.27627399 27.48202086 31.60494731 23.91128244 30.21134922 26.9887576 19.54152028 26.74949892 33.29436625 25.96373468 25.32488024 26.09051739 29.24057049 30.08525782 39.36636324 26.70521608 32.32894324 25.388915 26.17616129 12.84865804 23.38882758 15.58019517 24.91965237 25.09503035 15.74897988 11.79944449 12.95878786 19.85721988 0 11.89579123 0 1.782559137 0 0 0 0 0 0 0 0 0 0 0 0 0 0 0 0 0 0 0 0 0 0 0 0 0 0 0 0 0 0 0 0 0 0 0 0 0 0 0 0 0 0 0 0 0 0 0 0 0 0 0 
32.33611011 37.02329648 23.53382124 27.45400918 30.84908521 33.84220452 29.95854898 25.57842084 35.42203073 28.32428295 32.61840159 29.15800584 37.15841644 30.06131078 28.72010996 15.23463928 27.31415791 33.12828919 28.87845726 21.71395101 31.90062565 34.06996669 18.35159747 21.36288364 21.39901561 9.412112154 20.66389137 10.59425914 24.00635948 13.0783559 5.619542936 8.314985106 24.36662987 17.94100719 14.02818258 12.4922538 0 0 0 0 0 0 0 0 0 0 0 0 0 0 0 0 0 0 0 0 0 0 0 0 0 0 0 0 0 0 0 0 0 0 0 0 0 0 0 0 0 0 0 0 0 0 0 0 0 0 0 0 0 0 
32.48007228 28.71895897 21.4574763 29.37711564 40.50386112 26.90329461 35.97311741 21.54150436 30.85481851 36.81608794 24.1567705 15.462441 28.06524145 24.6645516 32.94924564 30.15498757 26.00336966 30.19200766 26.09184823 16.31589975 11.03289793 36.96576761 30.6334925 19.95431632 31.31534648 18.00388973 21.95195151 27.07336 13.06086101 21.96849315 12.29927339 0 18.29510955 15.073822 0 16.48809772 0 0 0 0 0 0 0 0 0 0 0 0 0 0 0 0 0 0 0 0 0 0 0 0 0 0 0 0 0 0 0 0 0 0 0 0 0 0 0 0 0 0 0 0 0 0 0 0 0 0 0 0 0 0 
39.89319875 23.05971399 32.1179861 37.38679116 18.82857596 18.07095159 32.31424961 18.69526016 24.41314827 25.61142312 27.68035291 30.75004031 36.34406778 23.23132178 21.11479763 22.79343622 17.52204107 31.44852981 20.48950147 18.26273792 21.91066859 19.88227511 18.60345146 14.37656096 0 17.38593628 20.88631894 11.82049052 11.13517244 7.039990063 0 21.39604347 17.57741415 16.95114385 0 0 0 0 0 0 0 0 0 0 0 0 0 0 0 0 0 0 0 0 0 0 0 0 0 0 0 0 0 0 0 0 0 0 0 0 0 0 0 0 0 0 0 0 0 0 0 0 0 0 0 0 0 0 0 0 
16.82109232 21.21586481 25.33181946 0 25.00548128 27.94123793 29.69951422 24.00387956 25.7591398 24.68924654 26.37082684 33.09044536 23.25438786 23.94846786 21.87724912 27.86539981 23.81274846 19.18249385 14.59267578 25.74305574 17.13747471 20.82077947 17.27207286 10.34383091 26.70257447 18.74443627 20.16284008 24.57023038 21.20810525 0 13.39232841 0 0 10.07576377 0 4.832706205 0 0 0 0 0 0 0 0 0 0 0 0 0 0 0 0 0 0 0 0 0 0 0 0 0 0 0 0 0 0 0 0 0 0 0 0 0 0 0 0 0 0 0 0 0 0 0 0 0 0 0 0 0 0 
34.54844636 30.62421854 28.55484606 34.60964381 17.19982855 19.02361104 30.9793553 40.25427099 29.62568242 22.87638006 23.55738842 10.87551678 21.08608838 14.7582005 34.76320505 34.20027499 24.26250192 28.58718683 29.85927021 22.43748215 25.17448418 21.75590467 15.80058031 13.77228598 19.24209099 22.73826514 22.32680651 10.88104643 17.46185038 12.25785589 0 18.94317215 12.47315333 0 0 11.14714736 0 0 0 0 0 0 0 0 0 0 0 0 0 0 0 0 0 0 0 0 0 0 0 0 0 0 0 0 0 0 0 0 0 0 0 0 0 0 0 0 0 0 0 0 0 0 0 0 0 0 0 0 0 0 
30.98475675 24.2160603 30.6053103 31.02442137 30.86437367 35.18088226 32.56034322 23.76997383 18.86901375 29.68546768 22.10614693 16.79164659 30.72606053 28.11733422 28.58698602 13.61209952 17.34254123 20.68788252 0 15.64859962 23.48493468 26.47838163 14.64116773 1.486658228 8.707121926 21.02296469 23.03051097 11.26961183 12.35726024 0 13.07936805 7.150245297 0 0 0 0 0 0 0 0 0 0 0 0 0 0 0 0 0 0 0 0 0 0 0 0 0 0 0 0 0 0 0 0 0 0 0 0 0 0 0 0 0 0 0 0 0 0 0 0 0 0 0 0 0 0 0 0 0 0 
# Events [psd_monitor9/analyser9_psd.dat] N:
0 0 0 0 0 0 0 0 0 0 0 0 0 0 0 0 0 0 0 0 0 0 0 0 0 0 0 0 0 0 0 0 0 0 0 0 0 0 0 0 0 0 0 0 0 0 0 0 0 0 0 0 0 0 0 0 0 0 0 0 0 0 0 0 0 0 0 0 0 0 0 0 0 0 0 0 0 0 0 0 0 0 0 0 0 0 0 0 0 0 
0 0 0 0 0 0 0 0 0 0 0 0 0 0 0 0 0 0 0 0 0 0 0 0 0 0 0 0 0 0 0 0 0 0 0 0 0 0 0 0 0 0 0 0 0 0 0 0 0 0 0 0 0 0 0 0 0 0 0 0 0 0 0 0 0 0 0 0 0 0 0 0 0 0 0 0 0 0 0 0 0 0 0 0 0 0 0 0 0 0 
0 0 0 0 0 0 0 0 0 0 0 0 0 0 0 0 0 0 0 0 0 0 0 0 0 0 0 0 0 0 0 0 0 0 0 0 0 0 0 0 0 0 0 0 0 0 0 0 0 0 0 0 0 0 0 0 0 0 0 0 0 0 0 0 0 0 0 0 0 0 0 0 0 0 0 0 0 0 0 0 0 0 0 0 0 0 0 0 0 0 
0 0 0 0 0 0 0 0 0 0 0 0 0 0 0 0 0 0 0 0 0 0 0 0 0 0 0 0 0 0 0 0 0 0 0 0 0 0 0 0 0 0 0 0 0 0 0 0 0 0 0 0 0 0 0 0 0 0 0 0 0 0 0 0 0 0 0 0 0 0 0 0 0 0 0 0 0 0 0 0 0 0 0 0 0 0 0 0 0 0 
0 0 0 0 0 0 0 0 0 0 0 0 0 0 0 0 0 0 0 0 0 0 0 0 0 0 0 0 0 0 0 0 0 0 0 0 0 0 0 0 0 0 0 0 0 0 0 0 0 0 0 0 0 0 0 0 0 0 0 0 0 0 0 0 0 0 0 0 0 0 0 0 0 0 0 0 0 0 0 0 0 0 0 0 0 0 0 0 0 0 
0 0 0 0 0 0 0 0 0 0 0 0 0 0 0 0 0 0 0 0 0 0 0 0 0 0 0 0 0 0 0 0 0 0 0 0 0 0 0 0 0 0 0 0 0 0 0 0 0 0 0 0 0 0 0 0 0 0 0 0 0 0 0 0 0 0 0 0 0 0 0 0 0 0 0 0 0 0 0 0 0 0 0 0 0 0 0 0 0 0 
0 0 0 0 0 0 0 0 0 0 0 0 0 0 0 0 0 0 0 0 0 0 0 0 0 0 0 0 0 0 0 0 0 0 0 0 0 0 0 0 0 0 0 0 0 0 0 0 0 0 0 0 0 0 0 0 0 0 0 0 0 0 0 0 0 0 0 0 0 0 0 0 0 0 0 0 0 0 0 0 0 0 0 0 0 0 0 0 0 0 
0 0 0 0 0 0 0 0 0 0 0 0 0 0 0 0 0 0 0 0 0 0 0 0 0 0 0 0 0 0 0 0 0 0 0 0 0 0 0 0 0 0 0 0 0 0 0 0 0 0 0 0 0 0 0 0 0 0 0 0 0 0 0 0 0 0 0 0 0 0 0 0 0 0 0 0 0 0 0 0 0 0 0 0 0 0 0 0 0 0 
0 0 0 0 0 0 0 0 0 0 0 0 0 0 0 0 0 0 0 0 0 0 0 0 0 0 0 0 0 0 0 0 0 0 0 0 0 0 0 0 0 0 0 0 0 0 0 0 0 0 0 0 0 0 0 0 0 0 0 0 0 0 0 0 0 0 0 0 0 0 0 0 0 0 0 0 0 0 0 0 0 0 0 0 0 0 0 0 0 0 
0 0 0 0 0 0 0 0 0 0 0 0 0 0 0 0 0 0 0 0 0 0 0 0 0 0 0 0 0 0 0 0 0 0 0 0 0 0 0 0 0 0 0 0 0 0 0 0 0 0 0 0 0 0 0 0 0 0 0 0 0 0 0 0 0 0 0 0 0 0 0 0 0 0 0 0 0 0 0 0 0 0 0 0 0 0 0 0 0 0 
0 0 0 0 0 0 0 0 0 0 0 0 0 0 0 0 0 0 0 0 0 0 0 0 0 0 0 0 0 0 0 0 0 0 0 0 0 0 0 0 0 0 0 0 0 0 0 0 0 0 0 0 0 0 0 0 0 0 0 0 0 0 0 0 0 0 0 0 0 0 0 0 0 0 0 0 0 0 0 0 0 0 0 0 0 0 0 0 0 0 
0 0 0 0 0 0 0 0 0 0 0 0 0 0 0 0 0 0 0 0 0 0 0 0 0 0 0 0 0 0 0 0 0 0 0 0 0 0 0 0 0 0 0 0 0 0 0 0 0 0 0 0 0 0 0 0 0 0 0 0 0 0 0 0 0 0 0 0 0 0 0 0 0 0 0 0 0 0 0 0 0 0 0 0 0 0 0 0 0 0 
0 0 0 0 0 0 0 0 0 0 0 0 0 0 0 0 0 0 0 0 0 0 0 0 0 0 0 0 0 0 0 0 0 0 0 0 0 0 0 0 0 0 0 0 0 0 0 0 0 0 0 0 0 0 0 0 0 0 0 0 0 0 0 0 0 0 0 0 0 0 0 0 0 0 0 0 0 0 0 0 0 0 0 0 0 0 0 0 0 0 
0 0 0 0 0 0 0 0 0 0 0 0 0 0 0 0 0 0 0 0 0 0 0 0 0 0 0 0 0 0 0 0 0 0 0 0 0 0 0 0 0 0 0 0 0 0 0 0 0 0 0 0 0 0 0 0 0 0 0 0 0 0 0 0 0 0 0 0 0 0 0 0 0 0 0 0 0 0 0 0 0 0 0 0 0 0 0 0 0 0 
0 0 0 0 0 0 0 0 0 0 0 0 0 0 0 0 0 0 0 0 0 0 0 0 0 0 0 0 0 0 0 0 0 0 0 0 0 0 0 0 0 0 0 0 0 0 0 0 0 0 0 0 0 0 0 0 0 0 0 0 0 0 0 0 0 0 0 0 0 0 0 0 0 0 0 0 0 0 0 0 0 0 0 0 0 0 0 0 0 0 
0 0 0 0 0 0 0 0 0 0 0 0 0 0 0 0 0 0 0 0 0 0 0 0 0 0 0 0 0 0 0 0 0 0 0 0 0 0 0 0 0 0 0 0 0 0 0 0 0 0 0 0 0 0 0 0 0 0 0 0 0 0 0 0 0 0 0 0 0 0 0 0 0 0 0 0 0 0 0 0 0 0 0 0 0 0 0 0 0 0 
0 0 0 0 0 0 0 0 0 0 0 0 0 0 0 0 0 0 0 0 0 0 0 0 0 0 0 0 0 0 0 0 0 0 0 0 0 0 0 0 0 0 0 0 0 0 0 0 0 0 0 0 0 0 0 0 0 0 0 0 0 0 0 0 0 0 0 0 0 0 0 0 0 0 0 0 0 0 0 0 0 0 0 0 0 0 0 0 0 0 
0 0 0 0 0 0 0 0 0 0 0 0 0 0 0 0 0 0 0 0 0 0 0 0 0 0 0 0 0 0 0 0 0 0 0 0 0 0 0 0 0 0 0 0 0 0 0 0 0 0 0 0 0 0 0 0 0 0 0 0 0 0 0 0 0 0 0 0 0 0 0 0 0 0 0 0 0 0 0 0 0 0 0 0 0 0 0 0 0 0 
0 0 0 0 0 0 0 0 0 0 0 0 0 0 0 0 0 0 0 0 0 0 0 0 0 0 0 0 0 0 0 0 0 0 0 0 0 0 0 0 0 0 0 0 0 0 0 0 0 0 0 0 0 0 0 0 0 0 0 0 0 0 0 0 0 0 0 0 0 0 0 0 0 0 0 0 0 0 0 0 0 0 0 0 0 0 0 0 0 0 
0 0 0 0 0 0 0 0 0 0 0 0 0 0 0 0 0 0 0 0 0 0 0 0 0 0 0 0 0 0 0 0 0 0 0 0 0 0 0 0 0 0 0 0 0 0 0 0 0 0 0 0 0 0 0 0 0 0 0 0 0 0 0 0 0 0 0 0 0 0 0 0 0 0 0 0 0 0 0 0 0 0 0 0 0 0 0 0 0 0 
0 0 0 0 0 0 0 0 0 0 0 0 0 0 0 0 0 0 0 0 0 0 0 0 0 0 0 0 0 0 0 0 0 0 0 0 0 0 0 0 0 0 0 0 0 0 0 0 0 0 0 0 0 0 0 0 0 0 0 0 0 0 0 0 0 0 0 0 0 0 0 0 0 0 0 0 0 0 0 0 0 0 0 0 0 0 0 0 0 0 
0 0 0 0 0 0 0 0 0 0 0 0 0 0 0 0 0 0 0 0 0 0 0 0 0 0 0 0 0 0 0 0 0 0 0 0 0 0 0 0 0 0 0 0 0 0 0 0 0 0 0 0 0 0 0 0 0 0 0 0 0 0 0 0 0 0 0 0 0 0 0 0 0 0 0 0 0 0 0 0 0 0 0 0 0 0 0 0 0 0 
0 0 0 0 0 0 0 0 0 0 0 0 0 0 0 0 0 0 0 0 0 0 0 0 0 0 0 0 0 0 0 0 0 0 0 0 0 0 0 0 0 0 0 0 0 0 0 0 0 0 0 0 0 0 0 0 0 0 0 0 0 0 0 0 0 0 0 0 0 0 0 0 0 0 0 0 0 0 0 0 0 0 0 0 0 0 0 0 0 0 
0 0 0 0 0 0 0 0 0 0 0 0 0 0 0 0 0 0 0 0 0 0 0 0 0 0 0 0 0 0 0 0 0 0 0 0 0 0 0 0 0 0 0 0 0 0 0 0 0 0 0 0 0 0 0 0 0 0 0 0 0 0 0 0 0 0 0 0 0 0 0 0 0 0 0 0 0 0 0 0 0 0 0 0 0 0 0 0 0 0 
1 1 0 0 0 0 0 0 0 0 0 0 0 0 0 0 0 0 0 0 0 0 0 0 0 0 0 0 0 0 0 0 0 0 0 0 0 0 0 0 0 0 0 0 0 0 0 0 0 0 0 0 0 0 0 0 0 0 0 0 0 0 0 0 0 0 0 0 0 0 0 0 0 0 0 0 0 0 0 0 0 0 0 0 0 0 0 0 0 0 
0 0 0 0 0 1 0 0 0 0 0 0 0 0 0 0 0 0 0 0 0 0 0 0 0 0 0 0 0 0 0 0 0 0 0 0 0 0 0 0 0 0 0 0 0 0 0 0 0 0 0 0 0 0 0 0 0 0 0 0 0 0 0 0 0 0 0 0 0 0 0 0 0 0 0 0 0 0 0 0 0 0 0 0 0 0 0 0 0 0 
1 1 0 1 0 0 0 0 0 0 0 0 0 0 0 0 0 0 0 0 0 0 0 0 0 0 0 0 0 0 0 0 0 0 0 0 0 0 0 0 0 0 0 0 0 0 0 0 0 0 0 0 0 0 0 0 0 0 0 0 0 0 0 0 0 0 0 0 0 0 0 0 0 0 0 0 0 0 0 0 0 0 0 0 0 0 0 0 0 0 
0 0 0 0 0 0 1 0 0 0 0 0 0 0 0 0 0 0 0 0 0 0 0 0 0 0 0 0 0 0 0 0 0 0 0 0 0 0 0 0 0 0 0 0 0 0 0 0 0 0 0 0 0 0 0 0 0 0 0 0 0 0 0 0 0 0 0 0 0 0 0 0 0 0 0 0 0 0 0 0 0 0 0 0 0 0 0 0 0 0 
1 1 0 0 1 0 1 0 0 0 0 0 0 0 0 0 0 0 0 0 0 0 0 0 0 0 0 0 0 0 0 0 0 0 0 0 0 0 0 0 0 0 0 0 0 0 0 0 0 0 0 0 0 0 0 0 0 0 0 0 0 0 0 0 0 0 0 0 0 0 0 0 0 0 0 0 0 0 0 0 0 0 0 0 0 0 0 0 0 0 
1 3 2 0 2 1 1 0 0 0 0 0 0 0 0 0 0 0 0 0 0 0 0 0 0 0 0 0 0 0 0 0 0 0 0 0 0 0 0 0 0 0 0 0 0 0 0 0 0 0 0 0 0 0 0 0 0 0 0 0 0 0 0 0 0 0 0 0 0 0 0 0 0 0 0 0 0 0 0 0 0 0 0 0 0 0 0 0 0 0 
2 1 0 6 0 0 1 0 1 0 0 0 0 0 1 0 0 0 0 0 0 0 0 0 0 0 0 0 0 0 0 0 0 0 0 0 0 0 0 0 0 0 0 0 0 0 0 0 0 0 0 0 0 0 0 0 0 0 0 0 0 0 0 0 0 0 0 0 0 0 0 0 0 0 0 0 0 0 0 0 0 0 0 0 0 0 0 0 0 0 
0 2 1 2 1 1 1 0 0 0 0 0 0 0 0 1 0 0 0 0 0 0 0 0 0 0 0 0 0 0 0 0 0 0 0 0 0 0 0 0 0 0 0 0 0 0 0 0 0 0 0 0 0 0 0 0 0 0 0 0 0 0 0 0 0 0 0 0 0 0 0 0 0 0 0 0 0 0 0 0 0 0 0 0 0 0 0 0 0 0 
3 3 5 3 0 0 0 2 2 0 0 0 0 0 0 0 0 0 0 0 0 0 0 0 0 0 0 0 0 0 0 0 0 0 0 0 0 0 0 0 0 0 0 0 0 0 0 0 0 0 0 0 0 0 0 0 0 0 0 0 0 0 0 0 0 0 0 0 0 0 0 0 0 0 0 0 0 0 0 0 0 0 0 0 0 0 0 0 0 0 
3 3 2 4 3 1 1 0 1 2 0 0 0 0 0 1 0 0 0 0 0 0 0 0 0 0 0 0 0 0 0 0 0 0 0 0 0 0 0 0 0 0 0 0 0 0 0 0 0 0 0 0 0 0 0 0 0 0 0 0 0 0 0 0 0 0 0 0 0 0 0 0 0 0 0 0 0 0 0 0 0 0 0 0 0 0 0 0 0 0 
5 4 6 2 6 5 1 1 2 0 1 0 3 0 0 0 0 0 0 0 0 0 0 0 0 0 0 0 0 0 0 0 0 0 0 0 0 0 0 0 0 0 0 0 0 0 0 0 0 0 0 0 0 0 0 0 0 0 0 0 0 0 0 0 0 0 0 0 0 0 0 0 0 0 0 0 0 0 0 0 0 0 0 0 0 0 0 0 0 0 
6 3 5 7 7 4 0 3 2 1 0 1 1 1 0 0 0 0 0 0 0 0 0 0 0 0 0 0 0 0 0 0 0 0 0 0 0 0 0 0 0 0 0 0 0 0 0 0 0 0 0 0 0 0 0 0 0 0 0 0 0 0 0 0 0 0 0 0 0 0 0 0 0 0 0 0 0 0 0 0 0 0 0 0 0 0 0 0 0 0 
3 3 6 7 6 9 3 4 3 1 0 3 0 0 0 0 0 1 0 0 0 0 0 0 0 0 0 0 0 0 0 0 0 0 0 0 0 0 0 0 0 0 0 0 0 0 0 0 0 0 0 0 0 0 0 0 0 0 0 0 0 0 0 0 0 0 0 0 0 0 0 0 0 0 0 0 0 0 0 0 0 0 0 0 0 0 0 0 0 0 
5 6 6 0 6 2 3 5 2 1 3 0 0 4 1 0 0 0 0 0 0 0 0 0 0 0 0 0 0 0 0 0 0 0 0 0 0 0 0 0 0 0 0 0 0 0 0 0 0 0 0 0 0 0 0 0 0 0 0 0 0 0 0 0 0 0 0 0 0 0 0 0 0 0 0 0 0 0 0 0 0 0 0 0 0 0 0 0 0 0 
9 6 3 7 5 3 5 3 2 5 1 1 2 2 1 3 0 0 1 0 0 1 0 0 0 0 0 0 0 0 0 0 0 0 0 0 0 0 0 0 0 0 0 0 0 0 0 0 0 0 0 0 0 0 0 0 0 0 0 0 0 0 0 0 0 0 0 0 0 0 0 0 0 0 0 0 0 0 0 0 0 0 0 0 0 0 0 0 0 0 
8 10 12 6 7 8 3 1 3 3 4 3 0 2 0 0 0 2 0 1 1 1 0 0 0 0 0 0 0 0 0 0 0 0 0 0 0 0 0 0 0 0 0 0 0 0 0 0 0 0 0 0 0 0 0 0 0 0 0 0 0 0 0 0 0 0 0 0 0 0 0 0 0 0 0 0 0 0 0 0 0 0 0 0 0 0 0 0 0 0 
16 10 12 11 10 6 4 5 2 5 2 1 4 2 1 0 3 2 0 0 1 0 0 0 0 0 0 0 0 0 0 0 0 0 0 0 0 0 0 0 0 0 0 0 0 0 0 0 0 0 0 0 0 0 0 0 0 0 0 0 0 0 0 0 0 0 0 0 0 0 0 0 0 0 0 0 0 0 0 0 0 0 0 0 0 0 0 0 0 0 
15 11 6 5 3 11 11 4 6 3 5 5 2 1 4 1 0 1 1 0 1 0 1 1 0 0 0 0 0 0 0 0 0 0 0 0 0 0 0 0 0 0 0 0 0 0 0 0 0 0 0 0 0 0 0 0 0 0 0 0 0 0 0 0 0 0 0 0 0 0 0 0 0 0 0 0 0 0 0 0 0 0 0 0 0 0 0 0 0 0 
9 21 8 12 11 7 7 9 8 4 4 9 3 2 3 1 2 3 0 2 0 0 1 0 0 0 0 0 0 0 0 0 0 0 0 0 0 0 0 0 0 0 0 0 0 0 0 0 0 0 0 0 0 0 0 0 0 0 0 0 0 0 0 0 0 0 0 0 0 0 0 0 0 0 0 0 0 0 0 0 0 0 0 0 0 0 0 0 0 0 
11 14 7 6 3 4 10 10 5 5 7 6 7 2 2 2 1 2 2 2 1 0 0 0 0 1 1 0 0 0 0 0 0 0 0 0 0 0 0 0 0 0 0 0 0 0 0 0 0 0 0 0 0 0 0 0 0 0 0 0 0 0 0 0 0 0 0 0 0 0 0 0 0 0 0 0 0 0 0 0 0 0 0 0 0 0 0 0 0 0 
9 20 6 16 17 10 8 7 11 4 3 9 5 3 5 0 2 1 7 1 1 1 0 1 1 0 0 0 0 0 0 0 0 0 0 0 0 0 0 0 0 0 0 0 0 0 0 0 0 0 0 0 0 0 0 0 0 0 0 0 0 0 0 0 0 0 0 0 0 0 0 0 0 0 0 0 0 0 0 0 0 0 0 0 0 0 0 0 0 0 
13 15 14 10 5 9 12 15 9 7 12 5 8 6 6 3 7 2 6 0 1 0 0 0 1 1 0 0 1 0 0 0 0 0 0 0 0 0 0 0 0 0 0 0 0 0 0 0 0 0 0 0 0 0 0 0 0 0 0 0 0 0 0 0 0 0 0 0 0 0 0 0 0 0 0 0 0 0 0 0 0 0 0 0 0 0 0 0 0 0 
26 10 19 11 6 16 8 8 14 14 6 11 6 4 3 4 4 4 5 1 1 1 0 0 3 1 1 0 0 0 0 0 0 0 0 0 0 0 0 0 0 0 0 0 0 0 0 0 0 0 0 0 0 0 0 0 0 0 0 0 0 0 0 0 0 0 0 0 0 0 0 0 0 0 0 0 0 0 0 0 0 0 0 0 0 0 0 0 0 0 
17 11 17 13 11 17 12 10 12 10 10 4 5 11 8 1 4 5 2 3 1 2 0 1 0 1 2 0 3 0 0 0 0 0 0 0 0 0 0 0 0 0 0 0 0 0 0 0 0 0 0 0 0 0 0 0 0 0 0 0 0 0 0 0 0 0 0 0 0 0 0 0 0 0 0 0 0 0 0 0 0 0 0 0 0 0 0 0 0 0 
16 14 7 18 12 13 12 16 7 9 16 13 7 7 9 15 3 4 3 1 2 2 2 2 2 2 0 2 1 0 0 0 0 0 0 0 0 0 0 0 0 0 0 0 0 0 0 0 0 0 0 0 0 0 0 0 0 0 0 0 0 0 0 0 0 0 0 0 0 0 0 0 0 0 0 0 0 0 0 0 0 0 0 0 0 0 0 0 0 0 
11 20 14 14 19 16 15 11 6 9 11 8 6 5 7 9 10 8 4 3 2 6 1 2 0 2 2 0 0 0 0 0 0 0 1 0 0 0 0 0 0 0 0 0 0 0 0 0 0 0 0 0 0 0 0 0 0 0 0 0 0 0 0 0 0 0 0 0 0 0 0 0 0 0 0 0 0 0 0 0 0 0 0 0 0 0 0 0 0 0 
14 18 19 16 14 10 16 13 7 14 8 5 15 10 12 5 4 2 8 1 4 2 1 2 1 2 1 1 0 1 1 0 0 0 0 0 0 0 0 0 0 0 0 0 0 0 0 0 0 0 0 0 0 0 0 0 0 0 0 0 0 0 0 0 0 0 0 0 0 0 0 0 0 0 0 0 0 0 0 0 0 0 0 0 0 0 0 0 0 0 
15 18 12 12 13 7 14 19 11 15 10 8 7 6 8 4 6 5 7 4 8 2 6 2 2 2 1 0 1 0 0 0 0 0 0 0 0 0 0 0 0 0 0 0 0 0 0 0 0 0 0 0 0 0 0 0 0 0 0 0 0 0 0 0 0 0 0 0 0 0 0 0 0 0 0 0 0 0 0 0 0 0 0 0 0 0 0 0 0 0 
18 13 10 14 18 16 19 15 16 18 8 12 12 9 9 8 7 9 10 6 4 4 5 1 3 3 0 0 2 0 1 1 0 0 1 0 0 0 0 0 0 0 0 0 0 0 0 0 0 0 0 0 0 0 0 0 0 0 0 0 0 0 0 0 0 0 0 0 0 0 0 0 0 0 0 0 0 0 0 0 0 0 0 0 0 0 0 0 0 0 
21 15 14 16 13 16 10 16 15 10 14 12 12 15 10 12 6 5 6 3 8 5 3 5 1 2 5 1 1 0 1 1 0 0 0 0 0 0 0 0 0 0 0 0 0 0 0 0 0 0 0 0 0 0 0 0 0 0 0 0 0 0 0 0 0 0 0 0 0 0 0 0 0 0 0 0 0 0 0 0 0 0 0 0 0 0 0 0 0 0 
14 15 13 12 12 21 12 12 20 12 14 8 15 19 10 10 8 14 7 10 4 4 6 9 6 4 1 2 1 1 3 1 0 0 0 0 1 0 0 0 0 0 0 0 0 0 0 0 0 0 0 0 0 0 0 0 0 0 0 0 0 0 0 0 0 0 0 0 0 0 0 0 0 0 0 0 0 0 0 0 0 0 0 0 0 0 0 0 0 0 
21 18 15 10 17 9 13 12 12 17 18 22 13 16 10 10 8 6 11 5 3 4 4 2 3 2 2 3 2 0 0 2 0 0 1 0 0 0 0 0 0 0 0 0 0 0 0 0 0 0 0 0 0 0 0 0 0 0 0 0 0 0 0 0 0 0 0 0 0 0 0 0 0 0 0 0 0 0 0 0 0 0 0 0 0 0 0 0 0 0 
10 6 15 15 16 11 9 10 14 11 11 7 12 9 10 9 13 11 12 6 8 5 4 2 3 6 1 1 4 0 2 0 0 0 1 0 0 0 1 0 0 0 0 0 0 0 0 0 0 0 0 0 0 0 0 0 0 0 0 0 0 0 0 0 0 0 0 0 0 0 0 0 0 0 0 0 0 0 0 0 0 0 0 0 0 0 0 0 0 0 
7 14 15 12 9 12 16 17 13 12 12 15 9 9 6 14 13 6 4 8 6 8 5 5 5 3 2 3 0 0 3 0 1 0 1 0 0 0 0 0 0 0 0 0 0 0 0 0 0 0 0 0 0 0 0 0 0 0 0 0 0 0 0 0 0 0 0 0 0 0 0 0 0 0 0 0 0 0 0 0 0 0 0 0 0 0 0 0 0 0 
13 8 10 13 11 13 15 13 11 13 14 15 11 16 12 8 10 14 9 8 7 2 14 10 6 4 2 4 4 3 1 1 1 0 0 0 0 0 0 0 0 0 0 0 0 0 0 0 0 0 0 0 0 0 0 0 0 0 0 0 0 0 0 0 0 0 0 0 0 0 0 0 0 0 0 0 0 0 0 0 0 0 0 0 0 0 0 0 0 0 
15 13 13 22 18 15 12 11 17 14 16 16 13 11 16 4 16 12 16 7 15 9 6 6 4 5 7 3 3 0 2 2 0 2 0 0 0 0 0 0 0 0 0 0 0 0 0 0 0 0 0 0 0 0 0 0 0 0 0 0 0 0 0 0 0 0 0 0 0 0 0 0 0 0 0 0 0 0 0 0 0 0 0 0 0 0 0 0 0 0 
10 11 12 14 12 15 15 15 18 15 13 16 13 11 18 15 11 11 9 8 7 10 10 7 9 7 2 9 4 4 2 1 2 0 2 0 0 1 0 0 0 0 0 0 0 0 0 0 0 0 0 0 0 0 0 0 0 0 0 0 0 0 0 0 0 0 0 0 0 0 0 0 0 0 0 0 0 0 0 0 0 0 0 0 0 0 0 0 0 0 
15 9 14 10 13 10 15 12 12 11 16 9 21 16 16 22 14 9 12 11 9 7 6 4 5 8 9 1 4 5 2 0 3 0 0 2 0 0 0 0 0 0 0 0 0 0 0 0 0 0 0 0 0 0 0 0 0 0 0 0 0 0 0 0 0 0 0 0 0 0 0 0 0 0 0 0 0 0 0 0 0 0 0 0 0 0 0 0 0 0 
14 17 15 16 15 9 15 13 10 9 11 19 17 19 10 10 9 14 8 6 15 15 12 4 6 6 2 6 7 3 4 6 1 0 0 0 0 0 0 0 0 0 0 0 0 0 0 0 0 0 0 0 0 0 0 0 0 0 0 0 0 0 0 0 0 0 0 0 0 0 0 0 0 0 0 0 0 0 0 0 0 0 0 0 0 0 0 0 0 0 
14 14 8 12 10 15 13 17 11 13 16 12 13 9 11 13 11 10 12 12 11 12 9 9 7 10 6 2 2 4 5 0 0 2 0 0 0 1 0 0 0 0 0 0 0 0 0 0 0 0 0 0 0 0 0 0 0 0 0 0 0 0 0 0 0 0 0 0 0 0 0 0 0 0 0 0 0 0 0 0 0 0 0 0 0 0 0 0 0 0 
6 12 19 11 14 12 13 14 17 10 20 14 11 16 11 14 11 15 17 16 16 12 14 12 10 6 6 4 2 2 6 1 3 0 1 1 1 0 1 0 0 0 0 0 0 0 0 0 0 0 0 0 0 0 0 0 0 0 0 0 0 0 0 0 0 0 0 0 0 0 0 0 0 0 0 0 0 0 0 0 0 0 0 0 0 0 0 0 0 0 
11 12 12 18 10 13 18 5 15 10 10 15 10 17 6 12 12 14 13 12 10 12 5 7 8 4 3 6 4 7 1 1 1 1 2 1 1 0 0 0 0 0 0 0 0 0 0 0 0 0 0 0 0 0 0 0 0 0 0 0 0 0 0 0 0 0 0 0 0 0 0 0 0 0 0 0 0 0 0 0 0 0 0 0 0 0 0 0 0 0 
8 11 8 13 8 16 9 9 11 16 19 15 11 7 11 16 16 6 10 11 11 10 6 9 17 9 10 6 3 6 4 3 5 1 2 2 2 1 0 0 0 0 0 0 0 0 0 0 0 0 0 0 0 0 0 0 0 0 0 0 0 0 0 0 0 0 0 0 0 0 0 0 0 0 0 0 0 0 0 0 0 0 0 0 0 0 0 0 0 0 
10 9 10 7 14 12 10 16 10 12 16 19 15 14 8 7 12 9 8 8 14 12 6 9 5 6 5 8 2 7 3 1 0 3 0 2 0 0 0 0 0 0 0 0 0 0 0 0 0 0 0 0 0 0 0 0 0 0 0 0 0 0 0 0 0 0 0 0 0 0 0 0 0 0 0 0 0 0 0 0 0 0 0 0 0 0 0 0 0 0 
9 14 7 13 13 14 10 9 9 19 15 14 12 8 20 18 13 18 10 7 8 9 13 13 5 9 6 7 8 6 3 5 0 3 2 3 1 1 0 0 0 0 0 0 0 0 0 0 0 0 0 0 0 0 0 0 0 0 0 0 0 0 0 0 0 0 0 0 0 0 0 0 0 0 0 0 0 0 0 0 0 0 0 0 0 0 0 0 0 0 
8 11 13 12 6 9 7 8 16 21 7 10 10 15 14 18 11 6 9 8 13 7 14 11 12 5 7 6 7 6 0 1 3 1 0 0 0 0 0 0 0 0 0 0 0 0 0 0 0 0 0 0 0 0 0 0 0 0 0 0 0 0 0 0 0 0 0 0 0 0 0 0 0 0 0 0 0 0 0 0 0 0 0 0 0 0 0 0 0 0 
8 8 8 14 11 12 12 7 12 13 13 12 10 15 14 10 10 8 11 16 9 9 11 6 9 6 6 3 7 10 8 2 5 4 2 0 0 0 2 0 0 0 0 0 0 0 0 0 0 0 0 0 0 0 0 0 0 0 0 0 0 0 0 0 0 0 0 0 0 0 0 0 0 0 0 0 0 0 0 0 0 0 0 0 0 0 0 0 0 0 
8 12 14 16 10 8 15 5 13 7 13 8 15 17 12 5 13 11 6 8 10 13 11 9 8 1 9 9 8 2 3 6 6 0 2 1 0 0 0 0 0 0 0 0 0 0 0 0 0 0 0 0 0 0 0 0 0 0 0 0 0 0 0 0 0 0 0 0 0 0 0 0 0 0 0 0 0 0 0 0 0 0 0 0 0 0 0 0 0 0 
9 8 9 10 12 12 15 10 12 7 16 15 11 18 15 16 6 12 8 14 8 9 8 6 8 7 10 4 5 5 6 4 6 5 0 0 1 1 0 1 0 0 0 0 0 0 0 0 0 0 0 0 0 0 0 0 0 0 0 0 0 0 0 0 0 0 0 0 0 0 0 0 0 0 0 0 0 0 0 0 0 0 0 0 0 0 0 0 0 0 
9 11 5 6 11 14 10 9 13 14 6 16 9 6 6 11 13 9 9 8 5 10 12 6 12 6 7 9 6 7 3 5 7 3 1 2 3 1 0 0 0 0 0 0 0 0 0 0 0 0 0 0 0 0 0 0 0 0 0 0 0 0 0 0 0 0 0 0 0 0 0 0 0 0 0 0 0 0 0 0 0 0 0 0 0 0 0 0 0 0 
4 4 9 8 14 9 10 11 11 7 6 9 17 14 12 9 12 9 9 6 7 3 10 11 7 11 10 7 2 6 10 2 2 2 4 0 1 1 0 0 1 0 0 0 0 0 0 0 0 0 0 0 0 0 0 0 0 0 0 0 0 0 0 0 0 0 0 0 0 0 0 0 0 0 0 0 0 0 0 0 0 0 0 0 0 0 0 0 0 0 
9 10 5 9 2 7 11 9 12 10 10 7 6 12 12 9 12 8 13 11 9 10 7 8 12 6 10 3 12 4 5 3 7 2 2 3 1 0 0 0 0 0 0 0 0 0 0 0 0 0 0 0 0 0 0 0 0 0 0 0 0 0 0 0 0 0 0 0 0 0 0 0 0 0 0 0 0 0 0 0 0 0 0 0 0 0 0 0 0 0 
5 7 6 7 8 12 13 9 7 9 6 7 7 8 9 4 10 10 12 6 8 7 5 8 7 6 9 8 7 4 1 6 2 1 1 1 0 1 0 0 0 0 0 0 0 0 0 0 0 0 0 0 0 0 0 0 0 0 0 0 0 0 0 0 0 0 0 0 0 0 0 0 0 0 0 0 0 0 0 0 0 0 0 0 0 0 0 0 0 0 
7 9 5 13 10 9 5 3 9 10 5 11 9 9 9 10 10 7 9 12 15 11 4 11 7 7 5 5 4 2 2 1 3 1 0 2 0 0 0 0 0 0 0 0 0 0 0 0 0 0 0 0 0 0 0 0 0 0 0 0 0 0 0 0 0 0 0 0 0 0 0 0 0 0 0 0 0 0 0 0 0 0 0 0 0 0 0 0 0 0 
4 9 12 9 5 5 4 9 8 9 6 4 9 12 6 11 8 8 8 7 15 9 2 9 5 5 3 7 7 2 4 1 4 3 1 1 1 0 1 0 0 0 0 0 0 0 0 0 0 0 0 0 0 0 0 0 0 0 0 0 0 0 0 0 0 0 0 0 0 0 0 0 0 0 0 0 0 0 0 0 0 0 0 0 0 0 0 0 0 0 
3 12 4 15 6 9 9 6 12 5 10 9 8 12 10 13 9 11 4 12 6 12 7 9 9 6 2 3 6 2 3 6 2 4 2 1 1 0 0 0 0 0 0 0 0 0 0 0 0 0 0 0 0 0 0 0 0 0 0 0 0 0 0 0 0 0 0 0 0 0 0 0 0 0 0 0 0 0 0 0 0 0 0 0 0 0 0 0 0 0 
12 4 8 10 9 1 10 9 11 6 6 10 5 13 5 0 10 13 6 12 8 7 7 4 2 10 7 13 3 3 7 2 3 3 2 1 0 0 0 0 0 0 0 0 0 0 0 0 0 0 0 0 0 0 0 0 0 0 0 0 0 0 0 0 0 0 0 0 0 0 0 0 0 0 0 0 0 0 0 0 0 0 0 0 0 0 0 0 0 0 
8 4 5 8 7 8 5 8 10 9 3 7 14 11 9 7 10 4 6 10 8 11 8 6 8 6 4 5 2 6 3 5 4 1 1 0 0 0 0 0 0 0 0 0 0 0 0 0 0 0 0 0 0 0 0 0 0 0 0 0 0 0 0 0 0 0 0 0 0 0 0 0 0 0 0 0 0 0 0 0 0 0 0 0 0 0 0 0 0 0 
15 9 7 7 4 9 8 7 8 6 4 13 9 7 3 4 6 4 11 5 6 5 8 4 4 4 6 5 5 5 4 5 2 4 0 0 1 1 1 0 0 0 0 0 0 0 0 0 0 0 0 0 0 0 0 0 0 0 0 0 0 0 0 0 0 0 0 0 0 0 0 0 0 0 0 0 0 0 0 0 0 0 0 0 0 0 0 0 0 0 
5 8 7 5 10 4 12 10 5 8 5 7 6 4 8 8 7 5 6 9 7 12 7 10 5 6 1 4 2 5 6 2 1 2 4 0 1 0 1 0 0 0 0 0 0 0 0 0 0 0 0 0 0 0 0 0 0 0 0 0 0 0 0 0 0 0 0 0 0 0 0 0 0 0 0 0 0 0 0 0 0 0 0 0 0 0 0 0 0 0 
9 10 5 7 6 10 7 5 8 6 11 6 11 8 8 3 7 9 6 4 9 10 3 5 3 1 4 1 6 1 1 1 4 3 2 1 0 0 0 0 0 0 0 0 0 0 0 0 0 0 0 0 0 0 0 0 0 0 0 0 0 0 0 0 0 0 0 0 0 0 0 0 0 0 0 0 0 0 0 0 0 0 0 0 0 0 0 0 0 0 
8 6 4 5 12 6 11 4 8 11 5 2 7 4 9 8 7 8 5 2 1 10 9 3 8 3 6 6 2 5 1 0 3 2 0 2 0 0 0 0 0 0 0 0 0 0 0 0 0 0 0 0 0 0 0 0 0 0 0 0 0 0 0 0 0 0 0 0 0 0 0 0 0 0 0 0 0 0 0 0 0 0 0 0 0 0 0 0 0 0 
11 4 8 10 2 3 8 3 4 6 6 8 11 5 4 5 2 8 3 4 6 3 3 2 0 2 4 1 1 1 0 4 3 2 0 0 0 0 0 0 0 0 0 0 0 0 0 0 0 0 0 0 0 0 0 0 0 0 0 0 0 0 0 0 0 0 0 0 0 0 0 0 0 0 0 0 0 0 0 0 0 0 0 0 0 0 0 0 0 0 
3 5 4 0 5 5 8 3 6 6 6 8 6 6 6 5 5 5 3 4 3 4 2 2 6 3 3 4 3 0 2 0 0 1 0 2 0 0 0 0 0 0 0 0 0 0 0 0 0 0 0 0 0 0 0 0 0 0 0 0 0 0 0 0 0 0 0 0 0 0 0 0 0 0 0 0 0 0 0 0 0 0 0 0 0 0 0 0 0 0 
8 6 7 9 3 5 6 12 6 5 4 1 3 5 7 7 6 6 7 3 5 3 2 2 4 4 4 1 2 1 0 4 1 0 0 1 0 0 0 0 0 0 0 0 0 0 0 0 0 0 0 0 0 0 0 0 0 0 0 0 0 0 0 0 0 0 0 0 0 0 0 0 0 0 0 0 0 0 0 0 0 0 0 0 0 0 0 0 0 0 
7 5 6 6 8 8 8 3 3 7 4 2 8 7 7 2 5 5 0 3 5 6 3 1 1 3 5 1 1 0 1 1 0 0 0 0 0 0 0 0 0 0 0 0 0 0 0 0 0 0 0 0 0 0 0 0 0 0 0 0 0 0 0 0 0 0 0 0 0 0 0 0 0 0 0 0 0 0 0 0 0 0 0 0 0 0 0 0 0 0 
