# Format: McCode with text headers
# URL: http://www.mccode.org
# Creator: McStas 2.5beta01 - Nov. 03, 2018
# Instrument: Full_simple_noSqq.instr
# Ncount: 6250000
# Trace: no
# Gravitation: no
# Seed: 1544391133
# Directory: Magnon_rerun_events_B_noEfocus_noSqq/54
# Nodes: 16
# Param: WaveMin=2.75
# Param: WaveMax=4.4
# Param: E_0=4
# Param: L_0=0
# Param: chopPulseOpening=0.004
# Param: DivSlit0_width=0.1
# Param: DivSlit1_width=0.1
# Param: DivSlit2_width=0.1
# Param: DivSlit3_width=0.1
# Param: Npulse=1
# Param: print=0
# Param: makeVirtualSource=0
# Param: printMValues=0
# Param: power=2
# Param: BWopen=161
# Param: OMA=37.072
# Param: TTA=74.1432
# Param: OMA2=30.628
# Param: TTA2=61.256
# Param: phi=37
# Param: dphi=0.332
# Param: MCPLfile=BIFROST_mcpl.gz
# Param: ax=0
# Param: ay=2.14
# Param: az=-1.24
# Param: bx=0
# Param: by=0
# Param: bz=2.47
# Param: cx=6.71
# Param: cy=0
# Param: cz=0
# Param: Omega=54
# Param: TwoTheta=20
# Param: lambda=10
# Param: dlambda=9.9
# Param: Rotation=0
# Param: inelastic=1
# Param: aa=6.28319
# Param: sample_J1=1.5
# Param: sample_J2=0
# Param: TT=300
# Param: FerroMagnet=0
# Param: Verbose=0
# Param: imultiplier=1
# Param: INCOH=0
# Param: INCOHspread=0
# Param: sample_focusW=2.1
# Param: sample_focusH=0.15
# Param: focus_EF=0
# Param: TOFmin=0.1172
# Param: TOFmax=0.186
# Param: TOFbins=256
# Date: Sun Dec  9 12:36:06 2018 (1544355366)
# type: array_1d(300)
# Source: EGCESE (Full_simple_noSqq.instr)
# component: Lmon_sample_B
# position: 0 0 -0.00489
# title: Wavelength monitor
# Ncount: 100000000
# filename: Lmon_sample_B.dat
# statistics: X0=3.57503; dX=0.47641;
# signal: Min=0; Max=5.49038e+07; Mean=1.13067e+07;
# values: 3.392e+09 429090 6.24908e+07
# xvar: L
# yvar: (I,I_err)
# xlabel: Wavelength [AA]
# ylabel: Intensity
# xlimits: 0.01 8
# variables: L I I_err N
0.02331666667 0 0 0 
0.04995 0 0 0 
0.07658333333 0 0 0 
0.1032166667 0 0 0 
0.12985 0 0 0 
0.1564833333 0 0 0 
0.1831166667 0 0 0 
0.20975 0 0 0 
0.2363833333 0 0 0 
0.2630166667 0 0 0 
0.28965 0 0 0 
0.3162833333 0 0 0 
0.3429166667 0 0 0 
0.36955 0 0 0 
0.3961833333 0 0 0 
0.4228166667 0 0 0 
0.44945 0 0 0 
0.4760833333 0 0 0 
0.5027166667 0 0 0 
0.52935 0 0 0 
0.5559833333 0 0 0 
0.5826166667 0 0 0 
0.60925 0 0 0 
0.6358833333 0 0 0 
0.6625166667 0 0 0 
0.68915 0 0 0 
0.7157833333 0 0 0 
0.7424166667 0 0 0 
0.76905 0 0 0 
0.7956833333 0 0 0 
0.8223166667 0 0 0 
0.84895 0 0 0 
0.8755833333 0 0 0 
0.9022166667 0 0 0 
0.92885 0 0 0 
0.9554833333 0 0 0 
0.9821166667 0 0 0 
1.00875 0 0 0 
1.035383333 0 0 0 
1.062016667 0 0 0 
1.08865 0 0 0 
1.115283333 0 0 0 
1.141916667 0 0 0 
1.16855 0 0 0 
1.195183333 0 0 0 
1.221816667 0 0 0 
1.24845 0 0 0 
1.275083333 0 0 0 
1.301716667 0 0 0 
1.32835 0 0 0 
1.354983333 0 0 0 
1.381616667 0 0 0 
1.40825 0 0 0 
1.434883333 0 0 0 
1.461516667 0 0 0 
1.48815 0 0 0 
1.514783333 0 0 0 
1.541416667 0 0 0 
1.56805 0 0 0 
1.594683333 0 0 0 
1.621316667 0 0 0 
1.64795 0 0 0 
1.674583333 0 0 0 
1.701216667 0 0 0 
1.72785 0 0 0 
1.754483333 0 0 0 
1.781116667 0 0 0 
1.80775 0 0 0 
1.834383333 0 0 0 
1.861016667 0 0 0 
1.88765 0 0 0 
1.914283333 0 0 0 
1.940916667 0 0 0 
1.96755 0 0 0 
1.994183333 0 0 0 
2.020816667 0 0 0 
2.04745 0 0 0 
2.074083333 0 0 0 
2.100716667 0 0 0 
2.12735 0 0 0 
2.153983333 0 0 0 
2.180616667 0 0 0 
2.20725 0 0 0 
2.233883333 0 0 0 
2.260516667 0 0 0 
2.28715 0 0 0 
2.313783333 0 0 0 
2.340416667 0 0 0 
2.36705 0 0 0 
2.393683333 0 0 0 
2.420316667 0 0 0 
2.44695 0 0 0 
2.473583333 0 0 0 
2.500216667 0 0 0 
2.52685 0 0 0 
2.553483333 0 0 0 
2.580116667 0 0 0 
2.60675 0 0 0 
2.633383333 0 0 0 
2.660016667 0 0 0 
2.68665 0 0 0 
2.713283333 0 0 0 
2.739916667 6621734.096 18958.59117 121992 
2.76655 54736997.95 54508.05435 1008418 
2.793183333 54831282.43 54554.97921 1010155 
2.819816667 54767340.51 54523.16008 1008977 
2.84645 54647218.71 54463.33414 1006764 
2.873083333 54764680.78 54521.83613 1008928 
2.899716667 54755181.77 54517.10748 1008753 
2.92635 54819720.77 54549.22721 1009942 
2.952983333 54805716.51 54542.25919 1009684 
2.979616667 54731515.66 54505.3246 1008317 
3.00625 54787424.13 54533.1562 1009347 
3.032883333 54728150.3 54503.64885 1008255 
3.059516667 54735478.11 54507.2976 1008390 
3.08615 54712409.08 54495.80996 1007965 
3.112783333 54780747.68 54529.83337 1009224 
3.139416667 54769077.47 54524.02468 1009009 
3.16605 54744325.76 54511.70281 1008553 
3.192683333 54875249.28 54576.84748 1010965 
3.219316667 54899078.23 54588.69588 1011404 
3.24595 54795131.9 54536.99207 1009489 
3.272583333 54721799.53 54500.4864 1008138 
3.299216667 54651452.56 54465.4439 1006842 
3.32585 54863199.11 54570.85483 1010743 
3.352483333 54736563.71 54507.83814 1008410 
3.379116667 54720279.69 54499.72955 1008110 
3.40575 54670613.42 54474.99089 1007195 
3.432383333 54688525.85 54483.91432 1007525 
3.459016667 54714471.72 54496.83719 1008003 
3.48565 54703832.83 54491.53864 1007807 
3.512283333 54752630.61 54515.83743 1008706 
3.538916667 54765820.66 54522.40354 1008949 
3.56555 54700087.5 54489.67322 1007738 
3.592183333 54679895.32 54479.61503 1007366 
3.618816667 54712897.6 54496.05325 1007974 
3.64545 54795891.82 54537.37024 1009503 
3.672083333 54634734.3 54457.11258 1006534 
3.698716667 54759795.58 54519.4043 1008838 
3.72535 54726304.77 54502.72986 1008221 
3.751983333 54667248.06 54473.3142 1007133 
3.778616667 54730212.94 54504.67593 1008293 
3.80525 54739874.79 54509.48674 1008471 
3.831883333 54710454.99 54494.83678 1007929 
3.858516667 54830251.1 54554.46615 1010136 
3.88515 54708175.23 54493.70138 1007887 
3.911783333 54737106.51 54508.1084 1008420 
3.938416667 54785741.45 54532.31876 1009316 
3.96505 54752196.37 54515.62125 1008698 
3.991683333 54739711.95 54509.40566 1008468 
4.018316667 54732926.94 54506.02732 1008343 
4.04495 54813315.72 54546.0404 1009824 
4.071583333 54719356.93 54499.27002 1008093 
4.098216667 54685594.72 54482.45422 1007471 
4.12485 54838393.12 54558.51653 1010286 
4.151483333 54723102.25 54501.13512 1008162 
4.178116667 54752467.77 54515.75636 1008703 
4.20475 54756755.89 54517.89111 1008782 
4.231383333 54677506.99 54478.42523 1007322 
4.258016667 54809733.24 54544.25786 1009758 
4.28465 54782701.77 54530.80593 1009260 
4.311283333 54748505.32 54513.78367 1008630 
4.337916667 54903800.6 54591.04366 1011491 
4.36455 54832313.75 54555.49227 1010174 
4.391183333 45517691.18 49706.17052 838571 
4.417816667 0 0 0 
4.44445 0 0 0 
4.471083333 0 0 0 
4.497716667 0 0 0 
4.52435 0 0 0 
4.550983333 0 0 0 
4.577616667 0 0 0 
4.60425 0 0 0 
4.630883333 0 0 0 
4.657516667 0 0 0 
4.68415 0 0 0 
4.710783333 0 0 0 
4.737416667 0 0 0 
4.76405 0 0 0 
4.790683333 0 0 0 
4.817316667 0 0 0 
4.84395 0 0 0 
4.870583333 0 0 0 
4.897216667 0 0 0 
4.92385 0 0 0 
4.950483333 0 0 0 
4.977116667 0 0 0 
5.00375 0 0 0 
5.030383333 0 0 0 
5.057016667 0 0 0 
5.08365 0 0 0 
5.110283333 0 0 0 
5.136916667 0 0 0 
5.16355 0 0 0 
5.190183333 0 0 0 
5.216816667 0 0 0 
5.24345 0 0 0 
5.270083333 0 0 0 
5.296716667 0 0 0 
5.32335 0 0 0 
5.349983333 0 0 0 
5.376616667 0 0 0 
5.40325 0 0 0 
5.429883333 0 0 0 
5.456516667 0 0 0 
5.48315 0 0 0 
5.509783333 0 0 0 
5.536416667 0 0 0 
5.56305 0 0 0 
5.589683333 0 0 0 
5.616316667 0 0 0 
5.64295 0 0 0 
5.669583333 0 0 0 
5.696216667 0 0 0 
5.72285 0 0 0 
5.749483333 0 0 0 
5.776116667 0 0 0 
5.80275 0 0 0 
5.829383333 0 0 0 
5.856016667 0 0 0 
5.88265 0 0 0 
5.909283333 0 0 0 
5.935916667 0 0 0 
5.96255 0 0 0 
5.989183333 0 0 0 
6.015816667 0 0 0 
6.04245 0 0 0 
6.069083333 0 0 0 
6.095716667 0 0 0 
6.12235 0 0 0 
6.148983333 0 0 0 
6.175616667 0 0 0 
6.20225 0 0 0 
6.228883333 0 0 0 
6.255516667 0 0 0 
6.28215 0 0 0 
6.308783333 0 0 0 
6.335416667 0 0 0 
6.36205 0 0 0 
6.388683333 0 0 0 
6.415316667 0 0 0 
6.44195 0 0 0 
6.468583333 0 0 0 
6.495216667 0 0 0 
6.52185 0 0 0 
6.548483333 0 0 0 
6.575116667 0 0 0 
6.60175 0 0 0 
6.628383333 0 0 0 
6.655016667 0 0 0 
6.68165 0 0 0 
6.708283333 0 0 0 
6.734916667 0 0 0 
6.76155 0 0 0 
6.788183333 0 0 0 
6.814816667 0 0 0 
6.84145 0 0 0 
6.868083333 0 0 0 
6.894716667 0 0 0 
6.92135 0 0 0 
6.947983333 0 0 0 
6.974616667 0 0 0 
7.00125 0 0 0 
7.027883333 0 0 0 
7.054516667 0 0 0 
7.08115 0 0 0 
7.107783333 0 0 0 
7.134416667 0 0 0 
7.16105 0 0 0 
7.187683333 0 0 0 
7.214316667 0 0 0 
7.24095 0 0 0 
7.267583333 0 0 0 
7.294216667 0 0 0 
7.32085 0 0 0 
7.347483333 0 0 0 
7.374116667 0 0 0 
7.40075 0 0 0 
7.427383333 0 0 0 
7.454016667 0 0 0 
7.48065 0 0 0 
7.507283333 0 0 0 
7.533916667 0 0 0 
7.56055 0 0 0 
7.587183333 0 0 0 
7.613816667 0 0 0 
7.64045 0 0 0 
7.667083333 0 0 0 
7.693716667 0 0 0 
7.72035 0 0 0 
7.746983333 0 0 0 
7.773616667 0 0 0 
7.80025 0 0 0 
7.826883333 0 0 0 
7.853516667 0 0 0 
7.88015 0 0 0 
7.906783333 0 0 0 
7.933416667 0 0 0 
7.96005 0 0 0 
7.986683333 0 0 0 
