# Format: McCode with text headers
# URL: http://www.mccode.org
# Creator: McStas 2.5beta01 - Nov. 03, 2018
# Instrument: Full_simple_noSqq.instr
# Ncount: 6250000
# Trace: no
# Gravitation: no
# Seed: 1544370697
# Directory: Magnon_rerun_events_A_noEfocus_noSqq/78
# Nodes: 16
# Param: WaveMin=2.75
# Param: WaveMax=4.4
# Param: E_0=4
# Param: L_0=0
# Param: chopPulseOpening=0.004
# Param: DivSlit0_width=0.1
# Param: DivSlit1_width=0.1
# Param: DivSlit2_width=0.1
# Param: DivSlit3_width=0.1
# Param: Npulse=1
# Param: print=0
# Param: makeVirtualSource=0
# Param: printMValues=0
# Param: power=2
# Param: BWopen=161
# Param: OMA=37.072
# Param: TTA=74.1432
# Param: OMA2=30.628
# Param: TTA2=61.256
# Param: phi=37
# Param: dphi=0.332
# Param: MCPLfile=BIFROST_mcpl.gz
# Param: ax=0
# Param: ay=2.14
# Param: az=-1.24
# Param: bx=0
# Param: by=0
# Param: bz=2.47
# Param: cx=6.71
# Param: cy=0
# Param: cz=0
# Param: Omega=78
# Param: TwoTheta=10
# Param: lambda=10
# Param: dlambda=9.9
# Param: Rotation=0
# Param: inelastic=1
# Param: aa=6.28319
# Param: sample_J1=1.5
# Param: sample_J2=0
# Param: TT=300
# Param: FerroMagnet=0
# Param: Verbose=0
# Param: imultiplier=1
# Param: INCOH=0
# Param: INCOHspread=0
# Param: sample_focusW=2.1
# Param: sample_focusH=0.15
# Param: focus_EF=0
# Param: TOFmin=0.1172
# Param: TOFmax=0.186
# Param: TOFbins=256
# Date: Sat Dec  8 23:42:12 2018 (1544308932)
# type: array_1d(300)
# Source: EGCESE (Full_simple_noSqq.instr)
# component: Lmon_sample_B
# position: 0 0 -0.00489
# title: Wavelength monitor
# Ncount: 100000000
# filename: Lmon_sample_B.dat
# statistics: X0=3.57495; dX=0.476411;
# signal: Min=0; Max=5.48823e+07; Mean=1.13056e+07;
# values: 3.39169e+09 429070 6.2485e+07
# xvar: L
# yvar: (I,I_err)
# xlabel: Wavelength [AA]
# ylabel: Intensity
# xlimits: 0.01 8
# variables: L I I_err N
0.02331666667 0 0 0 
0.04995 0 0 0 
0.07658333333 0 0 0 
0.1032166667 0 0 0 
0.12985 0 0 0 
0.1564833333 0 0 0 
0.1831166667 0 0 0 
0.20975 0 0 0 
0.2363833333 0 0 0 
0.2630166667 0 0 0 
0.28965 0 0 0 
0.3162833333 0 0 0 
0.3429166667 0 0 0 
0.36955 0 0 0 
0.3961833333 0 0 0 
0.4228166667 0 0 0 
0.44945 0 0 0 
0.4760833333 0 0 0 
0.5027166667 0 0 0 
0.52935 0 0 0 
0.5559833333 0 0 0 
0.5826166667 0 0 0 
0.60925 0 0 0 
0.6358833333 0 0 0 
0.6625166667 0 0 0 
0.68915 0 0 0 
0.7157833333 0 0 0 
0.7424166667 0 0 0 
0.76905 0 0 0 
0.7956833333 0 0 0 
0.8223166667 0 0 0 
0.84895 0 0 0 
0.8755833333 0 0 0 
0.9022166667 0 0 0 
0.92885 0 0 0 
0.9554833333 0 0 0 
0.9821166667 0 0 0 
1.00875 0 0 0 
1.035383333 0 0 0 
1.062016667 0 0 0 
1.08865 0 0 0 
1.115283333 0 0 0 
1.141916667 0 0 0 
1.16855 0 0 0 
1.195183333 0 0 0 
1.221816667 0 0 0 
1.24845 0 0 0 
1.275083333 0 0 0 
1.301716667 0 0 0 
1.32835 0 0 0 
1.354983333 0 0 0 
1.381616667 0 0 0 
1.40825 0 0 0 
1.434883333 0 0 0 
1.461516667 0 0 0 
1.48815 0 0 0 
1.514783333 0 0 0 
1.541416667 0 0 0 
1.56805 0 0 0 
1.594683333 0 0 0 
1.621316667 0 0 0 
1.64795 0 0 0 
1.674583333 0 0 0 
1.701216667 0 0 0 
1.72785 0 0 0 
1.754483333 0 0 0 
1.781116667 0 0 0 
1.80775 0 0 0 
1.834383333 0 0 0 
1.861016667 0 0 0 
1.88765 0 0 0 
1.914283333 0 0 0 
1.940916667 0 0 0 
1.96755 0 0 0 
1.994183333 0 0 0 
2.020816667 0 0 0 
2.04745 0 0 0 
2.074083333 0 0 0 
2.100716667 0 0 0 
2.12735 0 0 0 
2.153983333 0 0 0 
2.180616667 0 0 0 
2.20725 0 0 0 
2.233883333 0 0 0 
2.260516667 0 0 0 
2.28715 0 0 0 
2.313783333 0 0 0 
2.340416667 0 0 0 
2.36705 0 0 0 
2.393683333 0 0 0 
2.420316667 0 0 0 
2.44695 0 0 0 
2.473583333 0 0 0 
2.500216667 0 0 0 
2.52685 0 0 0 
2.553483333 0 0 0 
2.580116667 0 0 0 
2.60675 0 0 0 
2.633383333 0 0 0 
2.660016667 0 0 0 
2.68665 0 0 0 
2.713283333 0 0 0 
2.739916667 6629224.745 18969.31133 122130 
2.76655 54788401.17 54533.64246 1009365 
2.793183333 54778522.2 54528.72572 1009183 
2.819816667 54760609.78 54519.80962 1008853 
2.84645 54854134.34 54566.34641 1010576 
2.873083333 54776351 54527.64505 1009143 
2.899716667 54866455.91 54572.47453 1010803 
2.92635 54820534.97 54549.6323 1009957 
2.952983333 54657749.05 54468.58134 1006958 
2.979616667 54863470.51 54570.9898 1010748 
3.00625 54713223.28 54496.21545 1007980 
3.032883333 54693953.85 54486.61811 1007625 
3.059516667 54802025.47 54540.42251 1009616 
3.08615 54745139.96 54512.10818 1008568 
3.112783333 54662200.01 54470.79908 1007040 
3.139416667 54801482.67 54540.1524 1009606 
3.16605 54770543.03 54524.75418 1009036 
3.192683333 54682120.8 54480.72369 1007407 
3.219316667 54797574.5 54538.2076 1009534 
3.24595 54699436.14 54489.34879 1007726 
3.272583333 54710509.27 54494.86381 1007930 
3.299216667 54691077.01 54485.18512 1007572 
3.32585 54882251.41 54580.32939 1011094 
3.352483333 54728693.1 54503.91913 1008265 
3.379116667 54783624.53 54531.26519 1009277 
3.40575 54655415 54467.41835 1006915 
3.432383333 54675498.63 54477.4247 1007285 
3.459016667 54668387.94 54473.88212 1007154 
3.48565 54703127.18 54491.18719 1007794 
3.512283333 54651452.56 54465.4439 1006842 
3.538916667 54721039.61 54500.10797 1008124 
3.56555 54866564.47 54572.52852 1010805 
3.592183333 54709369.39 54494.29611 1007909 
3.618816667 54699273.3 54489.26768 1007723 
3.64545 54757461.53 54518.24239 1008795 
3.672083333 54749428.08 54514.24307 1008647 
3.698716667 54740091.91 54509.59484 1008475 
3.72535 54829274.06 54553.98008 1010118 
3.751983333 54756755.89 54517.89111 1008782 
3.778616667 54777762.28 54528.34749 1009169 
3.80525 54656120.65 54467.76995 1006928 
3.831883333 54654980.76 54467.20197 1006907 
3.858516667 54747745.4 54513.40534 1008616 
3.88515 54819775.05 54549.25422 1009943 
3.911783333 54768643.23 54523.80853 1009001 
3.938416667 54593698.57 54436.65758 1005778 
3.96505 54788781.13 54533.83155 1009372 
3.991683333 54697427.78 54488.34846 1007689 
4.018316667 54742588.79 54510.83801 1008521 
4.04495 54669364.98 54474.3689 1007172 
4.071583333 54736726.55 54507.91922 1008413 
4.098216667 54755453.17 54517.24259 1008758 
4.12485 54838447.4 54558.54353 1010287 
4.151483333 54704375.63 54491.80899 1007817 
4.178116667 54778902.16 54528.91483 1009190 
4.20475 54715177.36 54497.18861 1008016 
4.231383333 54803762.43 54541.28684 1009648 
4.258016667 54819503.65 54549.11919 1009938 
4.28465 54608245.63 54443.90971 1006046 
4.311283333 54819829.33 54549.28122 1009944 
4.337916667 54786012.85 54532.45383 1009321 
4.36455 54786609.93 54532.75099 1009332 
4.391183333 45477958.17 49684.47119 837839 
4.417816667 0 0 0 
4.44445 0 0 0 
4.471083333 0 0 0 
4.497716667 0 0 0 
4.52435 0 0 0 
4.550983333 0 0 0 
4.577616667 0 0 0 
4.60425 0 0 0 
4.630883333 0 0 0 
4.657516667 0 0 0 
4.68415 0 0 0 
4.710783333 0 0 0 
4.737416667 0 0 0 
4.76405 0 0 0 
4.790683333 0 0 0 
4.817316667 0 0 0 
4.84395 0 0 0 
4.870583333 0 0 0 
4.897216667 0 0 0 
4.92385 0 0 0 
4.950483333 0 0 0 
4.977116667 0 0 0 
5.00375 0 0 0 
5.030383333 0 0 0 
5.057016667 0 0 0 
5.08365 0 0 0 
5.110283333 0 0 0 
5.136916667 0 0 0 
5.16355 0 0 0 
5.190183333 0 0 0 
5.216816667 0 0 0 
5.24345 0 0 0 
5.270083333 0 0 0 
5.296716667 0 0 0 
5.32335 0 0 0 
5.349983333 0 0 0 
5.376616667 0 0 0 
5.40325 0 0 0 
5.429883333 0 0 0 
5.456516667 0 0 0 
5.48315 0 0 0 
5.509783333 0 0 0 
5.536416667 0 0 0 
5.56305 0 0 0 
5.589683333 0 0 0 
5.616316667 0 0 0 
5.64295 0 0 0 
5.669583333 0 0 0 
5.696216667 0 0 0 
5.72285 0 0 0 
5.749483333 0 0 0 
5.776116667 0 0 0 
5.80275 0 0 0 
5.829383333 0 0 0 
5.856016667 0 0 0 
5.88265 0 0 0 
5.909283333 0 0 0 
5.935916667 0 0 0 
5.96255 0 0 0 
5.989183333 0 0 0 
6.015816667 0 0 0 
6.04245 0 0 0 
6.069083333 0 0 0 
6.095716667 0 0 0 
6.12235 0 0 0 
6.148983333 0 0 0 
6.175616667 0 0 0 
6.20225 0 0 0 
6.228883333 0 0 0 
6.255516667 0 0 0 
6.28215 0 0 0 
6.308783333 0 0 0 
6.335416667 0 0 0 
6.36205 0 0 0 
6.388683333 0 0 0 
6.415316667 0 0 0 
6.44195 0 0 0 
6.468583333 0 0 0 
6.495216667 0 0 0 
6.52185 0 0 0 
6.548483333 0 0 0 
6.575116667 0 0 0 
6.60175 0 0 0 
6.628383333 0 0 0 
6.655016667 0 0 0 
6.68165 0 0 0 
6.708283333 0 0 0 
6.734916667 0 0 0 
6.76155 0 0 0 
6.788183333 0 0 0 
6.814816667 0 0 0 
6.84145 0 0 0 
6.868083333 0 0 0 
6.894716667 0 0 0 
6.92135 0 0 0 
6.947983333 0 0 0 
6.974616667 0 0 0 
7.00125 0 0 0 
7.027883333 0 0 0 
7.054516667 0 0 0 
7.08115 0 0 0 
7.107783333 0 0 0 
7.134416667 0 0 0 
7.16105 0 0 0 
7.187683333 0 0 0 
7.214316667 0 0 0 
7.24095 0 0 0 
7.267583333 0 0 0 
7.294216667 0 0 0 
7.32085 0 0 0 
7.347483333 0 0 0 
7.374116667 0 0 0 
7.40075 0 0 0 
7.427383333 0 0 0 
7.454016667 0 0 0 
7.48065 0 0 0 
7.507283333 0 0 0 
7.533916667 0 0 0 
7.56055 0 0 0 
7.587183333 0 0 0 
7.613816667 0 0 0 
7.64045 0 0 0 
7.667083333 0 0 0 
7.693716667 0 0 0 
7.72035 0 0 0 
7.746983333 0 0 0 
7.773616667 0 0 0 
7.80025 0 0 0 
7.826883333 0 0 0 
7.853516667 0 0 0 
7.88015 0 0 0 
7.906783333 0 0 0 
7.933416667 0 0 0 
7.96005 0 0 0 
7.986683333 0 0 0 
