# Format: McCode with text headers
# URL: http://www.mccode.org
# Creator: McStas 2.5beta01 - Nov. 03, 2018
# Instrument: Full_simple_noSqq.instr
# Ncount: 6250000
# Trace: no
# Gravitation: no
# Seed: 1544359256
# Directory: Magnon_rerun_events_A_noEfocus_noSqq/15
# Nodes: 16
# Param: WaveMin=2.75
# Param: WaveMax=4.4
# Param: E_0=4
# Param: L_0=0
# Param: chopPulseOpening=0.004
# Param: DivSlit0_width=0.1
# Param: DivSlit1_width=0.1
# Param: DivSlit2_width=0.1
# Param: DivSlit3_width=0.1
# Param: Npulse=1
# Param: print=0
# Param: makeVirtualSource=0
# Param: printMValues=0
# Param: power=2
# Param: BWopen=161
# Param: OMA=37.072
# Param: TTA=74.1432
# Param: OMA2=30.628
# Param: TTA2=61.256
# Param: phi=37
# Param: dphi=0.332
# Param: MCPLfile=BIFROST_mcpl.gz
# Param: ax=0
# Param: ay=2.14
# Param: az=-1.24
# Param: bx=0
# Param: by=0
# Param: bz=2.47
# Param: cx=6.71
# Param: cy=0
# Param: cz=0
# Param: Omega=15
# Param: TwoTheta=10
# Param: lambda=10
# Param: dlambda=9.9
# Param: Rotation=0
# Param: inelastic=1
# Param: aa=6.28319
# Param: sample_J1=1.5
# Param: sample_J2=0
# Param: TT=300
# Param: FerroMagnet=0
# Param: Verbose=0
# Param: imultiplier=1
# Param: INCOH=0
# Param: INCOHspread=0
# Param: sample_focusW=2.1
# Param: sample_focusH=0.15
# Param: focus_EF=0
# Param: TOFmin=0.1172
# Param: TOFmax=0.186
# Param: TOFbins=256
# Date: Sat Dec  8 11:41:59 2018 (1544265719)
# type: array_2d(90, 90)
# Source: EGCESE (Full_simple_noSqq.instr)
# component: psd_monitor2
# position: 0.706771 -1.56124 1.94184
# title: PSD monitor
# Ncount: 100000000
# filename: analyser2_psd.dat
# statistics: X0=-0.45145; dX=1.03942; Y0=13.1022; dY=1.84816;
# signal: Min=0; Max=321.181; Mean=14.1664;
# values: 114748 1079.84 13338
# xvar: X 
# yvar: Y 
# xlabel: X position [cm]
# ylabel: Y position [cm]
# zvar: I
# zlabel: Signal per bin
# xylimits: -2 2 -15.24 15.24
# variables: I I_err N
# Data [psd_monitor2/analyser2_psd.dat] I:
0 0 0 0 0 0 0 0 0 0 0 0 0 0 0 0 0 0 0 0 0 0 0 0 0 0 0 0 0 0 0 0 0 0 0 0 0 0 0 0 0 0 0 0 0 0 0 0 0 0 0 0 0 0 0 0 0 0 0 0 0 0 0 0 0 0 0 0 0 0 0 19.2731832 0 0 0 0 0 0 0 0 0 0 0 0 0 0 0 0 0 0 
0 0 0 0 0 0 0 0 0 0 0 0 0 0 0 0 0 0 0 0 0 0 0 0 0 0 0 0 0 0 0 0 0 0 0 0 0 0 0 0 0 0 0 0 0 0 0 0 0 0 0 0 0 0 0 0 0 0 0 0 0 0 0 0 0 0 0 0 0 0 0 0 0 0 0 0 0 0 0 0 0 0 0 0 0 0 0 0 0 0 
0 0 0 0 0 0 0 0 0 0 0 0 0 0 0 0 0 0 0 0 0 0 0 0 0 0 0 0 0 0 0 0 0 0 0 0 0 0 0 0 0 0 0 0 0 0 0 0 0 0 0 0 0 0 0 0 0 0 0 0 0 0 0 0 0 0 0 0 0 0 0 0 0 0 0 0 0 0 0 0 0 0 0 0 0 0 0 0 0 0 
0 0 0 0 0 0 0 0 0 0 0 0 0 0 0 0 0 0 0 0 0 0 0 0 0 0 0 0 0 0 0 0 0 0 0 0 0 0 0 0 0 0 0 0 0 0 0 0 0 0 0 0 0 0 0 0 0 0 0 0 0 0 0 0 0 0 0 0 0 0 0 0 0 0 0 0 0 0 0 0 0 0 0 0 0 0 0 0 0 0 
0 0 0 0 0 0 0 0 0 0 0 0 0 0 0 0 0 0 0 0 0 0 0 0 0 0 0 0 0 0 0 0 0 0 0 0 0 0 0 0 0 0 0 0 0 0 0 0 0 0 0 0 0 0 0 0 0 0 0 0 0 0 0 0 0 0 0 0 0 0 0 0 0 0 0 0 0 0 0 0 0 0 0 0 0 0 0 0 0 0 
0 0 0 0 0 0 0 0 0 0 0 0 0 0 0 0 0 0 0 0 0 0 0 0 0 0 0 0 0 0 0 0 0 0 0 0 0 0 0 0 0 0 0 0 0 0 0 0 0 0 0 0 0 0 0 0 0 0 0 0 0 0 0 0 0 0 0 0 0 0 0 0 0 0 0 0 0 0 0 0 0 0 0 0 0 0 0 0 0 0 
0 0 0 0 0 0 0 0 0 0 0 0 0 0 0 0 0 0 0 0 0 0 0 0 0 0 0 0 0 0 0 0 0 0 0 0 0 0 0 0 0 0 0 0 0 0 0 0 0 0 0 0 0 0 0 0 0 0 0 0 0 0 0 0 0 0 0 0 0 0 0 0 0 0 0 0 0 0 0 0 0 0 0 0 0 0 0 0 0 0 
0 0 0 0 0 0 0 0 0 0 0 0 0 0 0 0 0 0 0 0 0 0 0 0 0 0 0 0 0 0 0 0 0 0 0 0 0 0 0 0 0 0 0 0 0 0 0 0 0 0 0 0 0 0 0 0 0 0 0 0 0 0 0 0 0 0 0 0 0 0 0 0 0 0 0 0 0 0 0 0 0 0 0 0 0 0 0 0 0 0 
0 0 0 0 0 0 0 0 0 0 0 0 0 0 0 0 0 0 0 0 0 0 0 0 0 0 0 0 0 0 0 0 0 0 0 0 0 0 0 0 0 0 0 0 0 0 0 0 0 0 0 0 0 0 0 0 0 0 0 0 0 0 0 0 0 0 0 0 0 0 0 0 0 0 0 0 0 0 0 0 0 0 0 0 0 0 0 0 0 0 
0 0 0 0 0 0 0 0 0 0 0 0 0 0 0 0 0 0 0 0 0 0 0 0 0 0 0 0 0 0 0 0 0 0 0 0 0 0 0 0 0 0 0 0 0 0 0 0 0 0 0 0 0 0 0 0 0 0 0 0 0 0 0 0 0 0 0 0 0 0 0 0 0 0 0 0 0 0 0 0 0 0 0 0 0 0 0 0 0 0 
0 0 0 0 0 0 0 0 0 0 0 0 0 0 0 0 0 0 0 0 0 0 0 0 0 0 0 0 0 0 0 0 0 0 0 0 0 0 0 0 0 0 0 0 0 0 0 0 0 0 0 0 0 0 0 0 0 0 0 0 0 0 0 0 0 0 0 0 0 0 0 0 0 0 0 0 0 0 0 0 0 0 0 0 0 0 0 0 0 0 
0 0 0 0 0 0 0 0 0 0 0 0 0 0 0 0 0 0 0 0 0 0 0 0 0 0 0 0 0 0 0 0 0 0 0 0 0 0 0 0 0 0 0 0 0 0 0 0 0 0 0 0 0 0 0 0 0 0 0 0 0 0 0 0 0 0 0 0 0 0 0 0 0 0 0 0 0 0 0 0 0 0 0 0 0 0 0 0 0 0 
0 0 0 0 0 0 0 0 0 0 0 0 0 0 0 0 0 0 0 0 0 0 0 0 0 0 0 0 0 0 0 0 0 0 0 0 0 0 0 0 0 0 0 0 0 0 0 0 0 0 0 0 0 0 0 0 0 0 0 0 0 0 0 0 0 0 0 0 0 0 0 0 0 0 0 0 0 0 0 0 0 0 0 0 0 0 0 0 0 0 
0 0 0 0 0 0 0 0 0 0 0 0 0 0 0 0 0 0 0 0 0 0 0 0 0 0 0 0 0 0 0 0 0 0 0 0 0 0 0 0 0 0 0 0 0 0 0 0 0 0 0 0 0 0 0 0 0 0 0 0 0 0 0 0 0 0 0 0 0 0 0 0 0 0 0 0 0 0 0 0 0 0 0 0 0 0 0 0 0 0 
0 0 0 0 0 0 0 0 0 0 0 0 0 0 0 0 0 0 0 0 0 0 0 0 0 0 0 0 0 0 0 0 0 0 0 0 0 0 0 0 0 0 0 0 0 0 0 0 0 0 0 0 0 0 0 0 0 0 0 0 0 0 0 0 0 0 0 0 0 0 0 0 0 0 0 0 0 0 0 0 0 0 0 0 0 0 0 0 0 0 
0 0 0 0 0 0 0 0 0 0 0 0 0 0 0 0 0 0 0 0 0 0 0 0 0 0 0 0 0 0 0 0 0 0 0 0 0 0 0 0 0 0 0 0 0 0 0 0 0 0 0 0 0 0 0 0 0 0 0 0 0 0 0 0 0 0 0 0 0 0 0 0 0 0 0 0 0 0 0 0 0 0 0 0 0 0 0 0 0 0 
0 0 0 0 0 0 0 0 0 0 0 0 0 0 0 0 0 0 0 0 0 0 0 0 0 0 0 0 0 0 0 0 0 0 0 0 0 0 0 0 0 0 0 0 0 0 0 0 0 0 0 0 0 0 0 0 0 0 0 0 0 0 0 0 0 0 0 0 0 0 0 0 0 0 0 0 0 0 0 0 0 0 0 0 0 0 0 0 0 0 
0 0 0 0 0 0 0 0 0 0 0 0 0 0 0 0 0 0 0 0 0 0 0 0 0 0 0 0 0 0 0 0 0 0 0 0 0 0 0 0 0 0 0 0 0 0 0 0 0 0 0 0 0 0 0 0 0 0 0 0 0 0 0 0 0 0 0 0 0 0 0 0 0 0 0 0 0 0 0 0 0 0 0 0 0 0 0 0 0 0 
0 0 0 0 0 0 0 0 0 0 0 0 0 0 0 0 0 0 0 0 0 0 0 0 0 0 0 0 0 0 0 0 0 0 0 0 0 0 0 0 0 0 0 0 0 0 0 0 0 0 0 0 0 0 0 0 0 0 0 0 0 0 0 0 0 0 0 0 0 0 0 0 0 0 0 0 0 0 0 0 0 0 0 0 0 0 0 0 0 0 
0 0 0 0 0 0 0 0 0 0 0 0 0 0 0 0 0 0 0 0 0 0 0 0 0 0 0 0 0 0 0 0 0 0 0 0 0 0 0 0 0 0 0 0 0 0 0 0 0 0 0 0 0 0 0 0 0 0 0 0 0 0 0 0 0 0 0 0 0 0 0 0 0 0 0 0 0 0 0 0 0 0 0 0 0 0 0 0 0 0 
0 0 0 0 0 0 0 0 0 0 0 0 0 0 0 0 0 0 0 0 0 0 0 0 0 0 0 0 0 0 0 0 0 0 0 0 0 0 0 0 0 0 0 0 0 0 0 0 0 0 0 0 0 0 0 0 0 0 0 0 0 0 0 0 0 0 0 0 0 0 0 0 0 0 0 0 0 0 0 0 0 0 0 0 0 0 0 0 0 0 
0 0 0 0 0 0 0 0 0 0 0 0 0 0 0 0 0 0 0 0 0 0 0 0 0 0 0 0 0 0 0 0 0 0 0 0 0 0 0 0 0 0 0 0 0 0 0 0 0 0 0 0 0 0 0 0 0 0 0 0 0 0 0 0 0 0 0 0 0 0 0 0 0 0 0 0 0 0 0 0 0 0 0 0 0 0 0 0 0 0 
0 0 0 0 0 0 0 0 0 0 0 0 0 0 0 0 0 0 0 0 0 0 0 0 0 0 0 0 0 0 0 0 0 0 0 0 0 0 0 0 0 0 0 0 0 0 0 0 0 0 0 0 0 0 0 0 0 0 0 0 0 0 0 0 0 0 0 0 0 0 0 0 0 0 0 0 0 0 0 0 0 0 0 0 0 0 0 0 0 0 
0 0 0 0 0 0 0 0 0 0 0 0 0 0 0 0 0 0 0 0 0 0 0 0 0 0 0 0 0 0 0 0 0 0 0 0 0 0 0 0 0 0 0 0 0 0 0 0 0 0 0 0 0 0 0 0 0 0 0 0 0 0 0 0 0 0 0 0 0 0 0 0 0 0 0 0 0 0 0 0 0 0 0 0 0 0 0 0 0 0 
0 0 0 0 0 0 0 0 0 0 0 0 0 0 0 0 0 0 0 0 0 0 0 0 0 0 0 0 0 0 0 0 0 0 0 0 0 0 0 0 0 0 0 0 0 0 0 0 0 0 0 0 0 0 0 0 0 0 0 0 0 0 0 0 0 0 0 0 0 0 0 0 0 0 0 0 0 0 0 0 0 0 0 0 0 0 0 0 0 0 
0 0 0 0 0 0 0 0 0 0 0 0 0 0 0 0 0 0 0 0 0 0 0 0 0 0 0 0 0 0 0 0 0 0 0 0 0 0 0 0 0 0 0 0 0 0 0 0 0 0 0 0 0 0 0 0 0 0 0 0 0 0 0 0 0 0 0 0 0 0 0 0 0 0 0 0 0 0 0 0 0 0 0 0 0 0 0 0 0 0 
0 0 0 0 0 0 0 0 0 0 0 0 0 0 0 0 0 0 0 0 0 0 0 0 0 0 0 0 0 0 0 0 0 0 0 0 0 0 0 0 0 0 0 0 0 0 0 0 0 0 0 0 0 0 0 0 0 0 0 0 0 0 0 0 0 0 0 0 0 0 0 0 0 0 0 0 0 0 0 0 0 0 0 0 0 0 0 0 0 0 
0 0 0 0 0 0 0 0 0 0 0 0 0 0 0 0 0 0 0 0 0 0 0 0 0 0 0 0 0 0 0 0 0 0 0 0 0 0 0 0 0 0 0 0 0 0 0 0 0 0 0 0 0 0 0 0 0 0 0 0 0 0 0 0 0 0 0 0 0 0 0 0 0 0 0 0 0 0 0 0 0 0 0 0 0 0 0 0 0 0 
0 0 0 0 0 0 0 0 0 0 0 0 0 0 0 0 0 0 0 0 0 0 0 0 0 0 0 0 0 0 0 0 0 0 0 0 0 0 0 0 0 0 0 0 0 0 0 0 0 0 0 0 0 0 0 0 0 0 0 0 0 0 0 0 0 0 0 0 0 0 0 0 0 0 0 0 0 0 0 0 0 0 0 0 0 0 0 0 0 0 
0 0 0 0 0 0 0 0 0 0 0 0 0 0 0 0 0 0 0 0 0 0 0 0 0 0 0 0 0 0 0 0 0 0 0 0 0 0 0 0 0 0 0 0 0 0 0 0 0 0 0 0 0 0 0 0 0 0 0 0 0 0 0 0 0 0 0 0 0 0 0 0 0 0 0 0 0 0 0 0 0 0 0 0 0 0 0 0 0 0 
0 0 0 0 0 0 0 0 0 0 0 0 0 0 0 0 0 0 0 0 0 0 0 0 0 0 0 0 0 0 0 0 0 0 0 0 0 0 0 0 0 0 0 0 0 0 0 0 0 0 0 0 0 0 0 0 0 0 0 0 0 0 0 0 0 0 0 0 0 0 0 0 0 0 0 0 0 0 0 0 0 0 0 0 0 0 0 0 0 0 
0 0 0 0 0 0 0 0 0 0 0 0 0 0 0 0 0 0 0 0 0 0 0 0 0 0 0 0 0 0 0 0 0 0 0 0 0 0 0 0 0 0 0 0 0 0 0 0 0 0 0 0 0 0 0 0 0 0 0 0 0 0 0 0 0 0 0 0 0 0 0 0 0 0 0 0 0 0 0 0 0 0 0 0 0 0 0 0 0 0 
0 0 0 0 0 0 0 0 0 0 0 0 0 0 0 0 0 0 0 0 0 0 0 0 0 0 0 0 0 0 0 0 0 0 0 0 0 0 0 0 0 0 0 0 0 0 0 0 0 0 0 0 0 0 0 0 0 0 0 0 0 0 0 0 0 0 0 0 0 0 0 0 0 0 0 0 0 0 0 0 0 0 0 0 0 0 0 0 0 0 
0 0 0 0 0 0 0 0 0 0 0 0 0 0 0 0 0 0 0 0 0 0 0 0 0 0 0 0 0 0 0 0 0 0 0 0 0 0 0 0 0 0 0 0 0 0 0 0 0 0 0 0 0 0 0 0 0 0 0 0 0 0 0 0 0 0 0 0 0 0 0 0 0 0 0 0 0 0 0 0 0 0 0 0 0 0 0 0 0 0 
0 0 0 0 0 0 0 0 0 0 0 0 0 0 0 0 0 0 0 0 0 0 0 0 0 0 0 0 0 0 0 0 0 0 0 0 0 0 0 0 0 0 0 0 0 0 0 0 0 0 0 0 0 0 0 0 0 0 0 0 0 0 0 0 0 0 0 0 0 0 0 0 0 0 0 0 0 0 0 0 0 0 0 0 0 0 0 0 0 0 
0 0 0 0 0 0 0 0 0 0 0 0 0 0 0 0 0 0 0 0 0 0 0 0 0 0 0 0 0 0 0 0 0 0 0 0 0 0 0 0 0 0 0 0 0 0 0 0 0 0 0 0 0 0 0 0 0 0 0 0 0 0 0 0 0 0 0 0 0 0 0 0 0 0 0 0 0 0 0 0 0 0 0 0 0 0 0 0 0 0 
0 0 0 0 0 0 0 0 0 0 0 0 0 0 0 0 0 0 0 0 0 0 0 0 0 0 0 0 0 0 0 0 0 0 0 0 0 0 0 0 0 0 0 0 0 0 0 0 0 0 0 0 0 0 0 0 0 0 0 0 0 0 0 0 0 0 0 0 0 0 0 0 0 0 0 0 0 0 0 0 0 0 0 0 0 0 0 0 0 0 
0 0 0 0 0 0 0 0 0 0 0 0 0 0 0 0 0 0 0 0 0 0 0 0 0 0 0 0 0 0 0 0 0 0 0 0 0 0 0 0 0 0 0 0 0 0 0 0 0 0 0 0 0 0 0 0 0 0 0 0 0 0 0 0 0 0 0 0 0 0 0 0 0 0 0 0 0 0 0 0 0 0 0 0 0 0 0 0 0 0 
0 0 0 0 0 0 0 0 0 0 0 0 0 0 0 0 0 0 0 0 0 0 0 0 0 0 0 0 0 0 0 0 0 0 0 0 0 0 0 0 0 0 0 0 0 0 0 0 0 0 0 0 0 0 0 0 0 0 0 0 0 0 0 0 0 0 0 0 0 0 0 0 0 0 0 0 0 0 0 0 0 0 0 0 0 0 0 0 0 0 
0 0 0 0 0 0 0 0 0 0 0 0 0 0 0 0 0 0 0 0 0 0 0 0 0 0 0 0 0 0 0 0 0 0 0 0 0 0 0 0 0 0 0 0 0 0 0 0 0 0 0 0 0 0 0 0 0 0 0 0 0 0 0 0 0 0 0 0 0 0 0 0 0 0 0 0 0 0 0 0 0 0 0 0 0 0 0 0 0 0 
0 0 0 0 0 0 0 0 0 0 0 0 0 0 0 0 0 0 0 0 0 0 0 0 0 0 0 0 0 0 0 0 0 0 0 0 0 0 0 0 0 0 0 0 0 0 0 0 0 0 0 0 0 0 0 0 0 0 0 0 0 0 0 0 0 0 0 0 0 0 0 0 0 0 0 0 0 0 0 0 0 0 0 0 0 0 0 0 0 0 
0 0 0 0 0 0 0 0 0 0 0 0 0 0 0 0 0 0 0 0 0 0 0 0 0 0 0 0 0 0 0 0 0 0 0 0 0 0 0 0 0 0 0 0 0 0 0 0 0 0 0 0 0 0 0 0 0 0 0 0 0 0 0 0 0 0 0 0 0 0 0 0 0 0 0 0 0 0 0 0 0 0 0 0 0 0 0 0 0 0 
0 0 0 0 0 0 0 0 0 0 0 0 0 0 0 0 0 0 0 0 0 0 0 0 0 0 0 0 0 0 0 0 0 0 0 0 0 0 0 0 0 0 0 0 0 0 0 0 0 0 0 0 0 0 0 0 0 0 0 0 0 0 0 0 0 0 0 0 0 0 0 0 0 0 0 0 0 0 0 0 0 0 0 0 0 0 0 0 0 0 
0 0 0 0 0 0 0 0 0 0 0 0 0 0 0 0 0 0 0 0 0 0 0 0 0 0 0 0 0 0 0 0 0 0 0 0 0 0 0 0 0 0 0 0 0 0 0 0 0 0 0 0 0 0 0 0 0 0 0 0 0 0 0 0 0 0 0 0 0 0 0 0 0 0 0 0 0 0 0 0 0 0 0 0 0 0 0 0 0 0 
0 0 0 0 0 0 0 0 0 0 0 0 0 0 0 0 0 0 0 0 0 0 0 0 0 0 0 0 0 0 0 0 0 0 0 0 0 0 0 0 0 0 0 0 0 0 0 0 0 0 0 0 0 0 0 0 0 0 0 0 0 0 0 0 0 0 0 0 0 0 0 0 0 0 0 0 0 0 0 0 0 0 0 0 0 0 0 0 0 0 
0 0 0 0 0 0 0 0 0 0 0 0 0 0 0 0 0 0 0 0 0 0 0 0 0 0 0 0 0 0 0 0 0 0 0 0 0 0 0 0 0 0 0 0 0 0 0 0 0 0 0 0 0 0 0 0 0 0 0 0 0 0 0 0 0 0 0 0 0 0 0 0 0 0 0 0 0 0 0 0 0 0 0 0 0 0 0 0 0 0 
0 0 0 0 0 0 0 0 0 0 0 0 0 0 0 0 0 0 0 0 0 0 0 0 0 0 0 0 0 0 0 0 0 0 0 0 0 0 0 0 0 0 0 0 0 0 0 0 0 0 0 0 0 0 0 0 0 0 0 0 0 0 0 0 0 0 0 0 0 0 0 0 0 0 0 0 0 0 0 0 0 0 0 0 0 0 0 0 0 0 
0 0 0 0 0 0 0 0 0 0 0 0 0 0 0 0 0 0 0 0 0 0 0 0 0 0 0 0 0 0 0 0 0 0 0 0 0 0 0 0 0 0 0 0 0 0 0 0 0 0 0 0 0 0 0 0 0 0 0 0 0 0 0 0 0 0 0 0 0 0 0 0 0 0 0 0 0 0 0 0 0 0 0 0 0 0 0 0 0 0 
0 0 0 0 0 0 0 0 0 0 0 0 0 0 0 0 0 0 0 0 0 0 0 0 0 0 0 0 0 0 0 0 0 0 0 0 0 0 0 0 0 0 0 0 0 0 0 0 0 0 0 0 0 0 0 0 0 0 0 0 0 0 0 0 0 0 0 0 0 0 0 0 0 0 0 0 0 0 0 0 0 0 0 0 0 0 0 0 0 0 
0 0 0 0 0 3.241809516 0 0 0 0 0 0 0 0 0 0 0 0 0 0 0 0 0 0 0 0 0 0 0 0 0 0 0 0 0 0 0 0 0 0 0 0 0 0 0 0 0 0 0 0 0 0 0 0 0 0 0 0 0 0 0 0 0 0 0 0 0 0 0 0 0 0 0 0 0 0 0 0 0 0 0 0 0 0 0 0 0 0 0 0 
0 0 0 0 0 0 0 0 0 0 0 0 0 0 0 0 0 0 0 0 0 0 0 0 0 0 0 0 0 0 0 0 0 0 0 0 0 0 0 0 0 0 0 0 0 0 0 0 0 0 0 0 0 0 0 0 0 0 0 0 0 0 0 0 0 0 0 0 0 0 0 0 0 0 0 0 0 0 0 0 0 0 0 0 0 0 0 0 0 0 
0 0 0 0 0 0 0 0 0 0 0 0 0 0 0 0 0 0 0 0 0 0 0 0 0 0 0 0 0 0 0 0 0 0 0 0 0 0 0 0 0 0 0 0 0 0 0 0 0 0 0 0 0 0 0 0 0 0 0 0 0 0 0 0 0 0 0 0 0 0 0 0 0 0 0 0 0 0 0 0 0 0 0 0 0 0 0 0 0 0 
0 0 0 0 0 0 0 0 0 0 0 0 0 0 0 0 0 0 0 0 0 0 0 0 0 0 0 0 0 0 0 0 0 0 0 0 0 0 0 0 0 0 0 0 0 0 0 0 0 0 0 0 0 0 0 0 0 0 0 0 0 0 0 0 0 0 0 0 0 0 0 0 0 0 0 0 0 0 0 0 0 0 0 0 0 0 0 0 0 0 
0 0 0 0 0 0 0 0 0 0 0 0 0 0 0 0 0 0 0 0 0 0 0 0 0 0 0 0 0 0 0 0 0 0 0 0 0 0 0 0 0 0 0 0 0 0 0 0 0 0 0 0 0 0 0 0 0 0 0 0 0 0 0 0 0 0 0 0 0 0 0 0 0 0 0 0 0 0 0 0 0 0 0 0 0 0 0 0 0 0 
0 0 0 0 4.413329636 0 0 0 0 0 0 0 0 0 0 0 0 0 0 0 0 0 0 0 0 0 0 0 0 0 0 0 0 0 0 0 0 0 0 0 0 0 0 0 0 0 0 0 0 0 0 0 0 0 0 0 0 0 0 0 0 0 0 0 0 0 0 0 0 0 0 0 0 0 0 0 0 0 0 0 0 0 0 0 0 0 0 0 0 0 
0 0 0 0 0 0 0 4.089887034 0 0 0 0 0 0 0 0 0 0 0 0 0 0 0 0 0 0 0 0 0 0 0 0 0 0 0 0 0 0 0 0 0 0 0 0 0 0 0 0 0 0 0 0 0 0 0 0 0 0 0 0 0 0 0 0 0 0 0 0 0 0 0 0 0 0 0 0 0 0 0 0 0 0 0 0 0 0 0 0 0 0 
0 0 6.443351866 0 0 0 0 0 0 0 0 0 5.776270944 5.90378734 0 0 0 0 0 0 0 0 0 0 0 0 0 0 0 0 0 0 0 0 0 0 0 0 0 0 0 0 0 0 0 0 0 0 0 0 0 0 0 0 0 0 0 0 0 0 0 0 0 0 0 0 0 0 0 0 0 0 0 0 0 0 0 0 0 0 0 0 0 0 0 0 0 0 0 0 
0 0 0 0 0 0 0 0 0 0 0 0 0 0 0 0 0 4.979480937 0 0 0 0 0 0 0 0 0 0 0 0 0 4.27039781 0 0 0 0 0 0 0 0 0 0 0 0 0 0 0 0 0 0 0 0 0 0 0 0 0 0 0 0 0 0 0 0 0 0 0 0 0 0 0 0 0 0 0 0 0 0 0 0 0 0 0 0 0 0 0 0 0 0 
0 0 0 10.15010535 5.716055119 0 5.18720766 1.608985829 0 0 0 5.600887125 0 0 0 0 0 5.893727803 0 0 0 0 0 0 0 0 0 0 0 0 0 0 0 0 0 0 0 0 0 0 0 0 0 0 0 0 0 0 0 0 0 0 0 0 0 0 0 0 0 0 0 0 0 0 0 0 0 0 0 0 0 0 0 0 0 0 0 0 0 0 0 0 0 0 0 0 0 0 0 0 
5.936467571 0 5.148901885 0 0 0 3.772534268 6.594609827 0 0 0 0 3.23087697 4.345850117 0 0 4.642534129 0 0 0 0 0 0 0 0 0 0 0 0 5.422028778 0 0 0 0 0 0 0 6.299562887 0 0 0 0 0 0 0 0 0 0 0 0 0 0 0 0 0 0 0 0 0 0 0 0 0 0 0 0 0 0 0 0 0 0 0 0 0 0 0 0 0 0 0 0 0 0 0 0 0 0 0 0 
5.720516691 0 5.74651461 5.834439444 0 5.833121285 6.233661302 0 0 0 0 4.070803799 0 0 6.886585748 3.813441075 0 0 0 0 0 0 0 0 0 0 0 6.952889685 0 0 0 0 0 0 0 0 0 0 0 0 0 0 0 0 0 0 0 0 0 0 0 0 0 0 0 0 0 0 0 0 0 0 0 0 0 0 0 0 0 0 0 0 0 0 0 0 0 0 0 0 0 0 0 0 0 0 0 0 0 0 
10.07008844 0 0 0 6.381077503 0 5.218665089 6.445642142 0 0 12.56829097 3.415445947 0 0 3.770332549 5.260402639 6.634392263 0 0 0 6.824126304 0 0 0 0 0 0 5.830838415 0 0 0 0 0 0 0 0 0 6.651642013 0 0 0 3.017680528 0 0 0 0 0 0 0 0 0 0 0 0 0 0 0 0 0 0 0 0 0 0 0 0 0 0 0 0 0 0 0 0 0 0 0 0 0 0 0 0 0 0 0 0 0 0 0 0 
4.84398579 6.146970334 0 0 7.116099022 0 5.96112602 3.167099345 0 0 0 4.585000434 5.688372116 10.58761894 0 0 7.110653091 0 0 5.856650214 0 0 5.987018689 0 0 0 0 0 0 5.495832849 0 0 0 0 0 6.643846927 0 0 0 0 0 0 0 0 0 0 0 0 0 0 0 0 0 0 0 0 0 0 0 0 0 0 0 0 0 0 0 0 0 0 0 0 0 0 0 0 0 0 0 0 0 0 0 0 0 0 0 0 0 0 
9.891151235 8.470010692 0 6.864738552 17.85036619 0 2.471189407 0 0 0 0 1.801066152 0 5.541129751 11.68713638 6.780910809 0 7.689943674 13.10796399 10.35658475 6.441738889 6.53290201 0 0 0 0 0 0 6.694001629 0 0 0 0 0 0 0 0 0 0 0 0 0 0 0 0 0 0 0 0 0 0 5.065101713 0 0 0 0 0 0 0 0 0 0 0 0 0 0 0 0 0 0 0 0 0 0 0 0 0 0 0 0 0 0 0 0 0 0 0 0 0 0 
7.835843304 14.24459927 0 16.33160647 3.77672232 5.843589116 10.1974267 0 9.587851461 14.48739682 15.26874831 5.259118742 0 0 0 6.775616459 6.055985784 0 0 5.941902259 6.40945541 5.635425689 0 4.249786146 4.856469313 0 0 0 0 14.08561515 0 0 8.503395143 0 0 0 0 4.447205874 0 0 5.143080154 0 7.406083669 0 6.820117977 0 0 0 0 0 0 6.663087084 0 0 0 0 0 0 0 0 0 0 0 0 0 0 0 0 0 0 2.08869025 0 0 0 0 0 0 0 0 0 0 0 0 0 0 0 0 0 0 0 
3.411362045 15.93543121 1.789817891 16.78603509 12.48886135 12.20430022 10.83016577 0 11.97979561 12.83336798 3.553009892 7.828756162 22.3158673 0 6.18301901 10.60603291 18.39829886 0 0 3.68582406 0 7.110315524 6.268554233 0 7.202752222 0.4319368537 4.425992171 1.98143678 2.863349716 0 0 0 7.180271591 0 0 6.659356618 0 6.61489281 0 0 0 6.578961949 5.17856618 13.47477579 6.809905732 0 4.437691094 0 0 7.356033095 0 0 0 3.55204359 0 0 0 0 0 7.260472562 0 0 0 0 0 0 0 0 6.105869553 0 0 0 0 0 0 0 0 0 0 0 0 0 0 0 0 0 0 0 0 0 
0 18.73515089 3.31729703 9.558149403 16.03621004 13.10918695 0 0 29.69021858 6.15435301 0 7.086815271 0 0 6.818282747 6.262357677 0 20.84198477 0 0 8.743760542 6.322628886 9.214103549 0 0 11.0513093 15.59498323 0 7.091096925 0 0 0 0 4.315487068 1.364037836 0 0 0 4.899513578 0 0 8.112063337 0 6.684828796 0 0 0 3.70619702 0 0 0 6.345606715 0 0 0 0 0 8.673977858 0 0 0 0 0 0 0 0 0 0 0 0 0 0 0 0 0 0 0 0 0 0 0 0 0 0 0 0 0 0 0 0 
19.18142651 0 11.84412913 24.20132487 15.18217896 22.57123633 5.105352881 6.321519291 23.38195893 0 10.82350807 20.15633519 17.60404196 6.112917912 11.15070176 13.51919963 11.95990588 20.44499923 0 21.42453185 8.342232028 6.204570037 8.611083775 4.40420775 0 7.811671532 9.834945737 11.99375781 6.808231798 5.202447151 1.747719217 0 15.30987667 4.255652618 6.110109215 9.871230733 0 8.199365971 0 9.602720924 0 14.50176981 4.580936848 0 8.294701592 0 0 9.779406118 0 0 0 0 0 0 0 0 0 0 0 0 0 5.465017242 0 0 0 9.329517944 0 0 8.404275957 0 0 0 0 0 0 0 0 0 0 0 0 7.516387721 0 0 6.712482037 0 0 0 0 0 
10.82331042 10.94320561 0 2.892920015 31.71010966 13.60135703 3.212753442 3.446900274 21.41529225 20.1743412 15.00562306 0 20.02975655 1.803046741 15.72043387 6.939778582 22.62782685 23.93204846 6.180783358 0 11.77628091 5.595091316 19.95278001 0 23.5052865 6.418359261 0 13.05538573 16.98284811 12.89944349 6.351882059 27.73997295 0 0 0 0 0 2.010055981 0 10.96473008 7.317515057 7.144859812 6.340657055 0 0 4.371395971 7.109304871 0 0 0 9.142378249 7.267165043 15.97190906 0 0 0 0 0 0 0 0 1.678560353 0 0 0 0 0 0 0 9.534244549 0 0 0 0 0 0 0 0 0 0 0 0 0 0 0 0 0 0 0 0 
10.90809474 18.92216064 36.65467388 13.95568498 23.16219028 33.85705232 35.2036315 5.398015695 9.854507439 13.76840899 6.451760075 13.37617209 14.68778117 7.434495202 16.44308112 10.40155468 0 15.17229701 5.134137928 28.20145718 16.95479245 7.590396423 5.799737275 6.571657631 14.5647691 0 34.62955339 7.519329605 16.85821378 21.33152579 5.365025228 0 0 26.22759691 31.45561902 10.88377563 0 14.09227363 5.488384276 5.268405306 17.91002669 0 14.78377265 5.003851239 0 13.08086835 14.0391261 0 6.017381222 0 0 7.597517797 1.790403698 0 0 0.9367423981 0 6.462980755 0 0 0 0 0 0 0 11.56503739 0 0 0 0 0 0 0 0 0 0 0 0 0 0 0 0 0 0 0 0 0 0 0 0 
17.23033879 20.54198559 26.54841093 6.638853786 49.75685121 35.05747353 36.98763072 3.784353724 7.663582056 17.75367238 25.83936405 33.18289589 32.26065456 10.14462403 17.90933356 18.23032365 17.70776516 17.70741574 8.36768337 11.6813123 34.17550719 3.294896205 22.71983305 4.732649905 6.673357297 24.13688291 5.221473738 23.68924054 23.43096994 20.95666486 21.09451909 4.303909009 16.86897568 6.305285442 10.85236017 23.05534384 6.581860209 0 20.60493501 15.00844447 0 7.40169354 0 0 6.806454446 7.425513721 21.39865233 5.26670848 0 8.22815879 9.813711008 3.165330702 0 24.84174566 0 0 0 4.773858631 0 0 0 0 0 0 0 5.715568067 0 0 8.155480728 0 0 0 0 0 5.467769312 0 4.116949353 0 0 0 0 0 0 0 0 0 7.051102756 0 0 0 
30.54905006 23.85571932 2.022580868 32.46077629 19.98877359 39.84810716 62.72218282 0 12.33727359 41.33635215 42.97978537 9.221534887 10.80158086 24.28394845 20.76293688 32.24644373 33.93447305 39.93931479 15.5515042 9.991614769 11.39387654 21.68867181 6.077612178 5.217247766 46.33044028 37.07689935 20.46501854 25.03212473 17.53569368 13.30732562 12.65111173 12.06948965 4.008222968 18.89751342 24.94745626 12.84824856 23.61177102 13.69008914 27.27879646 16.02114129 7.335945008 4.550665905 14.6176026 7.424700136 0 13.24760918 19.47520212 16.96174158 5.506922825 21.82678136 1.0079295 0 20.52465084 0 3.106808111 0 7.961129498 0 14.40693093 11.05637172 4.29551727 1.166784301 0 8.245902141 0 0 0 0 11.40500323 5.933757352 0 9.134959076 0 0 8.026070028 15.20569573 0 0 0 0 7.745025498 0 0 0 0 0 0 0 0 0 
26.23778313 8.22995462 43.71989453 23.28480154 61.88591128 33.53969381 63.98559519 0 15.61405512 21.47813111 12.89204143 26.52459733 25.33346348 15.45326093 42.09277617 49.42004521 13.99968129 15.98607186 25.5975868 40.35481986 24.14585038 42.16894861 15.00008991 11.45614343 28.91199719 13.07664094 15.77537324 31.60301203 12.88350713 7.076792146 36.2671731 33.24586075 31.09313348 5.751957119 9.555487506 13.37779984 27.58843598 18.8953114 18.72497979 8.615814613 20.93851264 26.2789415 0 13.09750176 12.37357501 8.940786224 16.16491086 7.695692843 21.73745232 5.325064061 16.52025261 0 31.83150977 0 13.09964593 3.418585276 0 11.85387511 1.566590474 0 8.943524508 7.249186895 0 0 25.92368181 6.619129674 0 0 9.35011204 0 0 0 0 6.454122959 0 0 0 6.556957489 0 6.473649272 0 0 0 0 0 0 0 0 0 0 
40.38916828 37.6443239 32.33661663 33.65699018 43.83774549 25.28467582 17.22531463 27.81749537 9.213090545 31.80540455 31.69583901 11.54278477 43.98536797 41.3923214 35.44912146 19.67951229 54.7752804 6.304004305 30.80727307 39.53576461 21.28861735 17.7444611 23.0284346 10.44433272 31.37035431 23.56146969 46.96249984 27.02937362 21.11261223 27.71831519 20.18985696 11.15184176 0 28.86563325 26.05622593 21.85113476 20.14200659 24.87675678 29.87861898 19.59239401 6.678677846 5.378123979 33.12669942 12.15595434 7.859635816 21.31768401 5.01069963 17.79231475 3.837995532 8.920955528 5.396655062 22.37776869 15.95615356 16.32104468 25.92501102 10.71670828 16.72162528 16.61248784 7.249001642 0 27.76712154 0 16.29134089 15.73921693 0 0 0 0 0 0 0 0 0 7.885788979 0 4.568557664 7.786725526 0 8.204896831 0 0 0 0 0 0 17.77541832 0 0 0 0 
33.81228998 66.85917636 67.43968546 70.78563935 28.46467822 25.002042 45.96014271 44.39500967 32.66850096 48.11706245 61.39543703 51.32483835 15.06509257 18.27397713 5.213520855 66.81475963 26.47750154 21.98097087 23.4401991 28.88855778 25.39141024 19.84697385 28.96114115 30.16717122 23.89138898 33.16611978 51.49700604 50.94827376 32.31921182 20.10799943 44.08597023 89.84222575 29.64859917 34.73928004 23.85052922 14.25604269 28.76999953 35.72556532 34.12574715 22.61178874 38.51641364 24.04760391 17.02545813 0 18.06868404 19.33165173 14.98712752 18.10967123 19.48060072 18.51704804 4.278819668 30.48804127 25.12911296 5.127823159 6.897952307 22.09094866 8.297956769 8.253392996 15.78970212 10.62576141 24.8328387 29.06021569 0 0 19.49457426 0 14.42581165 5.741967985 0 0 0 6.514443975 0 0 8.786130115 0 0 6.650486104 7.491279905 0 5.958404991 0 0 16.88389765 0 0 0 0 0 0 
37.33048899 59.54711556 48.01418509 38.96342497 45.02272021 103.0703013 30.16830918 42.59640903 26.21633233 48.60202344 26.85908661 26.42974406 34.19775034 49.04497966 25.84876479 71.76312309 56.18424696 17.72941783 32.32104961 16.46448917 48.80574363 38.19494526 55.53547913 55.59352799 30.40271711 31.98108059 20.32031741 12.30430106 44.31708189 37.73586798 31.13935376 12.45610073 27.23865599 43.34895091 35.02973122 16.33890337 47.50216315 40.42679323 22.75459529 32.69988569 13.46806515 23.67201571 34.17639343 6.904033439 13.72155307 33.81374507 0 14.36925415 22.44778889 25.80093749 51.3624183 30.51691059 19.73151421 7.503155152 37.88242468 11.44620654 8.123640133 8.712262915 6.069126094 11.04535363 18.70300453 23.69240957 11.76678229 12.89495383 6.31478116 0 9.187014098 28.17772819 14.09552702 7.774076627 20.21821791 0 11.93934138 0 18.90754121 0 0 0 0 8.234178899 15.16964944 0 9.564003476 16.03478187 0 15.58056724 0 13.71882056 0 0 
47.55753345 74.06033916 82.554996 65.21675471 42.12699589 86.10834091 58.14561726 53.87398131 51.2559291 37.97687663 43.47214978 12.00378254 46.57356913 53.79109224 43.68930222 28.72178437 20.18155588 41.65324531 53.94900145 31.58796395 51.93228946 44.26313145 44.50990328 65.13694346 49.71711899 37.32190582 40.56808192 48.21292177 30.41616032 25.05644793 32.52076757 44.85945241 41.34109052 72.60470287 19.06222674 33.53365514 7.602326241 20.79517003 17.27311102 30.17348503 42.97600774 40.50023489 23.44183009 14.31080932 27.72684873 29.12181975 52.74374148 22.51992508 20.60844981 42.78321727 36.10768118 7.781129415 19.04132975 22.34368489 32.33252137 12.1730484 34.82003645 39.29850214 15.44409713 19.07648099 20.23792659 8.086994133 3.45554742 0 0 8.276798868 4.019038991 9.735227005 25.0388804 2.427159249 6.520070977 0 0 5.796691823 14.5593769 6.144896118 5.408215221 14.07453171 6.810575248 6.959690469 0 14.98349627 9.553724916 18.98394434 0 0 0 10.83372714 0 0 
91.42531652 65.33473715 61.74031719 42.44350648 48.22443347 45.93564079 62.01264355 32.29408457 42.63702459 90.70004794 88.8346201 43.48759459 101.7909774 72.54295758 68.11996343 85.51859211 49.86816068 68.99937595 76.21677626 19.1495929 34.57869262 37.71500527 38.72083514 48.06758643 33.24165455 26.18565974 103.6216709 27.16880628 51.89946097 49.95950274 15.95816182 33.53032641 58.75172084 52.58215657 30.69244598 51.29630389 29.3844666 26.35553834 41.16710261 22.90504331 18.4232576 16.11247389 36.61422588 35.37361964 27.27338032 25.01049775 13.27730518 23.25576985 42.42201304 25.42426752 57.0076005 16.44763523 30.8105844 8.077400627 27.97965671 11.55962134 26.74862403 36.7036458 24.60019935 3.83358579 28.96025999 23.20336259 0 17.09644094 17.86073248 20.0370265 26.0094303 16.91052462 16.67154049 0 15.01920114 14.0476009 9.863956315 2.781743836 1.881173074 0 8.192564173 0 17.73148974 8.348961169 8.957470114 14.66162807 0 8.264037908 15.56762188 0 10.58559052 8.037926452 0 0 
91.88890464 23.6401587 46.31824266 42.47999772 77.96896049 55.14171274 74.83050611 57.65930635 77.59677232 45.05305574 61.14128992 17.47614494 98.52299717 35.48052166 34.41751265 24.35928442 93.31167485 48.74723348 38.65385021 98.38320393 57.66140749 36.34520571 54.30745727 32.02739747 41.33192933 62.30065936 51.45768064 74.18990263 98.97161663 9.643896995 31.23458631 79.04761117 60.90229033 63.03411472 36.21185783 44.22091774 31.37793701 62.54926037 29.74259406 61.49666177 11.70139965 39.52626477 57.04080873 1.381407127 42.40880515 67.50159174 49.98425698 52.49012651 24.89653794 42.81356182 19.82839254 48.65047073 15.32755635 15.96864545 41.65137064 17.10546214 33.42287167 28.07905249 20.70568168 27.82080776 55.09093566 24.50991413 19.03184524 20.57518025 18.23880525 8.08353589 18.50682863 0 0 8.206345533 16.90880451 3.94875314 8.103192593 8.193391103 19.22275083 7.819020046 18.21720598 23.93044219 18.30781833 8.995707976 10.65558384 24.40419172 8.343359352 4.277617479 10.6748096 17.61701058 5.601486334 0 4.103530481 11.05705436 
67.61490482 26.27642219 76.63380821 22.51957384 86.34866118 50.2986547 112.4781137 94.69946141 42.59503326 81.74695549 75.03984734 82.33462664 97.13546122 99.47602836 37.57381045 82.58460947 49.08157033 28.63721746 81.59395592 38.09405063 57.54329996 48.86960506 129.9892703 72.78781207 64.03995045 58.35571879 43.4134237 49.34923488 49.64316308 82.50734901 64.35984622 66.21463593 37.16910738 28.0625361 35.92836901 69.44101111 49.17829814 64.65860647 44.77260843 20.32576534 61.92104641 32.71132769 52.39702097 45.05088535 91.71233032 25.60166611 53.85139697 23.83298983 52.5186342 36.56070807 84.51638187 31.42871473 41.93473914 53.65447452 31.08793534 20.01682509 41.87447283 57.49383662 25.91241041 31.41918039 22.43471695 27.72484322 30.13650979 40.75286262 18.00986686 37.1811975 10.31180441 53.83838898 7.130105339 39.32628456 19.87393685 39.7519184 16.752733 0 22.4633038 22.54679641 35.67641218 5.145640274 0 4.103163021 0 8.427751941 8.659952289 15.77579959 9.344997019 26.31755386 12.31672137 5.161310661 2.9788689 3.191014788 
73.07399464 85.87064537 67.97032103 71.84416615 104.1861668 2.952773239 59.59514725 83.073051 51.74983932 81.58210828 96.21523081 77.15861639 99.80209716 84.57424749 56.85486363 87.07636 71.66162626 27.30550057 64.17873173 39.51531446 58.12691092 90.66584481 60.91275525 59.93754462 33.25354666 58.95941642 54.10726978 55.07238434 109.0283134 41.58992939 47.09729899 56.9044888 50.55054535 49.83792881 74.2264957 103.7532169 42.93251522 92.44045265 65.99104677 41.92549567 141.9184054 46.76071497 89.48244376 89.79075025 35.34775003 43.64618297 45.41490186 48.72507434 52.25218012 58.70686975 62.72581341 53.1738607 63.34354406 33.73993333 45.12630399 23.89866299 21.49570504 25.7003406 16.44384036 37.17490186 17.62039121 30.32367601 45.65068183 11.37893024 35.78837694 17.91083293 15.3263594 15.27486594 23.6274774 16.11239793 27.81691459 9.778495614 39.0975662 22.39007771 7.810884986 0 20.77493328 17.51031368 17.70617743 10.74625211 33.09206842 19.22263423 3.954025821 6.426756423 0 36.82033864 23.39206048 5.651190527 12.94064948 13.01577132 
96.1130789 89.47188474 58.69248419 107.0994275 138.021263 74.74400288 66.3319774 60.61581099 83.21039153 84.16055883 151.012313 98.25777262 68.94371284 112.0455246 79.45407135 159.340813 142.0008934 96.65338639 68.54085222 74.02458125 40.03562404 65.74793616 110.7661174 37.94831415 54.93352058 63.20624705 73.73455168 58.88916548 71.08699986 87.74376168 55.32254787 113.5526499 105.700347 130.4898969 52.33821894 70.46140032 118.8220051 56.13257571 75.4149491 132.7834312 122.1016353 62.18733781 78.22066208 50.53979592 85.3291883 73.48597172 56.23769337 61.74666566 92.38199798 26.09215942 41.95844955 82.73546345 46.8090724 95.41935201 16.73003472 35.98756563 37.78377008 49.00588283 74.67555344 53.17209122 0 32.62868354 71.19986648 48.41110761 31.58312773 41.91651755 37.36939293 43.22090707 45.78855067 25.41380252 44.66662585 35.43177828 5.582447045 5.081557239 11.34167075 18.24709525 58.08259493 34.10309813 32.94347223 23.42353887 22.75748035 18.06092877 9.132767828 29.19970008 7.655372871 9.323092309 0 19.3291325 10.30183794 24.93797069 
50.68183167 130.1353249 128.2614764 82.03109304 121.0833189 107.3743037 131.5911023 134.9538416 97.84935455 136.517002 173.0933086 146.280207 141.1268286 90.22731585 118.8752384 93.16284217 78.64567411 85.41791099 48.01915027 105.4830933 65.67712339 119.6835943 111.5647424 110.6391253 86.25390222 131.8089426 116.9674177 95.87260653 85.68370458 84.68478048 70.01891512 47.18341179 63.14182992 42.81396913 50.58861337 94.90065508 81.3167191 73.42974998 80.15811308 96.60991644 68.47348399 80.16262898 106.4560362 57.10673987 106.1288777 67.898263 60.14539073 54.24827509 35.51677168 43.41462278 71.92799918 71.67541599 87.01896801 68.08976699 86.09583265 56.95821201 75.30718042 33.67181356 44.35574594 55.10926382 45.59396257 77.74085446 84.75531908 19.44037294 39.13185951 30.49147645 47.28522687 51.41320325 24.23334298 35.92144741 47.36845387 47.33790284 31.78126544 81.72705388 36.89574687 29.09267643 43.47445533 28.34152158 13.56236097 32.37118229 20.97948958 31.33504465 35.97284802 12.50910048 22.60743194 32.43793004 22.04368599 18.14917665 15.90865831 10.97855307 
151.4304284 184.1031532 136.7728465 105.9655825 171.1357456 105.695333 133.1071112 160.6133547 134.188173 118.7560609 171.947949 89.03188918 116.9416617 114.3861497 173.3591857 100.1916658 149.0348124 113.4441488 73.99790966 69.37523109 105.1728434 159.2247839 112.4711206 184.3304505 115.6635043 66.7272671 105.3788137 131.7870753 125.8977462 50.20058823 47.23867649 92.43616106 61.29111913 150.6367543 100.7449839 78.84691647 58.38264653 78.19853312 107.8867029 102.9740962 109.3560659 156.4403586 84.73617979 146.1723417 101.2300509 60.64852816 64.51051348 118.1693034 36.79904798 84.56950863 109.4922524 142.9953317 69.24891788 67.11588948 104.789519 106.2310811 74.12709046 29.98550255 26.05075608 58.13561144 58.38779353 63.54909823 76.39670257 63.90053548 78.52534397 83.41861913 67.15690959 49.14442556 78.38524213 47.80713436 38.73364627 62.05579956 69.46574676 61.35843184 42.67445565 11.69169042 44.85813432 23.42916722 37.17075467 14.00694858 37.49408546 12.82540552 26.75203063 43.87158655 26.98709203 15.70398609 24.00605256 19.45115108 14.34886064 17.98716333 
122.5214449 168.941756 146.3871143 149.9218513 160.1854577 124.415016 88.38004934 140.9756814 118.7118471 178.9165202 140.5457411 148.3535145 154.8199628 165.5464923 175.5946986 120.8177296 133.7011023 152.4306624 80.97537557 165.0643819 159.6595361 163.2780761 148.2411602 128.4325341 115.0355458 197.9376285 176.9371023 100.9870162 150.1445705 168.5494252 123.0950163 97.338555 121.994291 85.86959979 98.88671039 123.7576753 98.88667921 120.661706 110.2917031 135.9283793 40.62060809 87.21012965 154.1556859 41.35308005 106.0277705 67.66157112 107.1803887 48.48262824 79.19516 164.4880267 78.21322348 45.64963939 84.34151219 91.92711478 94.6434265 88.90427106 115.9996019 115.3678798 43.36980258 58.11405198 65.24569025 60.89674727 60.12683631 108.6309209 52.16825973 71.28783613 52.40584931 101.1705252 71.30734342 58.67543631 51.0690257 29.91635044 94.97907351 72.42556852 19.80375306 85.67767408 84.79396573 51.8683347 49.58661019 24.22837173 41.32830001 65.33358984 20.69237326 23.35174067 47.45363704 0 17.92821901 53.79281056 56.4019491 0 
163.6494314 146.1590568 120.3968614 138.2935526 73.13783728 171.9223696 129.7374402 179.4507109 153.1849775 98.33134738 173.0417158 143.2397304 213.8200894 165.0502547 152.0276178 201.3036186 193.1368426 94.96712671 158.7175702 149.7822744 89.63689118 159.6670842 148.2536947 139.9623474 92.33162917 112.4680382 217.3219638 119.4902347 114.2777282 130.5959185 157.3517714 109.9314607 166.4448258 144.2472377 181.5344403 142.2112488 198.1787387 83.99067654 108.8142488 78.41166561 130.01351 141.5690981 176.4193129 104.5728898 80.11250831 70.67985718 60.57793901 98.51691948 96.04752417 66.28839323 102.0617838 100.9661254 108.1175975 84.09820009 62.69159903 47.17219914 83.68134869 63.43580798 87.47720365 54.3133734 103.7391848 157.764801 87.14466142 99.387101 75.39060985 63.24395638 110.5102588 75.50699949 70.71173605 62.8123665 38.48517555 73.52916128 39.0945845 58.51461647 53.98442537 71.71106865 40.90396247 25.28788921 12.19036617 65.40905916 19.4631038 65.92549973 61.03826473 20.40127103 56.8755328 16.1387526 18.08004694 52.03662046 48.10982274 52.88829133 
146.7503556 112.0195365 206.9385549 194.1949788 122.6716475 132.5693939 192.3634778 139.6338745 207.2966945 167.0896281 168.4305592 128.5367016 156.9528881 188.2293472 203.9378877 178.010028 142.4506477 109.3348216 142.8580447 211.7417831 109.5014498 152.1926813 116.0938946 119.8636952 185.9301359 146.5119031 110.0865794 110.600183 65.80119216 231.1542222 111.9248152 77.34388946 105.1445283 108.7608947 151.0469935 139.4421388 169.3892063 105.0611974 116.7996322 91.81302538 54.79939348 149.6326028 197.2546607 146.030355 160.9297376 156.5954322 230.7935599 125.0352614 119.9901191 79.31641841 113.005852 89.92388415 86.89932232 94.69421556 154.1064996 99.6793915 90.41668764 90.67544442 91.82785964 58.92768559 142.093797 143.4045064 63.92436082 83.32693637 129.3660964 56.84849182 41.69075202 70.33758856 47.81447904 95.17583758 60.38540005 107.1366978 45.54145142 58.57871405 68.98661465 83.16712193 63.2260028 125.1048623 92.52301699 62.39337848 54.91342108 40.31451652 97.18125292 26.84339634 28.02621216 60.36210782 50.59973696 53.18574759 23.49676594 65.59454091 
201.9137132 135.5830319 156.2620489 182.4644086 184.6080648 168.2047061 126.4085774 170.8203234 144.0213909 191.5552526 123.120348 194.2877249 153.5263763 198.4075565 127.4237739 168.2898288 232.0621827 155.2683597 175.5058413 321.1811641 133.9556065 149.8883412 209.9024166 169.0893933 92.16064731 142.592691 139.574436 165.761048 217.0480978 155.2866841 176.5938615 132.0434469 128.853493 197.5372435 258.4504428 183.0125673 72.92347876 126.4149616 173.8631065 117.491192 143.6710328 92.46921448 148.4039487 138.3865115 162.6555488 130.0553114 110.0793442 182.2468759 94.13269922 127.8193641 165.9389081 120.8591876 113.8595398 146.6749166 152.3430765 135.1751816 117.014048 75.18633074 136.9631966 88.56906813 114.6472518 149.2535704 92.1957634 130.3107191 119.7658078 77.55097742 121.9640827 80.52035223 77.88621066 108.9258214 45.20852854 102.1037837 44.56318687 97.70526077 47.26901049 103.3708881 54.11882253 90.4687117 92.06366033 46.0851117 122.5170594 66.54133105 55.92055713 74.87416878 113.4704794 68.72712301 25.90390007 27.76041555 31.24778456 79.11017676 
244.3150864 116.9215753 116.2505947 262.5744029 269.9174638 193.6870567 251.4305577 76.33191026 173.0801938 161.9862945 233.1745828 157.1350779 252.8413585 205.1667283 110.5208559 187.4665463 161.7970895 186.5509143 247.1467835 153.2360116 190.7298366 190.094143 175.577459 203.4691695 147.8535347 98.69545787 200.7507969 203.2739785 248.5288682 194.8043376 204.237474 181.8298556 151.1664065 154.9103639 199.7238678 89.95946937 166.1013052 106.8749463 172.7812243 175.3779726 128.2969015 179.768995 167.7871412 98.58913444 127.5822138 140.4832516 93.34837378 136.4339968 88.59151314 217.5399812 236.3895342 218.5272599 155.0846624 209.7821647 199.7897737 136.4963652 188.7990561 145.0174469 127.6990871 116.8548188 113.2760991 96.00631164 129.8182067 189.0432038 108.5077943 164.9136721 109.9311314 126.2660185 112.0559795 72.36122738 80.12228787 90.65071899 148.05057 100.8557367 42.89741289 88.43104436 91.42298889 87.32377038 130.5605438 135.9639459 43.61832843 105.9512488 50.43721715 56.59817509 75.80053518 98.49313085 74.26601455 30.08078341 105.8809184 21.82281016 
169.2774176 149.5762531 115.5504386 151.2653703 172.3269904 234.5440491 109.7405202 95.71892718 178.2674036 181.6734426 221.0302499 226.1644755 197.4493774 218.3106151 207.6896147 196.1541137 256.5573557 208.0537821 176.319771 196.1364797 150.071162 168.9347326 155.4166749 235.0260635 148.266612 161.9996058 238.9666437 260.9444554 142.6012667 144.515127 144.4317912 171.2549826 138.8858789 261.1904229 185.0961235 198.2442718 235.231592 147.8754837 123.627515 169.0530465 115.1813236 176.5977205 129.6297228 156.145396 215.8201466 104.5068987 116.3877426 249.7973285 161.3726884 151.5945481 128.2914553 190.5285184 188.8603582 119.3108202 102.2499885 268.8158302 112.8628308 100.285536 130.8145455 176.6039457 175.7429635 174.2890174 153.5285873 132.8156166 147.1120378 88.66146732 114.6276601 129.6043578 66.57106186 109.5520224 131.0430549 143.7910022 130.7348732 181.610197 134.4081766 160.1289277 158.8012397 115.9025574 100.4173653 51.91011839 96.27475487 100.2221564 54.07336671 76.15070808 82.91038898 112.6859397 29.77537619 27.10225047 82.49958807 82.56025649 
# Errors [psd_monitor2/analyser2_psd.dat] I_err:
0 0 0 0 0 0 0 0 0 0 0 0 0 0 0 0 0 0 0 0 0 0 0 0 0 0 0 0 0 0 0 0 0 0 0 0 0 0 0 0 0 0 0 0 0 0 0 0 0 0 0 0 0 0 0 0 0 0 0 0 0 0 0 0 0 0 0 0 0 0 0 19.2731832 0 0 0 0 0 0 0 0 0 0 0 0 0 0 0 0 0 0 
0 0 0 0 0 0 0 0 0 0 0 0 0 0 0 0 0 0 0 0 0 0 0 0 0 0 0 0 0 0 0 0 0 0 0 0 0 0 0 0 0 0 0 0 0 0 0 0 0 0 0 0 0 0 0 0 0 0 0 0 0 0 0 0 0 0 0 0 0 0 0 0 0 0 0 0 0 0 0 0 0 0 0 0 0 0 0 0 0 0 
0 0 0 0 0 0 0 0 0 0 0 0 0 0 0 0 0 0 0 0 0 0 0 0 0 0 0 0 0 0 0 0 0 0 0 0 0 0 0 0 0 0 0 0 0 0 0 0 0 0 0 0 0 0 0 0 0 0 0 0 0 0 0 0 0 0 0 0 0 0 0 0 0 0 0 0 0 0 0 0 0 0 0 0 0 0 0 0 0 0 
0 0 0 0 0 0 0 0 0 0 0 0 0 0 0 0 0 0 0 0 0 0 0 0 0 0 0 0 0 0 0 0 0 0 0 0 0 0 0 0 0 0 0 0 0 0 0 0 0 0 0 0 0 0 0 0 0 0 0 0 0 0 0 0 0 0 0 0 0 0 0 0 0 0 0 0 0 0 0 0 0 0 0 0 0 0 0 0 0 0 
0 0 0 0 0 0 0 0 0 0 0 0 0 0 0 0 0 0 0 0 0 0 0 0 0 0 0 0 0 0 0 0 0 0 0 0 0 0 0 0 0 0 0 0 0 0 0 0 0 0 0 0 0 0 0 0 0 0 0 0 0 0 0 0 0 0 0 0 0 0 0 0 0 0 0 0 0 0 0 0 0 0 0 0 0 0 0 0 0 0 
0 0 0 0 0 0 0 0 0 0 0 0 0 0 0 0 0 0 0 0 0 0 0 0 0 0 0 0 0 0 0 0 0 0 0 0 0 0 0 0 0 0 0 0 0 0 0 0 0 0 0 0 0 0 0 0 0 0 0 0 0 0 0 0 0 0 0 0 0 0 0 0 0 0 0 0 0 0 0 0 0 0 0 0 0 0 0 0 0 0 
0 0 0 0 0 0 0 0 0 0 0 0 0 0 0 0 0 0 0 0 0 0 0 0 0 0 0 0 0 0 0 0 0 0 0 0 0 0 0 0 0 0 0 0 0 0 0 0 0 0 0 0 0 0 0 0 0 0 0 0 0 0 0 0 0 0 0 0 0 0 0 0 0 0 0 0 0 0 0 0 0 0 0 0 0 0 0 0 0 0 
0 0 0 0 0 0 0 0 0 0 0 0 0 0 0 0 0 0 0 0 0 0 0 0 0 0 0 0 0 0 0 0 0 0 0 0 0 0 0 0 0 0 0 0 0 0 0 0 0 0 0 0 0 0 0 0 0 0 0 0 0 0 0 0 0 0 0 0 0 0 0 0 0 0 0 0 0 0 0 0 0 0 0 0 0 0 0 0 0 0 
0 0 0 0 0 0 0 0 0 0 0 0 0 0 0 0 0 0 0 0 0 0 0 0 0 0 0 0 0 0 0 0 0 0 0 0 0 0 0 0 0 0 0 0 0 0 0 0 0 0 0 0 0 0 0 0 0 0 0 0 0 0 0 0 0 0 0 0 0 0 0 0 0 0 0 0 0 0 0 0 0 0 0 0 0 0 0 0 0 0 
0 0 0 0 0 0 0 0 0 0 0 0 0 0 0 0 0 0 0 0 0 0 0 0 0 0 0 0 0 0 0 0 0 0 0 0 0 0 0 0 0 0 0 0 0 0 0 0 0 0 0 0 0 0 0 0 0 0 0 0 0 0 0 0 0 0 0 0 0 0 0 0 0 0 0 0 0 0 0 0 0 0 0 0 0 0 0 0 0 0 
0 0 0 0 0 0 0 0 0 0 0 0 0 0 0 0 0 0 0 0 0 0 0 0 0 0 0 0 0 0 0 0 0 0 0 0 0 0 0 0 0 0 0 0 0 0 0 0 0 0 0 0 0 0 0 0 0 0 0 0 0 0 0 0 0 0 0 0 0 0 0 0 0 0 0 0 0 0 0 0 0 0 0 0 0 0 0 0 0 0 
0 0 0 0 0 0 0 0 0 0 0 0 0 0 0 0 0 0 0 0 0 0 0 0 0 0 0 0 0 0 0 0 0 0 0 0 0 0 0 0 0 0 0 0 0 0 0 0 0 0 0 0 0 0 0 0 0 0 0 0 0 0 0 0 0 0 0 0 0 0 0 0 0 0 0 0 0 0 0 0 0 0 0 0 0 0 0 0 0 0 
0 0 0 0 0 0 0 0 0 0 0 0 0 0 0 0 0 0 0 0 0 0 0 0 0 0 0 0 0 0 0 0 0 0 0 0 0 0 0 0 0 0 0 0 0 0 0 0 0 0 0 0 0 0 0 0 0 0 0 0 0 0 0 0 0 0 0 0 0 0 0 0 0 0 0 0 0 0 0 0 0 0 0 0 0 0 0 0 0 0 
0 0 0 0 0 0 0 0 0 0 0 0 0 0 0 0 0 0 0 0 0 0 0 0 0 0 0 0 0 0 0 0 0 0 0 0 0 0 0 0 0 0 0 0 0 0 0 0 0 0 0 0 0 0 0 0 0 0 0 0 0 0 0 0 0 0 0 0 0 0 0 0 0 0 0 0 0 0 0 0 0 0 0 0 0 0 0 0 0 0 
0 0 0 0 0 0 0 0 0 0 0 0 0 0 0 0 0 0 0 0 0 0 0 0 0 0 0 0 0 0 0 0 0 0 0 0 0 0 0 0 0 0 0 0 0 0 0 0 0 0 0 0 0 0 0 0 0 0 0 0 0 0 0 0 0 0 0 0 0 0 0 0 0 0 0 0 0 0 0 0 0 0 0 0 0 0 0 0 0 0 
0 0 0 0 0 0 0 0 0 0 0 0 0 0 0 0 0 0 0 0 0 0 0 0 0 0 0 0 0 0 0 0 0 0 0 0 0 0 0 0 0 0 0 0 0 0 0 0 0 0 0 0 0 0 0 0 0 0 0 0 0 0 0 0 0 0 0 0 0 0 0 0 0 0 0 0 0 0 0 0 0 0 0 0 0 0 0 0 0 0 
0 0 0 0 0 0 0 0 0 0 0 0 0 0 0 0 0 0 0 0 0 0 0 0 0 0 0 0 0 0 0 0 0 0 0 0 0 0 0 0 0 0 0 0 0 0 0 0 0 0 0 0 0 0 0 0 0 0 0 0 0 0 0 0 0 0 0 0 0 0 0 0 0 0 0 0 0 0 0 0 0 0 0 0 0 0 0 0 0 0 
0 0 0 0 0 0 0 0 0 0 0 0 0 0 0 0 0 0 0 0 0 0 0 0 0 0 0 0 0 0 0 0 0 0 0 0 0 0 0 0 0 0 0 0 0 0 0 0 0 0 0 0 0 0 0 0 0 0 0 0 0 0 0 0 0 0 0 0 0 0 0 0 0 0 0 0 0 0 0 0 0 0 0 0 0 0 0 0 0 0 
0 0 0 0 0 0 0 0 0 0 0 0 0 0 0 0 0 0 0 0 0 0 0 0 0 0 0 0 0 0 0 0 0 0 0 0 0 0 0 0 0 0 0 0 0 0 0 0 0 0 0 0 0 0 0 0 0 0 0 0 0 0 0 0 0 0 0 0 0 0 0 0 0 0 0 0 0 0 0 0 0 0 0 0 0 0 0 0 0 0 
0 0 0 0 0 0 0 0 0 0 0 0 0 0 0 0 0 0 0 0 0 0 0 0 0 0 0 0 0 0 0 0 0 0 0 0 0 0 0 0 0 0 0 0 0 0 0 0 0 0 0 0 0 0 0 0 0 0 0 0 0 0 0 0 0 0 0 0 0 0 0 0 0 0 0 0 0 0 0 0 0 0 0 0 0 0 0 0 0 0 
0 0 0 0 0 0 0 0 0 0 0 0 0 0 0 0 0 0 0 0 0 0 0 0 0 0 0 0 0 0 0 0 0 0 0 0 0 0 0 0 0 0 0 0 0 0 0 0 0 0 0 0 0 0 0 0 0 0 0 0 0 0 0 0 0 0 0 0 0 0 0 0 0 0 0 0 0 0 0 0 0 0 0 0 0 0 0 0 0 0 
0 0 0 0 0 0 0 0 0 0 0 0 0 0 0 0 0 0 0 0 0 0 0 0 0 0 0 0 0 0 0 0 0 0 0 0 0 0 0 0 0 0 0 0 0 0 0 0 0 0 0 0 0 0 0 0 0 0 0 0 0 0 0 0 0 0 0 0 0 0 0 0 0 0 0 0 0 0 0 0 0 0 0 0 0 0 0 0 0 0 
0 0 0 0 0 0 0 0 0 0 0 0 0 0 0 0 0 0 0 0 0 0 0 0 0 0 0 0 0 0 0 0 0 0 0 0 0 0 0 0 0 0 0 0 0 0 0 0 0 0 0 0 0 0 0 0 0 0 0 0 0 0 0 0 0 0 0 0 0 0 0 0 0 0 0 0 0 0 0 0 0 0 0 0 0 0 0 0 0 0 
0 0 0 0 0 0 0 0 0 0 0 0 0 0 0 0 0 0 0 0 0 0 0 0 0 0 0 0 0 0 0 0 0 0 0 0 0 0 0 0 0 0 0 0 0 0 0 0 0 0 0 0 0 0 0 0 0 0 0 0 0 0 0 0 0 0 0 0 0 0 0 0 0 0 0 0 0 0 0 0 0 0 0 0 0 0 0 0 0 0 
0 0 0 0 0 0 0 0 0 0 0 0 0 0 0 0 0 0 0 0 0 0 0 0 0 0 0 0 0 0 0 0 0 0 0 0 0 0 0 0 0 0 0 0 0 0 0 0 0 0 0 0 0 0 0 0 0 0 0 0 0 0 0 0 0 0 0 0 0 0 0 0 0 0 0 0 0 0 0 0 0 0 0 0 0 0 0 0 0 0 
0 0 0 0 0 0 0 0 0 0 0 0 0 0 0 0 0 0 0 0 0 0 0 0 0 0 0 0 0 0 0 0 0 0 0 0 0 0 0 0 0 0 0 0 0 0 0 0 0 0 0 0 0 0 0 0 0 0 0 0 0 0 0 0 0 0 0 0 0 0 0 0 0 0 0 0 0 0 0 0 0 0 0 0 0 0 0 0 0 0 
0 0 0 0 0 0 0 0 0 0 0 0 0 0 0 0 0 0 0 0 0 0 0 0 0 0 0 0 0 0 0 0 0 0 0 0 0 0 0 0 0 0 0 0 0 0 0 0 0 0 0 0 0 0 0 0 0 0 0 0 0 0 0 0 0 0 0 0 0 0 0 0 0 0 0 0 0 0 0 0 0 0 0 0 0 0 0 0 0 0 
0 0 0 0 0 0 0 0 0 0 0 0 0 0 0 0 0 0 0 0 0 0 0 0 0 0 0 0 0 0 0 0 0 0 0 0 0 0 0 0 0 0 0 0 0 0 0 0 0 0 0 0 0 0 0 0 0 0 0 0 0 0 0 0 0 0 0 0 0 0 0 0 0 0 0 0 0 0 0 0 0 0 0 0 0 0 0 0 0 0 
0 0 0 0 0 0 0 0 0 0 0 0 0 0 0 0 0 0 0 0 0 0 0 0 0 0 0 0 0 0 0 0 0 0 0 0 0 0 0 0 0 0 0 0 0 0 0 0 0 0 0 0 0 0 0 0 0 0 0 0 0 0 0 0 0 0 0 0 0 0 0 0 0 0 0 0 0 0 0 0 0 0 0 0 0 0 0 0 0 0 
0 0 0 0 0 0 0 0 0 0 0 0 0 0 0 0 0 0 0 0 0 0 0 0 0 0 0 0 0 0 0 0 0 0 0 0 0 0 0 0 0 0 0 0 0 0 0 0 0 0 0 0 0 0 0 0 0 0 0 0 0 0 0 0 0 0 0 0 0 0 0 0 0 0 0 0 0 0 0 0 0 0 0 0 0 0 0 0 0 0 
0 0 0 0 0 0 0 0 0 0 0 0 0 0 0 0 0 0 0 0 0 0 0 0 0 0 0 0 0 0 0 0 0 0 0 0 0 0 0 0 0 0 0 0 0 0 0 0 0 0 0 0 0 0 0 0 0 0 0 0 0 0 0 0 0 0 0 0 0 0 0 0 0 0 0 0 0 0 0 0 0 0 0 0 0 0 0 0 0 0 
0 0 0 0 0 0 0 0 0 0 0 0 0 0 0 0 0 0 0 0 0 0 0 0 0 0 0 0 0 0 0 0 0 0 0 0 0 0 0 0 0 0 0 0 0 0 0 0 0 0 0 0 0 0 0 0 0 0 0 0 0 0 0 0 0 0 0 0 0 0 0 0 0 0 0 0 0 0 0 0 0 0 0 0 0 0 0 0 0 0 
0 0 0 0 0 0 0 0 0 0 0 0 0 0 0 0 0 0 0 0 0 0 0 0 0 0 0 0 0 0 0 0 0 0 0 0 0 0 0 0 0 0 0 0 0 0 0 0 0 0 0 0 0 0 0 0 0 0 0 0 0 0 0 0 0 0 0 0 0 0 0 0 0 0 0 0 0 0 0 0 0 0 0 0 0 0 0 0 0 0 
0 0 0 0 0 0 0 0 0 0 0 0 0 0 0 0 0 0 0 0 0 0 0 0 0 0 0 0 0 0 0 0 0 0 0 0 0 0 0 0 0 0 0 0 0 0 0 0 0 0 0 0 0 0 0 0 0 0 0 0 0 0 0 0 0 0 0 0 0 0 0 0 0 0 0 0 0 0 0 0 0 0 0 0 0 0 0 0 0 0 
0 0 0 0 0 0 0 0 0 0 0 0 0 0 0 0 0 0 0 0 0 0 0 0 0 0 0 0 0 0 0 0 0 0 0 0 0 0 0 0 0 0 0 0 0 0 0 0 0 0 0 0 0 0 0 0 0 0 0 0 0 0 0 0 0 0 0 0 0 0 0 0 0 0 0 0 0 0 0 0 0 0 0 0 0 0 0 0 0 0 
0 0 0 0 0 0 0 0 0 0 0 0 0 0 0 0 0 0 0 0 0 0 0 0 0 0 0 0 0 0 0 0 0 0 0 0 0 0 0 0 0 0 0 0 0 0 0 0 0 0 0 0 0 0 0 0 0 0 0 0 0 0 0 0 0 0 0 0 0 0 0 0 0 0 0 0 0 0 0 0 0 0 0 0 0 0 0 0 0 0 
0 0 0 0 0 0 0 0 0 0 0 0 0 0 0 0 0 0 0 0 0 0 0 0 0 0 0 0 0 0 0 0 0 0 0 0 0 0 0 0 0 0 0 0 0 0 0 0 0 0 0 0 0 0 0 0 0 0 0 0 0 0 0 0 0 0 0 0 0 0 0 0 0 0 0 0 0 0 0 0 0 0 0 0 0 0 0 0 0 0 
0 0 0 0 0 0 0 0 0 0 0 0 0 0 0 0 0 0 0 0 0 0 0 0 0 0 0 0 0 0 0 0 0 0 0 0 0 0 0 0 0 0 0 0 0 0 0 0 0 0 0 0 0 0 0 0 0 0 0 0 0 0 0 0 0 0 0 0 0 0 0 0 0 0 0 0 0 0 0 0 0 0 0 0 0 0 0 0 0 0 
0 0 0 0 0 0 0 0 0 0 0 0 0 0 0 0 0 0 0 0 0 0 0 0 0 0 0 0 0 0 0 0 0 0 0 0 0 0 0 0 0 0 0 0 0 0 0 0 0 0 0 0 0 0 0 0 0 0 0 0 0 0 0 0 0 0 0 0 0 0 0 0 0 0 0 0 0 0 0 0 0 0 0 0 0 0 0 0 0 0 
0 0 0 0 0 0 0 0 0 0 0 0 0 0 0 0 0 0 0 0 0 0 0 0 0 0 0 0 0 0 0 0 0 0 0 0 0 0 0 0 0 0 0 0 0 0 0 0 0 0 0 0 0 0 0 0 0 0 0 0 0 0 0 0 0 0 0 0 0 0 0 0 0 0 0 0 0 0 0 0 0 0 0 0 0 0 0 0 0 0 
0 0 0 0 0 0 0 0 0 0 0 0 0 0 0 0 0 0 0 0 0 0 0 0 0 0 0 0 0 0 0 0 0 0 0 0 0 0 0 0 0 0 0 0 0 0 0 0 0 0 0 0 0 0 0 0 0 0 0 0 0 0 0 0 0 0 0 0 0 0 0 0 0 0 0 0 0 0 0 0 0 0 0 0 0 0 0 0 0 0 
0 0 0 0 0 0 0 0 0 0 0 0 0 0 0 0 0 0 0 0 0 0 0 0 0 0 0 0 0 0 0 0 0 0 0 0 0 0 0 0 0 0 0 0 0 0 0 0 0 0 0 0 0 0 0 0 0 0 0 0 0 0 0 0 0 0 0 0 0 0 0 0 0 0 0 0 0 0 0 0 0 0 0 0 0 0 0 0 0 0 
0 0 0 0 0 0 0 0 0 0 0 0 0 0 0 0 0 0 0 0 0 0 0 0 0 0 0 0 0 0 0 0 0 0 0 0 0 0 0 0 0 0 0 0 0 0 0 0 0 0 0 0 0 0 0 0 0 0 0 0 0 0 0 0 0 0 0 0 0 0 0 0 0 0 0 0 0 0 0 0 0 0 0 0 0 0 0 0 0 0 
0 0 0 0 0 0 0 0 0 0 0 0 0 0 0 0 0 0 0 0 0 0 0 0 0 0 0 0 0 0 0 0 0 0 0 0 0 0 0 0 0 0 0 0 0 0 0 0 0 0 0 0 0 0 0 0 0 0 0 0 0 0 0 0 0 0 0 0 0 0 0 0 0 0 0 0 0 0 0 0 0 0 0 0 0 0 0 0 0 0 
0 0 0 0 0 0 0 0 0 0 0 0 0 0 0 0 0 0 0 0 0 0 0 0 0 0 0 0 0 0 0 0 0 0 0 0 0 0 0 0 0 0 0 0 0 0 0 0 0 0 0 0 0 0 0 0 0 0 0 0 0 0 0 0 0 0 0 0 0 0 0 0 0 0 0 0 0 0 0 0 0 0 0 0 0 0 0 0 0 0 
0 0 0 0 0 0 0 0 0 0 0 0 0 0 0 0 0 0 0 0 0 0 0 0 0 0 0 0 0 0 0 0 0 0 0 0 0 0 0 0 0 0 0 0 0 0 0 0 0 0 0 0 0 0 0 0 0 0 0 0 0 0 0 0 0 0 0 0 0 0 0 0 0 0 0 0 0 0 0 0 0 0 0 0 0 0 0 0 0 0 
0 0 0 0 0 0 0 0 0 0 0 0 0 0 0 0 0 0 0 0 0 0 0 0 0 0 0 0 0 0 0 0 0 0 0 0 0 0 0 0 0 0 0 0 0 0 0 0 0 0 0 0 0 0 0 0 0 0 0 0 0 0 0 0 0 0 0 0 0 0 0 0 0 0 0 0 0 0 0 0 0 0 0 0 0 0 0 0 0 0 
0 0 0 0 0 0 0 0 0 0 0 0 0 0 0 0 0 0 0 0 0 0 0 0 0 0 0 0 0 0 0 0 0 0 0 0 0 0 0 0 0 0 0 0 0 0 0 0 0 0 0 0 0 0 0 0 0 0 0 0 0 0 0 0 0 0 0 0 0 0 0 0 0 0 0 0 0 0 0 0 0 0 0 0 0 0 0 0 0 0 
0 0 0 0 0 0 0 0 0 0 0 0 0 0 0 0 0 0 0 0 0 0 0 0 0 0 0 0 0 0 0 0 0 0 0 0 0 0 0 0 0 0 0 0 0 0 0 0 0 0 0 0 0 0 0 0 0 0 0 0 0 0 0 0 0 0 0 0 0 0 0 0 0 0 0 0 0 0 0 0 0 0 0 0 0 0 0 0 0 0 
0 0 0 0 0 3.241809516 0 0 0 0 0 0 0 0 0 0 0 0 0 0 0 0 0 0 0 0 0 0 0 0 0 0 0 0 0 0 0 0 0 0 0 0 0 0 0 0 0 0 0 0 0 0 0 0 0 0 0 0 0 0 0 0 0 0 0 0 0 0 0 0 0 0 0 0 0 0 0 0 0 0 0 0 0 0 0 0 0 0 0 0 
0 0 0 0 0 0 0 0 0 0 0 0 0 0 0 0 0 0 0 0 0 0 0 0 0 0 0 0 0 0 0 0 0 0 0 0 0 0 0 0 0 0 0 0 0 0 0 0 0 0 0 0 0 0 0 0 0 0 0 0 0 0 0 0 0 0 0 0 0 0 0 0 0 0 0 0 0 0 0 0 0 0 0 0 0 0 0 0 0 0 
0 0 0 0 0 0 0 0 0 0 0 0 0 0 0 0 0 0 0 0 0 0 0 0 0 0 0 0 0 0 0 0 0 0 0 0 0 0 0 0 0 0 0 0 0 0 0 0 0 0 0 0 0 0 0 0 0 0 0 0 0 0 0 0 0 0 0 0 0 0 0 0 0 0 0 0 0 0 0 0 0 0 0 0 0 0 0 0 0 0 
0 0 0 0 0 0 0 0 0 0 0 0 0 0 0 0 0 0 0 0 0 0 0 0 0 0 0 0 0 0 0 0 0 0 0 0 0 0 0 0 0 0 0 0 0 0 0 0 0 0 0 0 0 0 0 0 0 0 0 0 0 0 0 0 0 0 0 0 0 0 0 0 0 0 0 0 0 0 0 0 0 0 0 0 0 0 0 0 0 0 
0 0 0 0 0 0 0 0 0 0 0 0 0 0 0 0 0 0 0 0 0 0 0 0 0 0 0 0 0 0 0 0 0 0 0 0 0 0 0 0 0 0 0 0 0 0 0 0 0 0 0 0 0 0 0 0 0 0 0 0 0 0 0 0 0 0 0 0 0 0 0 0 0 0 0 0 0 0 0 0 0 0 0 0 0 0 0 0 0 0 
0 0 0 0 4.413329636 0 0 0 0 0 0 0 0 0 0 0 0 0 0 0 0 0 0 0 0 0 0 0 0 0 0 0 0 0 0 0 0 0 0 0 0 0 0 0 0 0 0 0 0 0 0 0 0 0 0 0 0 0 0 0 0 0 0 0 0 0 0 0 0 0 0 0 0 0 0 0 0 0 0 0 0 0 0 0 0 0 0 0 0 0 
0 0 0 0 0 0 0 4.089887034 0 0 0 0 0 0 0 0 0 0 0 0 0 0 0 0 0 0 0 0 0 0 0 0 0 0 0 0 0 0 0 0 0 0 0 0 0 0 0 0 0 0 0 0 0 0 0 0 0 0 0 0 0 0 0 0 0 0 0 0 0 0 0 0 0 0 0 0 0 0 0 0 0 0 0 0 0 0 0 0 0 0 
0 0 6.443351866 0 0 0 0 0 0 0 0 0 5.776270944 5.90378734 0 0 0 0 0 0 0 0 0 0 0 0 0 0 0 0 0 0 0 0 0 0 0 0 0 0 0 0 0 0 0 0 0 0 0 0 0 0 0 0 0 0 0 0 0 0 0 0 0 0 0 0 0 0 0 0 0 0 0 0 0 0 0 0 0 0 0 0 0 0 0 0 0 0 0 0 
0 0 0 0 0 0 0 0 0 0 0 0 0 0 0 0 0 4.979480937 0 0 0 0 0 0 0 0 0 0 0 0 0 4.27039781 0 0 0 0 0 0 0 0 0 0 0 0 0 0 0 0 0 0 0 0 0 0 0 0 0 0 0 0 0 0 0 0 0 0 0 0 0 0 0 0 0 0 0 0 0 0 0 0 0 0 0 0 0 0 0 0 0 0 
0 0 0 7.455479386 5.716055119 0 5.18720766 1.608985829 0 0 0 5.600887125 0 0 0 0 0 5.893727803 0 0 0 0 0 0 0 0 0 0 0 0 0 0 0 0 0 0 0 0 0 0 0 0 0 0 0 0 0 0 0 0 0 0 0 0 0 0 0 0 0 0 0 0 0 0 0 0 0 0 0 0 0 0 0 0 0 0 0 0 0 0 0 0 0 0 0 0 0 0 0 0 
5.936467571 0 5.148901885 0 0 0 3.772534268 6.594609827 0 0 0 0 3.23087697 4.345850117 0 0 4.642534129 0 0 0 0 0 0 0 0 0 0 0 0 5.422028778 0 0 0 0 0 0 0 6.299562887 0 0 0 0 0 0 0 0 0 0 0 0 0 0 0 0 0 0 0 0 0 0 0 0 0 0 0 0 0 0 0 0 0 0 0 0 0 0 0 0 0 0 0 0 0 0 0 0 0 0 0 0 
5.720516691 0 5.74651461 5.834439444 0 5.833121285 6.233661302 0 0 0 0 4.070803799 0 0 6.886585748 3.813441075 0 0 0 0 0 0 0 0 0 0 0 6.952889685 0 0 0 0 0 0 0 0 0 0 0 0 0 0 0 0 0 0 0 0 0 0 0 0 0 0 0 0 0 0 0 0 0 0 0 0 0 0 0 0 0 0 0 0 0 0 0 0 0 0 0 0 0 0 0 0 0 0 0 0 0 0 
8.4919182 0 0 0 6.381077503 0 5.218665089 6.445642142 0 0 8.910601549 3.415445947 0 0 3.770332549 5.260402639 6.634392263 0 0 0 6.824126304 0 0 0 0 0 0 5.830838415 0 0 0 0 0 0 0 0 0 6.651642013 0 0 0 3.017680528 0 0 0 0 0 0 0 0 0 0 0 0 0 0 0 0 0 0 0 0 0 0 0 0 0 0 0 0 0 0 0 0 0 0 0 0 0 0 0 0 0 0 0 0 0 0 0 0 
4.84398579 6.146970334 0 0 5.188677668 0 5.96112602 3.167099345 0 0 0 4.585000434 5.688372116 7.914075973 0 0 7.110653091 0 0 5.856650214 0 0 5.987018689 0 0 0 0 0 0 5.495832849 0 0 0 0 0 6.643846927 0 0 0 0 0 0 0 0 0 0 0 0 0 0 0 0 0 0 0 0 0 0 0 0 0 0 0 0 0 0 0 0 0 0 0 0 0 0 0 0 0 0 0 0 0 0 0 0 0 0 0 0 0 0 
7.166894141 5.999053656 0 6.804042124 9.284219508 0 2.471189407 0 0 0 0 1.801066152 0 5.541129751 9.895421415 6.780910809 0 7.689943674 9.283560114 7.637590191 6.441738889 6.53290201 0 0 0 0 0 0 6.694001629 0 0 0 0 0 0 0 0 0 0 0 0 0 0 0 0 0 0 0 0 0 0 5.065101713 0 0 0 0 0 0 0 0 0 0 0 0 0 0 0 0 0 0 0 0 0 0 0 0 0 0 0 0 0 0 0 0 0 0 0 0 0 0 
5.568340082 10.13941446 0 9.489301289 3.77672232 5.843589116 7.77671521 0 7.730594782 8.815289253 9.582479831 5.259118742 0 0 0 6.775616459 6.055985784 0 0 5.941902259 6.40945541 5.635425689 0 4.249786146 4.856469313 0 0 0 0 9.967434437 0 0 7.522859987 0 0 0 0 4.447205874 0 0 5.143080154 0 7.406083669 0 6.820117977 0 0 0 0 0 0 6.663087084 0 0 0 0 0 0 0 0 0 0 0 0 0 0 0 0 0 0 2.08869025 0 0 0 0 0 0 0 0 0 0 0 0 0 0 0 0 0 0 0 
3.411362045 11.66556521 1.789817891 9.030097705 8.830971218 8.838080203 7.76701467 0 8.523420019 8.339392912 3.553009892 6.58785027 11.71836015 0 6.18301901 7.53031105 10.73057912 0 0 3.68582406 0 7.110315524 6.268554233 0 7.202752222 0.4319368537 4.425992171 1.98143678 2.863349716 0 0 0 7.180271591 0 0 6.659356618 0 6.61489281 0 0 0 6.578961949 5.17856618 9.529478057 6.809905732 0 4.437691094 0 0 7.356033095 0 0 0 3.55204359 0 0 0 0 0 7.260472562 0 0 0 0 0 0 0 0 6.105869553 0 0 0 0 0 0 0 0 0 0 0 0 0 0 0 0 0 0 0 0 0 
0 10.83784611 3.31729703 7.03534414 11.41687304 9.304043228 0 0 13.42089831 6.15435301 0 7.086815271 0 0 6.818282747 6.262357677 0 12.26105822 0 0 6.253607894 6.322628886 9.214103549 0 0 8.627515164 9.90502532 0 7.091096925 0 0 0 0 4.315487068 1.364037836 0 0 0 4.899513578 0 0 5.794310204 0 6.684828796 0 0 0 3.70619702 0 0 0 6.345606715 0 0 0 0 0 8.673977858 0 0 0 0 0 0 0 0 0 0 0 0 0 0 0 0 0 0 0 0 0 0 0 0 0 0 0 0 0 0 0 0 
10.66737044 0 8.449713231 12.25033375 8.969148068 12.1485043 5.105352881 6.321519291 11.95075279 0 7.656106598 10.45123387 10.18778937 6.112917912 9.193459949 9.575803885 8.597423675 12.90487073 0 10.82290274 7.149483423 6.204570037 6.089679707 4.40420775 0 6.843920239 7.08570227 8.489545392 6.808231798 5.202447151 1.747719217 0 11.0288576 4.255652618 6.110109215 8.601787398 0 8.199365971 0 8.512309251 0 9.335087541 4.580936848 0 8.294701592 0 0 8.011459029 0 0 0 0 0 0 0 0 0 0 0 0 0 5.465017242 0 0 0 9.329517944 0 0 8.404275957 0 0 0 0 0 0 0 0 0 0 0 0 7.516387721 0 0 6.712482037 0 0 0 0 0 
9.134898535 8.094091228 0 2.892920015 14.54709118 9.368239906 3.212753442 3.446900274 10.96448377 11.63501696 10.84761662 0 11.21009833 1.803046741 9.285077887 6.939778582 12.14936508 12.5197097 6.180783358 0 8.341036273 5.595091316 12.97721807 0 12.17721312 6.418359261 0 9.233436752 10.51574347 9.121899527 6.351882059 14.44622871 0 0 0 0 0 2.010055981 0 10.96473008 7.317515057 7.144859812 6.340657055 0 0 4.371395971 7.109304871 0 0 0 9.142378249 7.267165043 11.64136637 0 0 0 0 0 0 0 0 1.678560353 0 0 0 0 0 0 0 9.534244549 0 0 0 0 0 0 0 0 0 0 0 0 0 0 0 0 0 0 0 0 
7.716899791 10.94112602 14.82962581 9.911540492 13.42600971 15.00504353 14.99270409 5.398015695 9.854507439 9.768402705 6.451760075 9.523837658 9.203271275 7.434495202 10.68222198 7.457950214 0 10.73161189 5.134137928 13.12677018 9.963840844 6.039990194 5.799737275 6.571657631 8.441907239 0 14.7334098 7.519329605 11.12090465 12.38706936 5.365025228 0 0 15.41599003 14.55754355 10.88377563 0 10.04891298 5.488384276 5.268405306 12.69151589 0 8.803617394 5.003851239 0 9.276789835 9.967747673 0 6.017381222 0 0 7.597517797 1.790403698 0 0 0.9367423981 0 6.462980755 0 0 0 0 0 0 0 8.46996098 0 0 0 0 0 0 0 0 0 0 0 0 0 0 0 0 0 0 0 0 0 0 0 0 
9.245124379 10.862399 13.57177154 6.638853786 18.18431536 16.03286504 15.64144801 3.784353724 6.863548381 11.11679906 12.97354148 17.65493206 14.63564611 7.403708082 8.947896209 10.55984423 10.27886927 10.50490826 8.36768337 8.340289055 15.34541213 3.294896205 13.16367386 4.732649905 6.673357297 13.9757625 5.221473738 11.94196885 12.15748876 11.26747972 12.32087803 4.303909009 10.64436123 6.305285442 7.728007754 12.501113 6.581860209 0 12.35097276 10.74304598 0 7.40169354 0 0 6.806454446 7.425513721 11.31583909 5.26670848 0 8.22815879 7.706022221 3.165330702 0 12.63162131 0 0 0 4.773858631 0 0 0 0 0 0 0 5.715568067 0 0 8.155480728 0 0 0 0 0 5.467769312 0 4.116949353 0 0 0 0 0 0 0 0 0 7.051102756 0 0 0 
12.84891908 11.980145 2.022580868 14.69565201 13.23925158 17.39734819 20.97357963 0 8.867845933 17.19053721 16.54499872 9.035810855 8.710990763 12.43595827 12.0252026 14.92509647 18.57205905 18.11757316 11.45003747 7.620930565 8.82806687 12.91291389 6.077612178 5.217247766 17.99913944 16.88997986 10.50924766 12.99680643 10.22155919 9.475068559 9.412398165 8.948162068 4.008222968 10.97180893 14.34310497 9.45483738 13.92046355 9.696636496 13.77597636 11.38630896 7.335945008 4.550665905 11.47301422 7.424700136 0 9.435590835 12.80074446 10.06957136 5.506922825 11.10252724 1.0079295 0 11.85511227 0 3.106808111 0 8.811859438 0 10.3057249 7.822978215 4.29551727 1.166784301 0 8.245902141 0 0 0 0 9.747264263 5.933757352 0 9.134959076 0 0 8.026070028 10.75973931 0 0 0 0 7.745025498 0 0 0 0 0 0 0 0 0 
13.51905159 6.794396659 18.52440546 13.60535 22.91550571 15.2374167 22.23160281 0 9.342962484 12.56072496 9.137946919 13.78798134 12.08704682 11.25898327 16.57513893 18.85736651 9.904305516 9.960394034 12.33350984 15.49163943 12.19624054 18.3021271 10.68129355 8.535762384 14.48704854 9.380537227 9.812306775 14.74011336 9.14305018 7.076792146 14.91216153 17.27197695 14.18426529 5.751957119 9.555487506 10.87127622 14.79064078 14.00905167 10.83258704 8.615814613 10.86171608 13.42725149 0 9.519908891 8.868727186 8.940786224 9.758363885 7.695692843 14.20011312 5.325064061 12.41768235 0 14.55642429 0 9.270297548 3.418585276 0 9.567320495 1.566590474 0 8.943524508 7.249186895 0 0 13.9247924 6.619129674 0 0 9.35011204 0 0 0 0 6.454122959 0 0 0 6.556957489 0 6.473649272 0 0 0 0 0 0 0 0 0 0 
16.1561904 16.35419751 17.15284324 17.39616865 17.38263142 12.78781134 12.27423441 13.49775277 6.627937491 13.54124268 17.00752482 11.54278477 17.44553845 16.70873234 16.14551096 14.22803701 18.36882874 6.304004305 14.22262267 15.21301401 13.32478154 10.72722539 11.65631182 8.427533104 14.00760651 12.44612235 18.36141478 13.70077337 12.20201445 17.36764927 13.37201195 8.411033526 0 14.60626478 13.26280822 11.84512364 12.41387234 14.44618399 13.74880623 11.56187696 6.678677846 5.378123979 15.06055445 9.050263069 5.804542597 12.7339586 5.01069963 10.85687673 3.837995532 8.920955528 5.396655062 13.22515932 11.59064719 11.63810002 12.66075306 10.74645976 12.69365778 11.95520334 7.249001642 0 14.27709412 0 11.61765677 11.16421883 0 0 0 0 0 0 0 0 0 7.885788979 0 4.568557664 7.786725526 0 8.204896831 0 0 0 0 0 0 11.11248292 0 0 0 0 
14.71711918 21.50372636 20.58710351 21.62978093 14.74669746 12.90310377 18.22933879 17.36122651 16.96678248 21.65382172 22.93607749 20.15381795 10.68777602 10.98191892 4.379840934 22.22189618 14.26289673 11.00831584 11.91599857 14.6626124 12.93896046 9.797600443 14.56896794 14.12836451 12.96676967 16.82896132 18.55993391 19.40370408 17.44286762 12.03178758 17.09690934 29.54763375 13.43896214 17.00131464 14.61846266 8.927927204 14.43418012 16.26491934 17.85165106 13.72585768 17.72444858 14.04764011 13.43166636 0 13.23225948 14.4393448 11.04971706 10.66700581 11.51094159 13.60094378 4.278819668 15.26987677 14.28220873 5.127823159 6.897952307 12.69786472 8.297956769 8.253392996 11.22264338 8.523426143 14.5992254 14.74936135 0 0 11.66941954 0 14.42581165 5.741967985 0 0 0 6.514443975 0 0 8.786130115 0 0 6.650486104 7.491279905 0 5.958404991 0 0 12.81934257 0 0 0 0 0 0 
15.39388587 20.62778914 18.76257643 16.4925362 17.71815413 29.37383987 13.73944239 17.27495098 13.29053635 18.97020231 13.6316986 18.28683406 18.38869107 21.29324838 12.3831668 24.58294698 22.7017469 10.33062724 14.15875009 10.97835142 20.73384522 16.10137561 21.45625669 21.70998671 15.21676562 17.06632679 14.3909446 8.903153704 18.44047455 15.54043872 14.0293813 10.48529086 12.992685 18.0476313 18.87244797 9.52157535 19.98101164 17.8792065 14.77512597 15.3379906 13.46806515 13.04414551 14.66504937 6.904033439 7.941712756 14.88434332 0 11.16948915 13.27702215 13.30139375 19.50746356 16.23069906 12.31889936 7.503155152 17.75180667 8.522907841 8.123640133 8.712262915 6.069126094 8.348676646 11.24282127 14.16013257 8.321959702 9.209617312 6.31478116 0 9.187014098 14.2735338 10.69332635 7.774076627 14.59665832 0 9.023625752 0 13.37095784 0 0 0 0 8.234178899 10.75662585 0 9.564003476 11.33830302 0 11.05744153 0 9.901018859 0 0 
18.629445 25.43839603 27.04698271 21.88509142 19.68684221 32.13345057 23.01080384 22.88971138 20.16336333 20.94449259 20.10085499 8.52339055 18.85036249 23.71072181 20.28386422 14.83573965 11.29032856 20.64007065 20.8048783 14.49387157 18.762911 17.3703463 18.50074629 25.78754397 18.18409187 18.94908181 17.05709493 20.24189712 15.34406355 16.18506904 16.60182222 18.85148043 19.24394638 23.44549638 11.10426124 16.35197679 7.602326241 12.01019101 9.676586822 16.13798099 17.72661049 16.88571015 14.15138099 9.156045443 14.68318104 13.6719595 19.07965414 13.22830782 13.80489017 18.11620191 16.31959781 6.806020569 11.17290856 12.30053112 15.00316517 9.741608468 16.36295427 18.48524327 12.87911256 11.13896293 12.58746427 8.086994133 2.665243984 0 0 8.276798868 4.019038991 9.735227005 14.61611225 2.427159249 6.520070977 0 0 5.796691823 10.38354307 5.323243933 5.408215221 10.03702012 6.810575248 6.959690469 0 10.78050598 9.553724916 13.69647414 0 0 0 10.35061905 0 0 
32.26356755 25.5376193 21.96842186 19.78726278 23.31891661 18.26928003 23.1136952 15.86511158 17.60362553 29.49166208 27.52067937 20.60344683 29.37854243 27.19282009 26.02063487 26.61583251 19.20830888 24.32376727 27.58264313 11.512102 14.70565403 15.58443472 17.85214767 20.41655797 15.04184156 13.89334329 30.81161116 20.91832762 19.2229264 18.62639222 9.586275736 18.73128409 20.80018869 20.67458867 14.82720027 20.54310832 17.45415882 13.31690968 18.13807636 12.42936299 11.44626981 11.30454062 20.12584065 16.0506123 13.76199136 13.02464771 9.494090564 13.52912722 16.8399468 13.14069433 22.28450724 10.61227634 18.15822596 8.077400627 14.23417661 8.20289041 13.59622702 19.26857045 12.43618785 3.83358579 15.21359974 13.76235146 0 12.08963319 12.88034024 14.19687579 15.4139055 11.97476331 11.96604156 0 10.76999105 9.942952696 9.863956315 2.781743836 1.881173074 0 8.192564173 0 10.73108227 8.348961169 8.957470114 10.89715614 0 8.264037908 11.01601201 0 10.58559052 8.037926452 0 0 
27.3759149 12.96297775 19.98732308 19.91987012 26.58444075 22.89668473 22.81891966 23.63111793 25.99343119 20.42102761 20.63589026 10.2025519 29.67230745 17.90838356 17.43387921 16.55315777 28.37330003 19.82830345 16.43834411 34.15322527 21.83446411 18.61933628 21.7065131 15.25219099 17.16404084 23.98591386 19.08999961 25.60062944 29.03793872 7.81315532 14.41072779 28.39587637 22.82399141 20.48235208 16.48968967 19.52492734 16.42546988 23.46568993 16.34455993 24.23031857 9.442245953 17.71120062 21.17409755 1.381407127 19.0941446 23.31480584 19.51572729 20.68795655 13.18217167 20.25047217 13.09626391 23.10665438 11.25426114 11.34743742 18.37683796 12.73727635 16.89216421 14.05114831 14.84430545 14.87374401 21.22640632 13.2452361 11.80786239 14.06127652 11.29878865 8.08353589 10.39672636 0 0 8.206345533 11.9568175 3.94875314 8.103192593 8.193391103 15.09299521 7.819020046 14.91063454 17.69406682 13.03602796 8.995707976 10.65558384 14.98872888 8.343359352 4.277617479 10.6748096 12.6721777 5.601486334 0 4.103530481 11.05705436 
24.45112637 14.40445942 29.5897545 10.83077785 28.37378104 19.74561476 33.67318916 30.10705509 18.46651214 29.7644691 25.29805967 28.95557085 30.05637104 34.8367099 18.46417486 28.83727283 20.56009649 13.58003294 25.37379181 19.55767214 23.73569678 22.30819054 37.84949127 24.93276907 25.15931878 21.03850739 19.91975196 19.52336194 20.79891484 27.9820748 25.86604302 24.52703835 19.28734978 15.4886268 19.09227395 26.87894037 21.53992028 23.60486787 18.7908071 12.78304195 23.21287895 16.10308637 23.72001075 21.60485014 28.91283021 14.67555675 23.80116204 12.86138371 22.18966951 16.89423516 28.51933981 15.76698092 19.12411479 22.91420658 16.37359135 11.99173868 19.53638984 22.22580658 15.05987129 15.77783662 13.83056526 17.47809487 17.86338916 16.8420076 11.37553915 16.79719209 8.777488656 22.99877249 7.130105339 19.84851507 12.44302127 17.71578651 12.20186354 0 13.69782884 13.38220831 16.69228879 5.145640274 0 4.103163021 0 8.427751941 8.659952289 11.38032449 9.344997019 15.22062155 9.809001405 3.657629984 2.9788689 3.191014788 
27.30631886 28.96793615 27.19265972 28.42885282 31.47078083 2.952773239 20.37210986 30.22432701 20.73728804 27.560644 31.92589515 27.57516524 28.75759689 29.50782237 22.66148451 28.59598179 23.31716791 12.41388684 21.89779785 18.06281334 25.4589485 28.91152515 22.42208733 19.97112992 15.35075606 23.20035344 20.03979193 21.84151943 32.90350781 18.28455681 19.30722954 19.66898405 20.01407994 19.28140609 25.77306784 31.19231256 19.39713315 31.81407181 25.257289 19.20736581 37.60784287 20.77889297 27.58194814 29.97704994 16.45004664 21.69615808 19.85972339 22.58062536 20.99666174 21.62213879 21.71365775 23.46293694 24.98248191 16.25810602 19.45005277 14.56849873 16.15131789 14.88113412 10.505642 17.072345 10.70695875 17.09487305 18.80015478 11.37893024 16.31052273 12.68940438 10.99531155 10.87355427 13.40988368 8.853219433 16.31305325 9.778495614 22.61753387 13.38097518 7.810884986 0 14.89975151 13.57210448 13.0199938 10.74625211 15.83959076 13.70628309 3.954025821 5.250136545 0 18.56029845 16.16364614 5.651190527 10.66358042 10.29245123 
29.72764495 31.61297703 23.40104421 32.05122815 37.86755219 30.16391713 26.10604624 23.61527032 28.77565296 27.10518835 35.88537271 32.05089033 28.65685272 30.04826574 27.35200163 39.72606368 37.45283084 29.81245832 26.22363496 26.83511082 18.06150315 24.43498732 33.66664039 16.97494796 27.32372369 23.83830241 24.41872587 22.2069844 28.22495357 31.11947839 20.00790503 37.81422916 32.19876399 35.24282024 19.66279176 26.06395126 34.57121182 22.60359827 29.70912505 37.89162406 32.98150521 21.80553161 28.27119226 19.25710462 31.44305518 26.24868916 22.43702989 22.64872749 28.97645143 13.15469246 20.89289945 28.07101475 19.55213492 29.538542 9.911146895 18.05597908 18.42072819 20.31811153 25.44063082 24.9407878 0 14.93567527 24.39169307 19.84250724 16.04559539 20.24730648 19.94074053 20.35823382 21.35687018 14.74346207 20.30932168 17.94556444 5.582447045 3.714047695 11.34167075 13.88041156 23.69752154 15.76315232 16.76627682 14.17743058 13.24718006 13.68824225 9.132767828 17.08321654 7.655372871 9.323092309 0 12.49281365 10.30183794 13.711091 
21.60866327 40.22670463 38.25196421 27.5651652 36.09356795 33.71130248 39.21039865 38.19097665 35.5905727 40.09988628 44.24711736 40.32270552 37.5507665 32.7585065 35.49267115 29.92849039 24.45524389 27.19671959 19.51711764 34.98347622 26.64226136 33.8793217 35.10458353 32.79497769 31.01654002 37.16138027 33.51813477 33.09902393 31.85643734 30.95431889 25.41866286 22.47041025 25.76874063 18.2431896 21.13363965 31.24905512 27.16834116 25.60881413 29.2844037 32.35623277 23.34237611 26.41244093 32.56181722 21.12722253 31.73342047 26.07360736 21.01909996 23.37633461 17.81380286 18.57215755 23.96150966 26.74324766 29.50653394 25.16305545 28.33859014 21.90733026 27.11781163 17.55074851 17.92607046 24.78652861 19.17374587 26.70965763 27.90126801 11.58142998 18.13652731 17.45487359 21.89006728 21.00279788 12.35865637 16.60767405 21.60697044 20.70783856 17.41721162 29.48519517 19.00211101 18.07624114 22.08575978 16.47423794 9.833038205 19.27670862 12.34655702 16.12737263 18.22494572 10.7344945 13.32432329 16.28907296 15.6126776 10.61024729 11.36272508 9.734305924 
40.70180379 47.8872386 38.34104983 30.52344241 40.19330278 33.48048548 40.42313866 39.97468631 35.97862826 34.47174217 43.35940008 28.42551061 35.8930131 32.6255909 42.32035211 33.33930566 40.71384556 31.59000828 27.27109579 26.13931239 31.31564655 40.30831137 37.69809502 44.85649603 35.20196869 26.85706978 33.25373219 37.62925152 36.66595967 21.26580588 18.89945032 28.645634 26.42568089 39.27872509 31.38678727 27.81086908 22.42349425 24.99591075 31.90617663 34.90232603 32.56280819 38.51978276 30.0738349 38.34654217 32.485696 24.70421343 23.05394851 37.42246097 21.77420916 31.98622341 35.67451505 40.97930305 26.33424495 25.46044386 32.24414235 34.51299358 23.20935035 15.21951023 15.81772177 22.94444348 22.74351125 27.55031036 30.6880944 23.10001441 28.67231289 27.88796129 27.99942988 20.75848623 29.26278363 21.81312637 19.22567527 25.83216969 26.0812777 26.89827968 20.61462656 8.326979181 20.95173556 13.54028637 17.11844693 14.00694858 18.15275329 10.99504214 14.67937165 18.24451706 16.65880024 11.14878149 14.02481163 13.79132484 10.33514418 11.47918635 
36.35382644 45.49215651 42.36839038 38.01066882 45.27984844 39.08658402 30.03012239 42.76061877 35.82892712 46.3724652 37.76629316 38.24678557 41.47336427 42.25645334 42.5367104 36.57738321 40.7191216 39.14753907 28.15651492 42.59432214 41.30074962 40.38033841 39.79316503 38.55260843 35.3328818 48.45544199 44.7007091 32.40131336 39.79698553 38.02158646 34.04881536 32.46364786 33.81952619 29.31776157 32.26687388 32.08380881 30.9756671 35.32498101 31.39913251 36.61932537 19.06080688 27.61984572 37.95232512 17.81857537 33.66261902 23.94478258 32.75031327 19.37865266 27.21860734 40.83830768 27.17522931 18.60080893 27.813704 29.69334866 28.80258186 29.75497216 35.39248633 33.5303721 19.76460047 26.83904874 24.36181045 23.23408309 23.21649563 36.99585454 22.42980188 28.77718788 23.35657986 31.49709245 26.29070776 21.91699685 23.19255799 19.01913492 30.76495307 28.05615157 11.784377 28.58535853 28.81712055 21.95749228 20.57601869 17.13207325 21.23933622 26.31657885 14.63219643 12.0324055 23.27231867 0 12.84406872 22.902006 23.9960678 0 
44.58413136 40.80007239 37.81222669 40.47240691 27.63885285 45.73793077 38.20112503 49.42943756 40.33814218 31.69142963 43.8794915 39.85732984 49.18716981 44.88968172 45.55554978 48.20264022 47.8766771 30.71912084 41.22607582 40.7697846 30.74147213 41.09428425 39.67204374 40.70545597 31.51433254 37.61340467 51.45572776 37.68877447 36.50371854 37.22633419 41.64581717 31.80049 42.74516164 39.01135788 48.43403317 39.36912604 48.23740301 25.38474876 35.7337843 30.38113604 32.93039403 38.82217516 42.89471897 34.63392334 29.70312163 28.69817535 25.17954365 35.06690863 30.68600969 26.94340949 32.09723115 33.59405453 32.84755648 29.84588951 24.34872593 22.25760822 29.81367071 24.4855124 32.68991686 21.62302189 35.29313998 38.75413672 32.10370589 32.31240067 25.7885812 27.1095546 31.76774714 27.30971391 26.24882284 26.61488524 19.44034948 29.34344104 17.82326237 25.27768263 21.04981752 28.92807401 19.93729853 14.69069533 12.19036617 25.21345852 11.26424267 28.31591602 28.09635636 14.86855302 24.13381241 11.48324983 12.7894933 23.39307667 21.15390215 21.79992997 
41.16497227 37.76348218 48.03299423 48.81213471 40.6427228 39.84009313 46.05558663 41.44519411 53.80178517 45.60024352 45.71241838 39.15823279 46.86362574 44.91800648 51.01737528 44.84737442 40.86848079 36.55145658 41.52260601 53.37496871 36.60622429 43.45597875 32.25485547 34.72931 46.62175469 36.54909488 36.77347682 36.33177867 26.47733551 53.39735389 33.28931892 27.16376512 33.08184564 31.30278474 42.17381854 39.31481586 41.74549915 33.67204515 32.9765633 29.30025361 27.06295383 40.11919185 48.12496355 38.37027877 40.64777204 39.04494617 50.84463223 37.76411814 38.07482009 28.25671702 34.61453302 33.45559942 29.94184732 34.07153164 40.82125226 31.19628583 32.48811162 28.64448829 30.34514175 24.16309089 39.74020021 42.30339368 23.55803028 28.32872643 37.75840757 23.05094847 21.24921388 26.59326799 19.92437576 30.1204329 23.72097759 33.2112923 22.33192341 23.64959954 24.54457268 28.99012374 24.18515547 35.8341738 33.62481933 24.16600217 25.68393827 20.57898674 33.73734241 15.98102395 16.26294702 25.23305127 24.27619452 22.63417243 13.75204427 23.90389207 
52.66300423 39.51522825 43.60356369 49.90197661 44.74174989 45.12544252 35.71019185 43.51783366 42.6668939 48.68935038 34.81308684 48.8434302 41.25041072 48.79283258 38.08267873 43.98729044 51.3672298 44.70431014 45.93046497 63.45081436 39.82360711 42.06574336 47.95169935 46.17362698 33.5781796 40.28249197 40.62297298 46.23975779 52.77901841 44.91922168 44.65686141 38.38371445 36.88592736 48.42214817 55.66590989 46.51744089 26.13351416 33.78308014 42.99057656 37.78398575 41.60228147 31.17181468 40.84206182 39.3336165 41.4568074 38.44997247 37.01382235 44.76089196 30.83823171 37.46141804 42.66163317 38.2258522 34.72533849 42.34306429 36.78752612 42.52256373 36.93714067 25.94647966 37.50988517 30.19031885 34.46719752 39.59225788 28.85290778 37.07168997 39.00377259 30.82574699 36.92452617 27.52745089 27.12092679 35.65696175 21.00283726 34.32509426 21.36774778 29.93874145 19.40412032 31.02316222 20.37846945 28.21175561 30.04368265 20.70985709 38.56485113 25.65760279 22.39159636 27.20066016 36.97735558 24.72429738 15.18912562 17.04885275 16.65772001 30.46828975 
55.28501478 39.06309645 35.96340869 57.27538852 57.88927914 49.27249393 56.82994009 30.43395107 44.60398903 46.50411024 52.30684797 44.28014374 59.91414088 51.52404465 30.89672785 50.24076437 39.6682523 45.99627938 56.53951242 41.09902449 48.92046344 48.9834842 47.60939483 51.58342349 43.05099753 32.2659681 48.04125735 49.91464496 52.03211096 46.62192203 46.70506036 45.06910906 40.38832982 45.85168837 48.46379215 33.26777544 43.25849086 32.68797012 40.68388753 43.79668121 34.87308593 45.0332953 46.92540358 32.1342932 38.13636545 40.30280755 32.32104178 40.60025687 32.73746989 50.7534458 53.70883487 47.80806031 42.09895032 46.52240312 49.91036006 39.77682365 46.30930495 41.00133193 39.06793645 35.83439017 34.81957299 33.42049558 39.43854536 45.20121946 34.09313707 41.12844109 33.96230842 38.70942857 37.22051711 28.41076175 29.10146421 31.16696031 40.95325354 33.26640318 20.19224932 28.96071149 31.7161832 30.10814066 37.57527197 38.30369637 21.68144244 34.1815313 20.60132392 23.3635232 25.82749541 33.97086652 26.19317982 15.54518463 34.13108471 17.67413812 
47.12098137 43.54405819 36.50303359 42.34192109 44.33915922 54.15427266 38.38484921 29.91774705 46.43367642 50.99992987 52.7312135 58.0021234 49.99683138 53.30939435 48.96124494 48.834668 55.59809783 51.88424141 46.93358033 49.49564866 41.40681513 42.91876396 47.6898883 56.46965798 41.15911498 44.85718009 54.46748447 58.14246222 41.54082208 42.38837994 40.01273018 42.94907597 42.62013679 57.47396417 47.88534546 48.13458039 53.2250939 37.82054142 36.70818201 44.21943681 31.24684087 48.71663013 35.93434992 43.14065096 48.68073897 33.41297021 37.04524214 55.25604104 40.67258805 38.37421333 36.589193 50.5476867 47.30638374 36.65985036 33.3357728 56.45494509 34.67357485 33.87254648 39.35749661 47.1965029 45.68202425 40.72557676 39.39369455 39.07528844 40.59418402 29.12315924 34.49438681 36.70767871 25.99041964 31.78860794 37.81625887 37.8331087 36.27523503 47.27362784 39.34440396 43.04336327 44.06573382 34.11569054 31.55796495 24.11187755 32.83288083 31.67274184 25.12547343 27.65851268 30.64331183 32.8352417 21.86108225 14.82752676 32.10794508 29.73384874 
# Events [psd_monitor2/analyser2_psd.dat] N:
0 0 0 0 0 0 0 0 0 0 0 0 0 0 0 0 0 0 0 0 0 0 0 0 0 0 0 0 0 0 0 0 0 0 0 0 0 0 0 0 0 0 0 0 0 0 0 0 0 0 0 0 0 0 0 0 0 0 0 0 0 0 0 0 0 0 0 0 0 0 0 1 0 0 0 0 0 0 0 0 0 0 0 0 0 0 0 0 0 0 
0 0 0 0 0 0 0 0 0 0 0 0 0 0 0 0 0 0 0 0 0 0 0 0 0 0 0 0 0 0 0 0 0 0 0 0 0 0 0 0 0 0 0 0 0 0 0 0 0 0 0 0 0 0 0 0 0 0 0 0 0 0 0 0 0 0 0 0 0 0 0 0 0 0 0 0 0 0 0 0 0 0 0 0 0 0 0 0 0 0 
0 0 0 0 0 0 0 0 0 0 0 0 0 0 0 0 0 0 0 0 0 0 0 0 0 0 0 0 0 0 0 0 0 0 0 0 0 0 0 0 0 0 0 0 0 0 0 0 0 0 0 0 0 0 0 0 0 0 0 0 0 0 0 0 0 0 0 0 0 0 0 0 0 0 0 0 0 0 0 0 0 0 0 0 0 0 0 0 0 0 
0 0 0 0 0 0 0 0 0 0 0 0 0 0 0 0 0 0 0 0 0 0 0 0 0 0 0 0 0 0 0 0 0 0 0 0 0 0 0 0 0 0 0 0 0 0 0 0 0 0 0 0 0 0 0 0 0 0 0 0 0 0 0 0 0 0 0 0 0 0 0 0 0 0 0 0 0 0 0 0 0 0 0 0 0 0 0 0 0 0 
0 0 0 0 0 0 0 0 0 0 0 0 0 0 0 0 0 0 0 0 0 0 0 0 0 0 0 0 0 0 0 0 0 0 0 0 0 0 0 0 0 0 0 0 0 0 0 0 0 0 0 0 0 0 0 0 0 0 0 0 0 0 0 0 0 0 0 0 0 0 0 0 0 0 0 0 0 0 0 0 0 0 0 0 0 0 0 0 0 0 
0 0 0 0 0 0 0 0 0 0 0 0 0 0 0 0 0 0 0 0 0 0 0 0 0 0 0 0 0 0 0 0 0 0 0 0 0 0 0 0 0 0 0 0 0 0 0 0 0 0 0 0 0 0 0 0 0 0 0 0 0 0 0 0 0 0 0 0 0 0 0 0 0 0 0 0 0 0 0 0 0 0 0 0 0 0 0 0 0 0 
0 0 0 0 0 0 0 0 0 0 0 0 0 0 0 0 0 0 0 0 0 0 0 0 0 0 0 0 0 0 0 0 0 0 0 0 0 0 0 0 0 0 0 0 0 0 0 0 0 0 0 0 0 0 0 0 0 0 0 0 0 0 0 0 0 0 0 0 0 0 0 0 0 0 0 0 0 0 0 0 0 0 0 0 0 0 0 0 0 0 
0 0 0 0 0 0 0 0 0 0 0 0 0 0 0 0 0 0 0 0 0 0 0 0 0 0 0 0 0 0 0 0 0 0 0 0 0 0 0 0 0 0 0 0 0 0 0 0 0 0 0 0 0 0 0 0 0 0 0 0 0 0 0 0 0 0 0 0 0 0 0 0 0 0 0 0 0 0 0 0 0 0 0 0 0 0 0 0 0 0 
0 0 0 0 0 0 0 0 0 0 0 0 0 0 0 0 0 0 0 0 0 0 0 0 0 0 0 0 0 0 0 0 0 0 0 0 0 0 0 0 0 0 0 0 0 0 0 0 0 0 0 0 0 0 0 0 0 0 0 0 0 0 0 0 0 0 0 0 0 0 0 0 0 0 0 0 0 0 0 0 0 0 0 0 0 0 0 0 0 0 
0 0 0 0 0 0 0 0 0 0 0 0 0 0 0 0 0 0 0 0 0 0 0 0 0 0 0 0 0 0 0 0 0 0 0 0 0 0 0 0 0 0 0 0 0 0 0 0 0 0 0 0 0 0 0 0 0 0 0 0 0 0 0 0 0 0 0 0 0 0 0 0 0 0 0 0 0 0 0 0 0 0 0 0 0 0 0 0 0 0 
0 0 0 0 0 0 0 0 0 0 0 0 0 0 0 0 0 0 0 0 0 0 0 0 0 0 0 0 0 0 0 0 0 0 0 0 0 0 0 0 0 0 0 0 0 0 0 0 0 0 0 0 0 0 0 0 0 0 0 0 0 0 0 0 0 0 0 0 0 0 0 0 0 0 0 0 0 0 0 0 0 0 0 0 0 0 0 0 0 0 
0 0 0 0 0 0 0 0 0 0 0 0 0 0 0 0 0 0 0 0 0 0 0 0 0 0 0 0 0 0 0 0 0 0 0 0 0 0 0 0 0 0 0 0 0 0 0 0 0 0 0 0 0 0 0 0 0 0 0 0 0 0 0 0 0 0 0 0 0 0 0 0 0 0 0 0 0 0 0 0 0 0 0 0 0 0 0 0 0 0 
0 0 0 0 0 0 0 0 0 0 0 0 0 0 0 0 0 0 0 0 0 0 0 0 0 0 0 0 0 0 0 0 0 0 0 0 0 0 0 0 0 0 0 0 0 0 0 0 0 0 0 0 0 0 0 0 0 0 0 0 0 0 0 0 0 0 0 0 0 0 0 0 0 0 0 0 0 0 0 0 0 0 0 0 0 0 0 0 0 0 
0 0 0 0 0 0 0 0 0 0 0 0 0 0 0 0 0 0 0 0 0 0 0 0 0 0 0 0 0 0 0 0 0 0 0 0 0 0 0 0 0 0 0 0 0 0 0 0 0 0 0 0 0 0 0 0 0 0 0 0 0 0 0 0 0 0 0 0 0 0 0 0 0 0 0 0 0 0 0 0 0 0 0 0 0 0 0 0 0 0 
0 0 0 0 0 0 0 0 0 0 0 0 0 0 0 0 0 0 0 0 0 0 0 0 0 0 0 0 0 0 0 0 0 0 0 0 0 0 0 0 0 0 0 0 0 0 0 0 0 0 0 0 0 0 0 0 0 0 0 0 0 0 0 0 0 0 0 0 0 0 0 0 0 0 0 0 0 0 0 0 0 0 0 0 0 0 0 0 0 0 
0 0 0 0 0 0 0 0 0 0 0 0 0 0 0 0 0 0 0 0 0 0 0 0 0 0 0 0 0 0 0 0 0 0 0 0 0 0 0 0 0 0 0 0 0 0 0 0 0 0 0 0 0 0 0 0 0 0 0 0 0 0 0 0 0 0 0 0 0 0 0 0 0 0 0 0 0 0 0 0 0 0 0 0 0 0 0 0 0 0 
0 0 0 0 0 0 0 0 0 0 0 0 0 0 0 0 0 0 0 0 0 0 0 0 0 0 0 0 0 0 0 0 0 0 0 0 0 0 0 0 0 0 0 0 0 0 0 0 0 0 0 0 0 0 0 0 0 0 0 0 0 0 0 0 0 0 0 0 0 0 0 0 0 0 0 0 0 0 0 0 0 0 0 0 0 0 0 0 0 0 
0 0 0 0 0 0 0 0 0 0 0 0 0 0 0 0 0 0 0 0 0 0 0 0 0 0 0 0 0 0 0 0 0 0 0 0 0 0 0 0 0 0 0 0 0 0 0 0 0 0 0 0 0 0 0 0 0 0 0 0 0 0 0 0 0 0 0 0 0 0 0 0 0 0 0 0 0 0 0 0 0 0 0 0 0 0 0 0 0 0 
0 0 0 0 0 0 0 0 0 0 0 0 0 0 0 0 0 0 0 0 0 0 0 0 0 0 0 0 0 0 0 0 0 0 0 0 0 0 0 0 0 0 0 0 0 0 0 0 0 0 0 0 0 0 0 0 0 0 0 0 0 0 0 0 0 0 0 0 0 0 0 0 0 0 0 0 0 0 0 0 0 0 0 0 0 0 0 0 0 0 
0 0 0 0 0 0 0 0 0 0 0 0 0 0 0 0 0 0 0 0 0 0 0 0 0 0 0 0 0 0 0 0 0 0 0 0 0 0 0 0 0 0 0 0 0 0 0 0 0 0 0 0 0 0 0 0 0 0 0 0 0 0 0 0 0 0 0 0 0 0 0 0 0 0 0 0 0 0 0 0 0 0 0 0 0 0 0 0 0 0 
0 0 0 0 0 0 0 0 0 0 0 0 0 0 0 0 0 0 0 0 0 0 0 0 0 0 0 0 0 0 0 0 0 0 0 0 0 0 0 0 0 0 0 0 0 0 0 0 0 0 0 0 0 0 0 0 0 0 0 0 0 0 0 0 0 0 0 0 0 0 0 0 0 0 0 0 0 0 0 0 0 0 0 0 0 0 0 0 0 0 
0 0 0 0 0 0 0 0 0 0 0 0 0 0 0 0 0 0 0 0 0 0 0 0 0 0 0 0 0 0 0 0 0 0 0 0 0 0 0 0 0 0 0 0 0 0 0 0 0 0 0 0 0 0 0 0 0 0 0 0 0 0 0 0 0 0 0 0 0 0 0 0 0 0 0 0 0 0 0 0 0 0 0 0 0 0 0 0 0 0 
0 0 0 0 0 0 0 0 0 0 0 0 0 0 0 0 0 0 0 0 0 0 0 0 0 0 0 0 0 0 0 0 0 0 0 0 0 0 0 0 0 0 0 0 0 0 0 0 0 0 0 0 0 0 0 0 0 0 0 0 0 0 0 0 0 0 0 0 0 0 0 0 0 0 0 0 0 0 0 0 0 0 0 0 0 0 0 0 0 0 
0 0 0 0 0 0 0 0 0 0 0 0 0 0 0 0 0 0 0 0 0 0 0 0 0 0 0 0 0 0 0 0 0 0 0 0 0 0 0 0 0 0 0 0 0 0 0 0 0 0 0 0 0 0 0 0 0 0 0 0 0 0 0 0 0 0 0 0 0 0 0 0 0 0 0 0 0 0 0 0 0 0 0 0 0 0 0 0 0 0 
0 0 0 0 0 0 0 0 0 0 0 0 0 0 0 0 0 0 0 0 0 0 0 0 0 0 0 0 0 0 0 0 0 0 0 0 0 0 0 0 0 0 0 0 0 0 0 0 0 0 0 0 0 0 0 0 0 0 0 0 0 0 0 0 0 0 0 0 0 0 0 0 0 0 0 0 0 0 0 0 0 0 0 0 0 0 0 0 0 0 
0 0 0 0 0 0 0 0 0 0 0 0 0 0 0 0 0 0 0 0 0 0 0 0 0 0 0 0 0 0 0 0 0 0 0 0 0 0 0 0 0 0 0 0 0 0 0 0 0 0 0 0 0 0 0 0 0 0 0 0 0 0 0 0 0 0 0 0 0 0 0 0 0 0 0 0 0 0 0 0 0 0 0 0 0 0 0 0 0 0 
0 0 0 0 0 0 0 0 0 0 0 0 0 0 0 0 0 0 0 0 0 0 0 0 0 0 0 0 0 0 0 0 0 0 0 0 0 0 0 0 0 0 0 0 0 0 0 0 0 0 0 0 0 0 0 0 0 0 0 0 0 0 0 0 0 0 0 0 0 0 0 0 0 0 0 0 0 0 0 0 0 0 0 0 0 0 0 0 0 0 
0 0 0 0 0 0 0 0 0 0 0 0 0 0 0 0 0 0 0 0 0 0 0 0 0 0 0 0 0 0 0 0 0 0 0 0 0 0 0 0 0 0 0 0 0 0 0 0 0 0 0 0 0 0 0 0 0 0 0 0 0 0 0 0 0 0 0 0 0 0 0 0 0 0 0 0 0 0 0 0 0 0 0 0 0 0 0 0 0 0 
0 0 0 0 0 0 0 0 0 0 0 0 0 0 0 0 0 0 0 0 0 0 0 0 0 0 0 0 0 0 0 0 0 0 0 0 0 0 0 0 0 0 0 0 0 0 0 0 0 0 0 0 0 0 0 0 0 0 0 0 0 0 0 0 0 0 0 0 0 0 0 0 0 0 0 0 0 0 0 0 0 0 0 0 0 0 0 0 0 0 
0 0 0 0 0 0 0 0 0 0 0 0 0 0 0 0 0 0 0 0 0 0 0 0 0 0 0 0 0 0 0 0 0 0 0 0 0 0 0 0 0 0 0 0 0 0 0 0 0 0 0 0 0 0 0 0 0 0 0 0 0 0 0 0 0 0 0 0 0 0 0 0 0 0 0 0 0 0 0 0 0 0 0 0 0 0 0 0 0 0 
0 0 0 0 0 0 0 0 0 0 0 0 0 0 0 0 0 0 0 0 0 0 0 0 0 0 0 0 0 0 0 0 0 0 0 0 0 0 0 0 0 0 0 0 0 0 0 0 0 0 0 0 0 0 0 0 0 0 0 0 0 0 0 0 0 0 0 0 0 0 0 0 0 0 0 0 0 0 0 0 0 0 0 0 0 0 0 0 0 0 
0 0 0 0 0 0 0 0 0 0 0 0 0 0 0 0 0 0 0 0 0 0 0 0 0 0 0 0 0 0 0 0 0 0 0 0 0 0 0 0 0 0 0 0 0 0 0 0 0 0 0 0 0 0 0 0 0 0 0 0 0 0 0 0 0 0 0 0 0 0 0 0 0 0 0 0 0 0 0 0 0 0 0 0 0 0 0 0 0 0 
0 0 0 0 0 0 0 0 0 0 0 0 0 0 0 0 0 0 0 0 0 0 0 0 0 0 0 0 0 0 0 0 0 0 0 0 0 0 0 0 0 0 0 0 0 0 0 0 0 0 0 0 0 0 0 0 0 0 0 0 0 0 0 0 0 0 0 0 0 0 0 0 0 0 0 0 0 0 0 0 0 0 0 0 0 0 0 0 0 0 
0 0 0 0 0 0 0 0 0 0 0 0 0 0 0 0 0 0 0 0 0 0 0 0 0 0 0 0 0 0 0 0 0 0 0 0 0 0 0 0 0 0 0 0 0 0 0 0 0 0 0 0 0 0 0 0 0 0 0 0 0 0 0 0 0 0 0 0 0 0 0 0 0 0 0 0 0 0 0 0 0 0 0 0 0 0 0 0 0 0 
0 0 0 0 0 0 0 0 0 0 0 0 0 0 0 0 0 0 0 0 0 0 0 0 0 0 0 0 0 0 0 0 0 0 0 0 0 0 0 0 0 0 0 0 0 0 0 0 0 0 0 0 0 0 0 0 0 0 0 0 0 0 0 0 0 0 0 0 0 0 0 0 0 0 0 0 0 0 0 0 0 0 0 0 0 0 0 0 0 0 
0 0 0 0 0 0 0 0 0 0 0 0 0 0 0 0 0 0 0 0 0 0 0 0 0 0 0 0 0 0 0 0 0 0 0 0 0 0 0 0 0 0 0 0 0 0 0 0 0 0 0 0 0 0 0 0 0 0 0 0 0 0 0 0 0 0 0 0 0 0 0 0 0 0 0 0 0 0 0 0 0 0 0 0 0 0 0 0 0 0 
0 0 0 0 0 0 0 0 0 0 0 0 0 0 0 0 0 0 0 0 0 0 0 0 0 0 0 0 0 0 0 0 0 0 0 0 0 0 0 0 0 0 0 0 0 0 0 0 0 0 0 0 0 0 0 0 0 0 0 0 0 0 0 0 0 0 0 0 0 0 0 0 0 0 0 0 0 0 0 0 0 0 0 0 0 0 0 0 0 0 
0 0 0 0 0 0 0 0 0 0 0 0 0 0 0 0 0 0 0 0 0 0 0 0 0 0 0 0 0 0 0 0 0 0 0 0 0 0 0 0 0 0 0 0 0 0 0 0 0 0 0 0 0 0 0 0 0 0 0 0 0 0 0 0 0 0 0 0 0 0 0 0 0 0 0 0 0 0 0 0 0 0 0 0 0 0 0 0 0 0 
0 0 0 0 0 0 0 0 0 0 0 0 0 0 0 0 0 0 0 0 0 0 0 0 0 0 0 0 0 0 0 0 0 0 0 0 0 0 0 0 0 0 0 0 0 0 0 0 0 0 0 0 0 0 0 0 0 0 0 0 0 0 0 0 0 0 0 0 0 0 0 0 0 0 0 0 0 0 0 0 0 0 0 0 0 0 0 0 0 0 
0 0 0 0 0 0 0 0 0 0 0 0 0 0 0 0 0 0 0 0 0 0 0 0 0 0 0 0 0 0 0 0 0 0 0 0 0 0 0 0 0 0 0 0 0 0 0 0 0 0 0 0 0 0 0 0 0 0 0 0 0 0 0 0 0 0 0 0 0 0 0 0 0 0 0 0 0 0 0 0 0 0 0 0 0 0 0 0 0 0 
0 0 0 0 0 0 0 0 0 0 0 0 0 0 0 0 0 0 0 0 0 0 0 0 0 0 0 0 0 0 0 0 0 0 0 0 0 0 0 0 0 0 0 0 0 0 0 0 0 0 0 0 0 0 0 0 0 0 0 0 0 0 0 0 0 0 0 0 0 0 0 0 0 0 0 0 0 0 0 0 0 0 0 0 0 0 0 0 0 0 
0 0 0 0 0 0 0 0 0 0 0 0 0 0 0 0 0 0 0 0 0 0 0 0 0 0 0 0 0 0 0 0 0 0 0 0 0 0 0 0 0 0 0 0 0 0 0 0 0 0 0 0 0 0 0 0 0 0 0 0 0 0 0 0 0 0 0 0 0 0 0 0 0 0 0 0 0 0 0 0 0 0 0 0 0 0 0 0 0 0 
0 0 0 0 0 0 0 0 0 0 0 0 0 0 0 0 0 0 0 0 0 0 0 0 0 0 0 0 0 0 0 0 0 0 0 0 0 0 0 0 0 0 0 0 0 0 0 0 0 0 0 0 0 0 0 0 0 0 0 0 0 0 0 0 0 0 0 0 0 0 0 0 0 0 0 0 0 0 0 0 0 0 0 0 0 0 0 0 0 0 
0 0 0 0 0 0 0 0 0 0 0 0 0 0 0 0 0 0 0 0 0 0 0 0 0 0 0 0 0 0 0 0 0 0 0 0 0 0 0 0 0 0 0 0 0 0 0 0 0 0 0 0 0 0 0 0 0 0 0 0 0 0 0 0 0 0 0 0 0 0 0 0 0 0 0 0 0 0 0 0 0 0 0 0 0 0 0 0 0 0 
0 0 0 0 0 0 0 0 0 0 0 0 0 0 0 0 0 0 0 0 0 0 0 0 0 0 0 0 0 0 0 0 0 0 0 0 0 0 0 0 0 0 0 0 0 0 0 0 0 0 0 0 0 0 0 0 0 0 0 0 0 0 0 0 0 0 0 0 0 0 0 0 0 0 0 0 0 0 0 0 0 0 0 0 0 0 0 0 0 0 
0 0 0 0 0 0 0 0 0 0 0 0 0 0 0 0 0 0 0 0 0 0 0 0 0 0 0 0 0 0 0 0 0 0 0 0 0 0 0 0 0 0 0 0 0 0 0 0 0 0 0 0 0 0 0 0 0 0 0 0 0 0 0 0 0 0 0 0 0 0 0 0 0 0 0 0 0 0 0 0 0 0 0 0 0 0 0 0 0 0 
0 0 0 0 0 0 0 0 0 0 0 0 0 0 0 0 0 0 0 0 0 0 0 0 0 0 0 0 0 0 0 0 0 0 0 0 0 0 0 0 0 0 0 0 0 0 0 0 0 0 0 0 0 0 0 0 0 0 0 0 0 0 0 0 0 0 0 0 0 0 0 0 0 0 0 0 0 0 0 0 0 0 0 0 0 0 0 0 0 0 
0 0 0 0 0 0 0 0 0 0 0 0 0 0 0 0 0 0 0 0 0 0 0 0 0 0 0 0 0 0 0 0 0 0 0 0 0 0 0 0 0 0 0 0 0 0 0 0 0 0 0 0 0 0 0 0 0 0 0 0 0 0 0 0 0 0 0 0 0 0 0 0 0 0 0 0 0 0 0 0 0 0 0 0 0 0 0 0 0 0 
0 0 0 0 0 0 0 0 0 0 0 0 0 0 0 0 0 0 0 0 0 0 0 0 0 0 0 0 0 0 0 0 0 0 0 0 0 0 0 0 0 0 0 0 0 0 0 0 0 0 0 0 0 0 0 0 0 0 0 0 0 0 0 0 0 0 0 0 0 0 0 0 0 0 0 0 0 0 0 0 0 0 0 0 0 0 0 0 0 0 
0 0 0 0 0 1 0 0 0 0 0 0 0 0 0 0 0 0 0 0 0 0 0 0 0 0 0 0 0 0 0 0 0 0 0 0 0 0 0 0 0 0 0 0 0 0 0 0 0 0 0 0 0 0 0 0 0 0 0 0 0 0 0 0 0 0 0 0 0 0 0 0 0 0 0 0 0 0 0 0 0 0 0 0 0 0 0 0 0 0 
0 0 0 0 0 0 0 0 0 0 0 0 0 0 0 0 0 0 0 0 0 0 0 0 0 0 0 0 0 0 0 0 0 0 0 0 0 0 0 0 0 0 0 0 0 0 0 0 0 0 0 0 0 0 0 0 0 0 0 0 0 0 0 0 0 0 0 0 0 0 0 0 0 0 0 0 0 0 0 0 0 0 0 0 0 0 0 0 0 0 
0 0 0 0 0 0 0 0 0 0 0 0 0 0 0 0 0 0 0 0 0 0 0 0 0 0 0 0 0 0 0 0 0 0 0 0 0 0 0 0 0 0 0 0 0 0 0 0 0 0 0 0 0 0 0 0 0 0 0 0 0 0 0 0 0 0 0 0 0 0 0 0 0 0 0 0 0 0 0 0 0 0 0 0 0 0 0 0 0 0 
0 0 0 0 0 0 0 0 0 0 0 0 0 0 0 0 0 0 0 0 0 0 0 0 0 0 0 0 0 0 0 0 0 0 0 0 0 0 0 0 0 0 0 0 0 0 0 0 0 0 0 0 0 0 0 0 0 0 0 0 0 0 0 0 0 0 0 0 0 0 0 0 0 0 0 0 0 0 0 0 0 0 0 0 0 0 0 0 0 0 
0 0 0 0 0 0 0 0 0 0 0 0 0 0 0 0 0 0 0 0 0 0 0 0 0 0 0 0 0 0 0 0 0 0 0 0 0 0 0 0 0 0 0 0 0 0 0 0 0 0 0 0 0 0 0 0 0 0 0 0 0 0 0 0 0 0 0 0 0 0 0 0 0 0 0 0 0 0 0 0 0 0 0 0 0 0 0 0 0 0 
0 0 0 0 1 0 0 0 0 0 0 0 0 0 0 0 0 0 0 0 0 0 0 0 0 0 0 0 0 0 0 0 0 0 0 0 0 0 0 0 0 0 0 0 0 0 0 0 0 0 0 0 0 0 0 0 0 0 0 0 0 0 0 0 0 0 0 0 0 0 0 0 0 0 0 0 0 0 0 0 0 0 0 0 0 0 0 0 0 0 
0 0 0 0 0 0 0 1 0 0 0 0 0 0 0 0 0 0 0 0 0 0 0 0 0 0 0 0 0 0 0 0 0 0 0 0 0 0 0 0 0 0 0 0 0 0 0 0 0 0 0 0 0 0 0 0 0 0 0 0 0 0 0 0 0 0 0 0 0 0 0 0 0 0 0 0 0 0 0 0 0 0 0 0 0 0 0 0 0 0 
0 0 1 0 0 0 0 0 0 0 0 0 1 1 0 0 0 0 0 0 0 0 0 0 0 0 0 0 0 0 0 0 0 0 0 0 0 0 0 0 0 0 0 0 0 0 0 0 0 0 0 0 0 0 0 0 0 0 0 0 0 0 0 0 0 0 0 0 0 0 0 0 0 0 0 0 0 0 0 0 0 0 0 0 0 0 0 0 0 0 
0 0 0 0 0 0 0 0 0 0 0 0 0 0 0 0 0 1 0 0 0 0 0 0 0 0 0 0 0 0 0 1 0 0 0 0 0 0 0 0 0 0 0 0 0 0 0 0 0 0 0 0 0 0 0 0 0 0 0 0 0 0 0 0 0 0 0 0 0 0 0 0 0 0 0 0 0 0 0 0 0 0 0 0 0 0 0 0 0 0 
0 0 0 2 1 0 1 1 0 0 0 1 0 0 0 0 0 1 0 0 0 0 0 0 0 0 0 0 0 0 0 0 0 0 0 0 0 0 0 0 0 0 0 0 0 0 0 0 0 0 0 0 0 0 0 0 0 0 0 0 0 0 0 0 0 0 0 0 0 0 0 0 0 0 0 0 0 0 0 0 0 0 0 0 0 0 0 0 0 0 
1 0 1 0 0 0 1 1 0 0 0 0 1 1 0 0 1 0 0 0 0 0 0 0 0 0 0 0 0 1 0 0 0 0 0 0 0 1 0 0 0 0 0 0 0 0 0 0 0 0 0 0 0 0 0 0 0 0 0 0 0 0 0 0 0 0 0 0 0 0 0 0 0 0 0 0 0 0 0 0 0 0 0 0 0 0 0 0 0 0 
1 0 1 1 0 1 1 0 0 0 0 1 0 0 1 1 0 0 0 0 0 0 0 0 0 0 0 1 0 0 0 0 0 0 0 0 0 0 0 0 0 0 0 0 0 0 0 0 0 0 0 0 0 0 0 0 0 0 0 0 0 0 0 0 0 0 0 0 0 0 0 0 0 0 0 0 0 0 0 0 0 0 0 0 0 0 0 0 0 0 
2 0 0 0 1 0 1 1 0 0 2 1 0 0 1 1 1 0 0 0 1 0 0 0 0 0 0 1 0 0 0 0 0 0 0 0 0 1 0 0 0 1 0 0 0 0 0 0 0 0 0 0 0 0 0 0 0 0 0 0 0 0 0 0 0 0 0 0 0 0 0 0 0 0 0 0 0 0 0 0 0 0 0 0 0 0 0 0 0 0 
1 1 0 0 2 0 1 1 0 0 0 1 1 2 0 0 1 0 0 1 0 0 1 0 0 0 0 0 0 1 0 0 0 0 0 1 0 0 0 0 0 0 0 0 0 0 0 0 0 0 0 0 0 0 0 0 0 0 0 0 0 0 0 0 0 0 0 0 0 0 0 0 0 0 0 0 0 0 0 0 0 0 0 0 0 0 0 0 0 0 
2 2 0 2 4 0 1 0 0 0 0 1 0 1 2 1 0 1 2 2 1 1 0 0 0 0 0 0 1 0 0 0 0 0 0 0 0 0 0 0 0 0 0 0 0 0 0 0 0 0 0 1 0 0 0 0 0 0 0 0 0 0 0 0 0 0 0 0 0 0 0 0 0 0 0 0 0 0 0 0 0 0 0 0 0 0 0 0 0 0 
2 2 0 3 1 1 2 0 2 3 3 1 0 0 0 1 1 0 0 1 1 1 0 1 1 0 0 0 0 2 0 0 2 0 0 0 0 1 0 0 1 0 1 0 1 0 0 0 0 0 0 1 0 0 0 0 0 0 0 0 0 0 0 0 0 0 0 0 0 0 1 0 0 0 0 0 0 0 0 0 0 0 0 0 0 0 0 0 0 0 
1 2 1 4 2 2 2 0 2 3 1 2 4 0 1 2 3 0 0 1 0 1 1 0 1 1 1 1 1 0 0 0 1 0 0 1 0 1 0 0 0 1 1 2 1 0 1 0 0 1 0 0 0 1 0 0 0 0 0 1 0 0 0 0 0 0 0 0 1 0 0 0 0 0 0 0 0 0 0 0 0 0 0 0 0 0 0 0 0 0 
0 3 1 2 2 2 0 0 5 1 0 1 0 0 1 1 0 4 0 0 2 1 1 0 0 2 3 0 1 0 0 0 0 1 1 0 0 0 1 0 0 2 0 1 0 0 0 1 0 0 0 1 0 0 0 0 0 1 0 0 0 0 0 0 0 0 0 0 0 0 0 0 0 0 0 0 0 0 0 0 0 0 0 0 0 0 0 0 0 0 
4 0 2 4 3 4 1 1 4 0 2 4 3 1 2 2 2 3 0 4 2 1 2 1 0 2 2 2 1 1 1 0 2 1 1 2 0 1 0 2 0 4 1 0 1 0 0 2 0 0 0 0 0 0 0 0 0 0 0 0 0 1 0 0 0 1 0 0 1 0 0 0 0 0 0 0 0 0 0 0 0 1 0 0 1 0 0 0 0 0 
2 2 0 1 5 3 1 1 4 4 3 0 4 1 3 1 4 4 1 0 2 1 3 0 4 1 0 2 3 2 1 4 0 0 0 0 0 1 0 1 1 1 1 0 0 1 1 0 0 0 1 1 2 0 0 0 0 0 0 0 0 1 0 0 0 0 0 0 0 1 0 0 0 0 0 0 0 0 0 0 0 0 0 0 0 0 0 0 0 0 
2 3 7 2 3 6 6 1 1 2 1 2 3 1 3 2 0 2 1 5 3 2 1 1 3 0 6 1 3 3 1 0 0 3 5 1 0 2 1 1 2 0 3 1 0 2 2 0 1 0 0 1 1 0 0 1 0 1 0 0 0 0 0 0 0 2 0 0 0 0 0 0 0 0 0 0 0 0 0 0 0 0 0 0 0 0 0 0 0 0 
4 4 4 1 8 5 6 1 2 3 4 5 5 2 5 3 4 3 1 2 5 1 3 1 1 3 1 4 4 4 3 1 3 1 2 4 1 0 3 2 0 1 0 0 1 1 4 1 0 1 2 1 0 4 0 0 0 1 0 0 0 0 0 0 0 1 0 0 1 0 0 0 0 0 1 0 1 0 0 0 0 0 0 0 0 0 1 0 0 0 
6 4 1 6 3 6 11 0 2 6 7 2 2 4 3 5 4 5 3 2 2 3 1 1 7 5 4 4 3 2 2 2 1 3 4 2 3 2 4 2 1 1 2 1 0 2 3 3 1 4 1 0 3 0 1 0 2 0 2 2 1 1 0 1 0 0 0 0 2 1 0 1 0 0 1 2 0 0 0 0 1 0 0 0 0 0 0 0 0 0 
4 2 6 3 9 5 9 0 3 3 2 4 6 2 7 8 2 3 5 7 4 6 2 2 5 2 3 5 2 1 6 4 6 1 1 2 4 2 3 1 4 4 0 2 2 1 3 1 3 1 2 0 5 0 2 1 0 2 1 0 1 1 0 0 4 1 0 0 1 0 0 0 0 1 0 0 0 1 0 1 0 0 0 0 0 0 0 0 0 0 
7 6 5 4 7 4 3 5 2 6 4 1 8 8 5 2 10 1 5 7 3 3 4 2 6 4 8 4 3 3 3 2 0 4 4 4 4 3 5 3 1 1 5 2 2 3 1 3 1 1 1 3 2 2 5 2 2 2 1 0 4 0 3 2 0 0 0 0 0 0 0 0 0 1 0 1 1 0 1 0 0 0 0 0 0 3 0 0 0 0 
6 10 12 12 4 4 8 7 5 7 8 8 2 3 2 10 4 5 5 4 6 5 4 5 4 5 8 8 4 3 7 11 5 5 3 3 4 5 4 3 6 3 2 0 2 2 2 3 4 2 1 4 5 1 1 4 1 1 2 2 3 4 0 0 3 0 1 1 0 0 0 1 0 0 1 0 0 1 1 0 1 0 0 2 0 0 0 0 0 0 
6 9 7 6 7 14 5 7 4 7 4 3 4 6 5 9 7 3 6 3 6 6 7 7 4 4 2 2 6 6 5 2 5 6 4 3 6 6 3 5 1 4 7 1 3 6 0 2 3 4 8 5 3 1 5 2 1 1 1 2 3 3 2 2 1 0 1 4 2 1 3 0 2 0 2 0 0 0 0 1 2 0 1 2 0 2 0 2 0 0 
8 9 11 10 5 9 7 6 8 4 5 2 7 7 5 5 4 5 9 5 8 8 6 8 9 6 6 6 4 3 4 7 5 10 3 5 1 3 4 5 6 6 3 3 4 6 8 4 3 6 5 2 3 4 5 2 5 5 2 3 4 1 2 0 0 1 1 1 3 1 1 0 0 1 2 2 1 2 1 1 0 2 1 2 0 0 0 2 0 0 
9 8 9 5 5 7 8 5 7 11 12 5 15 8 9 12 8 9 10 3 6 6 5 6 6 4 13 3 8 8 3 4 9 7 5 7 3 4 6 4 3 3 4 5 4 5 2 3 7 4 7 3 4 1 4 2 4 4 4 1 4 3 0 2 2 3 3 2 2 0 2 2 1 1 1 0 1 0 3 1 1 2 0 1 2 0 1 1 0 0 
13 4 8 5 11 7 12 8 10 6 10 3 13 6 5 3 12 7 8 10 9 4 8 5 6 7 8 9 13 2 6 10 8 12 6 6 4 8 5 7 2 5 8 1 5 9 7 7 4 5 3 5 2 2 6 2 4 4 2 4 7 4 3 3 3 1 4 0 0 1 2 1 1 1 2 1 2 3 2 1 1 3 1 1 1 2 1 0 1 1 
10 5 8 5 11 7 13 11 7 8 10 9 12 10 5 9 7 5 12 4 7 5 13 10 8 8 5 8 7 10 8 9 4 4 4 8 6 8 6 3 8 5 5 5 12 4 6 5 6 5 10 4 6 6 5 3 5 7 3 4 3 3 3 7 3 5 2 6 1 4 3 6 2 0 3 3 5 1 0 1 0 1 1 2 1 3 2 2 1 1 
8 11 8 8 12 1 9 9 7 10 12 9 14 10 10 11 11 6 10 5 6 11 8 10 5 7 8 7 13 7 6 9 8 7 10 13 7 9 8 5 16 6 11 10 5 5 6 5 7 8 9 6 7 5 6 4 2 3 3 5 3 4 7 1 5 3 2 2 4 4 3 1 3 3 1 0 2 2 2 1 5 2 1 2 0 4 3 1 3 2 
12 9 7 12 16 8 7 8 9 12 19 11 8 16 9 18 16 12 8 9 5 9 13 6 5 9 10 9 7 9 8 10 12 16 8 9 13 7 7 14 16 9 11 8 9 9 7 9 11 4 5 10 6 11 3 4 6 6 10 5 0 5 9 6 4 7 5 5 5 3 6 4 1 2 1 2 7 5 4 3 3 2 1 3 1 1 0 3 1 4 
6 12 14 10 14 12 13 15 9 15 18 16 17 10 15 12 11 11 7 11 7 14 14 14 9 14 14 9 9 8 8 6 8 6 6 10 10 9 9 11 10 11 12 8 12 8 9 7 5 7 10 9 10 8 10 9 8 4 7 6 6 10 11 3 6 4 5 7 4 5 6 6 4 8 4 3 5 3 2 3 3 4 4 2 3 4 2 3 2 2 
16 18 14 13 22 12 13 18 16 14 18 12 12 15 20 11 16 14 8 9 13 19 10 18 13 7 12 14 13 6 7 11 6 17 11 10 8 11 12 10 12 19 9 17 11 7 9 11 4 8 10 14 8 8 12 10 11 5 4 7 8 6 7 9 8 10 6 6 8 5 6 6 8 6 6 2 5 3 5 1 5 2 4 7 3 2 3 2 2 3 
13 17 14 18 16 12 10 13 13 17 17 18 18 18 19 13 13 18 10 18 18 18 15 13 12 19 19 11 16 25 15 10 14 10 13 17 12 14 14 16 5 11 19 6 12 9 13 7 10 18 10 7 10 11 12 11 12 15 5 5 9 8 8 9 6 8 6 11 8 9 6 3 11 7 3 11 10 6 6 2 5 7 2 4 5 0 2 6 6 0 
15 16 12 17 8 16 13 15 17 11 18 16 23 16 14 22 19 11 17 15 9 20 16 13 10 11 21 12 11 15 16 13 17 16 18 16 19 12 11 8 17 15 18 11 9 7 7 9 11 8 11 10 13 9 7 6 9 7 9 7 11 19 9 10 11 7 14 8 8 7 5 7 6 6 8 7 5 3 1 7 3 6 5 3 6 2 2 6 6 7 
16 10 23 20 10 12 20 14 17 17 16 12 12 21 18 18 15 10 14 19 11 15 15 14 18 19 10 12 8 21 13 9 12 13 15 14 18 11 14 11 5 15 19 17 19 19 23 12 12 10 12 8 10 10 17 11 9 11 11 8 14 13 8 9 13 7 4 8 6 11 8 12 5 7 9 9 8 13 9 7 5 5 10 3 3 6 5 7 3 9 
18 14 16 15 19 16 17 18 13 18 15 17 17 18 13 17 24 14 16 28 13 15 24 17 8 15 14 14 19 14 17 13 14 19 26 18 9 16 18 11 14 10 15 15 17 13 9 19 11 13 18 11 13 14 21 12 11 9 15 10 13 15 12 14 11 7 12 10 11 11 5 10 6 11 6 12 8 12 10 6 12 7 7 9 10 9 3 3 4 8 
24 10 13 24 26 17 24 8 18 13 24 15 20 18 15 18 18 19 21 16 17 18 17 17 14 11 20 19 26 21 21 19 17 13 19 8 16 12 21 19 15 19 14 12 13 14 11 13 9 21 22 24 15 23 17 13 19 14 12 12 11 9 12 20 12 18 12 12 10 8 8 10 15 11 5 10 10 9 13 14 5 11 7 7 10 9 9 4 11 2 
16 14 12 16 18 21 9 11 17 17 21 17 19 20 21 20 25 18 16 17 15 18 12 20 15 15 23 22 14 13 15 19 13 25 16 19 22 18 14 16 15 14 15 15 22 12 12 24 20 18 15 17 18 12 11 26 13 11 12 16 17 20 16 14 15 11 12 14 7 13 13 15 15 16 13 16 14 13 11 5 10 11 5 9 8 12 2 4 7 8 
