# Format: McCode with text headers
# URL: http://www.mccode.org
# Creator: McStas 2.5beta01 - Nov. 03, 2018
# Instrument: Full_simple_noSqq.instr
# Ncount: 6250000
# Trace: no
# Gravitation: no
# Seed: 1544393398
# Directory: Magnon_rerun_events_B_noEfocus_noSqq/0
# Nodes: 16
# Param: WaveMin=2.75
# Param: WaveMax=4.4
# Param: E_0=4
# Param: L_0=0
# Param: chopPulseOpening=0.004
# Param: DivSlit0_width=0.1
# Param: DivSlit1_width=0.1
# Param: DivSlit2_width=0.1
# Param: DivSlit3_width=0.1
# Param: Npulse=1
# Param: print=0
# Param: makeVirtualSource=0
# Param: printMValues=0
# Param: power=2
# Param: BWopen=161
# Param: OMA=37.072
# Param: TTA=74.1432
# Param: OMA2=30.628
# Param: TTA2=61.256
# Param: phi=37
# Param: dphi=0.332
# Param: MCPLfile=BIFROST_mcpl.gz
# Param: ax=0
# Param: ay=2.14
# Param: az=-1.24
# Param: bx=0
# Param: by=0
# Param: bz=2.47
# Param: cx=6.71
# Param: cy=0
# Param: cz=0
# Param: Omega=0
# Param: TwoTheta=20
# Param: lambda=10
# Param: dlambda=9.9
# Param: Rotation=0
# Param: inelastic=1
# Param: aa=6.28319
# Param: sample_J1=1.5
# Param: sample_J2=0
# Param: TT=300
# Param: FerroMagnet=0
# Param: Verbose=0
# Param: imultiplier=1
# Param: INCOH=0
# Param: INCOHspread=0
# Param: sample_focusW=2.1
# Param: sample_focusH=0.15
# Param: focus_EF=0
# Param: TOFmin=0.1172
# Param: TOFmax=0.186
# Param: TOFbins=256
# Date: Sun Dec  9 02:12:22 2018 (1544317942)
# type: array_2d(90, 90)
# Source: EGCESE (Full_simple_noSqq.instr)
# component: psd_monitor8
# position: 2.06646 -1.56124 0
# title: PSD monitor
# Ncount: 100000000
# filename: analyser8_psd.dat
# statistics: X0=-0.0872663; dX=1.10246; Y0=-5.91767; dY=5.36122;
# signal: Min=0; Max=1042.21; Mean=55.6388;
# values: 450675 9208.4 3004
# xvar: X 
# yvar: Y 
# xlabel: X position [cm]
# ylabel: Y position [cm]
# zvar: I
# zlabel: Signal per bin
# xylimits: -2 2 -15.24 15.24
# variables: I I_err N
# Data [psd_monitor8/analyser8_psd.dat] I:
221.2599901 176.2658289 0 414.1075251 236.9070098 152.7588806 264.2530981 0 191.8098129 0 185.4048549 0 0 0 0 0 201.3074331 0 227.2593861 0 0 200.6948626 0 0 210.0213658 0 134.7929545 0 0 484.7641358 0 143.3080395 393.5271672 0 94.47031877 196.9349118 0 0 0 189.7644818 0 373.7370858 0 0 134.4318504 183.0640333 179.9733668 239.8051305 236.3393771 0 0 178.7054835 0 0 138.9540935 62.12696307 192.092915 135.1424376 0 0 208.3591986 0 52.77448137 173.0361484 221.8359194 0 34.76089337 68.76917454 64.0210286 81.23091752 0 166.461047 129.2236691 0 175.9837628 0 0 73.47159603 0 217.7684462 0 95.20185598 390.8166308 205.1141775 106.1961382 175.1400406 93.42303458 0 0 0 
203.2178366 0 0 0 392.8463293 0 0 233.893818 0 0 380.9211438 0 0 242.0036178 0 78.65798474 0 0 0 0 0 0 439.6258041 0 0 0 747.0893919 293.8380143 0 174.4875961 0 0 183.7254633 42.68307115 197.8300532 196.2348517 0 84.14164335 76.55530949 181.3718828 0 0 95.38231351 169.2476553 0 368.7812086 183.8875401 229.5712534 399.2144743 94.25085892 0 0 0 221.3979127 97.16599501 0 199.8031843 80.39910972 0 0 202.3757456 0 269.2388325 585.0061638 0 54.70934002 0 0 0 0 0 112.5483126 0 188.7440967 193.4432622 0 88.72040999 240.761479 0 0 99.14677903 94.5844994 0 162.7764684 0 13.97531551 0 0 0 0 
0 0 0 618.9757389 210.2421484 0 0 137.513267 0 0 0 0 111.0010419 0 129.4693427 180.1780409 0 99.50550815 0 102.5344882 0 0 0 399.6307592 0 196.752697 472.2951191 0 0 238.3529298 172.5984529 228.322636 150.0187708 0 0 0 0 75.46704104 156.0532447 0 0 275.0894541 335.8425284 0 233.5554431 0 0 0 0 100.5191208 45.04359759 451.7011712 0 257.8245404 468.5510043 0 0 209.5026492 474.579787 0 0 0 91.53361768 0 89.55581389 93.26213483 0 140.9765391 193.7984614 517.8036739 69.39963304 0 0 0 213.2954116 82.70999252 43.61157174 70.24941631 77.88128985 91.91483979 0 0 0 206.2268836 79.92379334 145.7882038 0 130.9616441 0 115.6434867 
0 0 0 0 215.7162234 0 0 0 0 0 0 0 0 0 0 182.9680264 62.35731422 0 0 98.4925486 0 132.7403313 266.9737681 102.2919369 62.31316118 73.38254856 0 560.7332909 0 110.4509561 0 0 0 389.1041699 0 189.5864015 217.4326371 0 0 229.7599338 486.9650723 0 0 238.7135001 139.9053475 0 284.2232356 0 0 0 0 0 0 329.065806 0 140.9223608 0 0 184.5725629 379.5900455 173.2382136 0 0 0 89.47156956 0 385.7235026 226.1636569 464.1181401 0 199.1818667 0 0 93.94986676 59.57363509 75.94147477 0 107.8096542 0 99.94101558 37.31895574 0 0 191.0852227 0 102.0465727 0 0 24.36924454 0 
0 455.4786128 0 195.288459 0 167.1742724 0 290.128248 0 0 0 226.5545409 243.6247093 0 0 0 65.41603957 0 0 0 194.8506068 0 0 0 0 0 0 0 313.0291229 0 0 0 108.6446752 0 0 247.1822378 468.5857031 0 0 0 0 412.6569164 0 340.3561479 194.6123497 0 0 0 0 0 0 0 0 0 0 209.6181849 0 96.47810052 0 92.33700155 196.1950474 0 0 48.61297908 82.94137268 250.4987713 0 0 89.34937831 0 0 130.2613446 0 138.5336738 52.34213345 329.63894 27.71895015 0 0 0 197.8435116 101.0432142 434.7507904 227.1098818 37.26002272 0 231.0245223 0 125.9875666 0 
0 0 0 0 0 211.0214058 151.9364317 242.1227183 0 0 0 0 0 0 0 165.7892537 232.9492153 323.9123155 0 0 224.8052675 461.031813 87.80973189 0 0 0 0 0 239.3212903 0 0 216.790417 0 139.0396376 0 465.1845427 87.11092861 0 0 216.3300997 0 0 193.1179059 0 0 209.763369 84.2161213 156.6680225 0 0 205.7404858 154.5557951 81.19538751 0 0 85.05052356 367.8776774 0 69.92814591 0 49.4481277 66.32065959 203.79474 51.6635967 0 0 229.4652382 220.616551 0 0 0 213.6825662 0 0 0 0 220.9237284 0 107.2703937 90.15160549 333.3841197 0 0 0 210.2478998 0 0 36.93743959 0 193.6510002 
0 45.26958045 0 0 234.6192126 181.2282307 0 250.9065132 655.5502773 126.6186356 0 99.81356559 0 0 0 162.1072617 0 0 0 35.70609984 174.4629209 0 0 154.0696249 0 0 95.47775973 251.08924 0 231.9491433 0 0 59.28960849 188.9640829 99.30332881 0 215.892271 102.9380785 0 0 202.089047 149.0436209 0 0 457.1936711 0 244.8633113 0 243.9174939 0 0 55.47623861 146.4942986 101.2707118 0 0 204.3750966 0 20.56887898 253.8889359 0 161.474395 0 182.7872697 0 0 69.66780428 0 211.2443145 233.8894642 56.39776997 0 69.00893412 89.28312856 91.49928091 0 0 0 0 0 0 0 86.36154924 210.2677925 0 98.93729145 218.2442621 53.12884294 0 0 
0 0 0 0 0 676.3955576 166.1435472 0 0 0 0 0 249.7933217 152.8558637 101.1442633 251.7356667 0 667.3155307 0 0 486.9651059 0 145.7423938 180.4630495 0 359.8891889 190.2009068 0 53.4100446 95.98256189 155.4648595 0 0 162.8380679 0 110.7666059 0 81.48236733 0 0 0 0 207.0759733 252.7188812 211.1961098 0 193.6434837 0 57.99431555 103.3407596 565.6806437 0 549.7285726 0 0 0 72.90298595 0 43.33903795 90.19831744 334.8156079 0 0 96.60056043 0 0 249.930042 106.4835089 87.1447947 84.64012597 44.2914067 0 96.25115528 18.38958551 0 0 0 199.146582 0 0 283.2505913 0 0 0 106.1065697 243.9864513 0 0 0 0 
0 0 0 0 0 0 361.2201394 0 0 0 255.6177389 81.52382523 0 91.30528852 0 0 203.5696942 0 0 249.7415514 0 208.9686124 175.1506789 281.0519804 0 100.6189371 98.49010895 0 352.5852214 0 136.9734278 0 0 248.2307178 0 241.3504736 0 0 0 449.4513873 0 0 0 116.8405131 0 124.0775539 230.2633561 72.84720855 88.41658548 132.6770754 0 42.29540972 0 0 108.056429 247.3678798 0 0 0 190.9170437 227.5634525 99.63507988 213.3918899 100.6577921 235.7372471 243.5790819 151.6089283 0 0 106.2400389 0 221.3600706 203.7123736 157.5195055 0 0 302.8884759 98.25183741 0 0 84.19717565 210.628281 0 0 0 72.01857135 0 322.0672018 0 110.7356131 
0 275.4652159 102.6889514 0 62.30835977 0 0 303.4782537 0 0 0 0 90.87145519 0 0 0 0 0 68.97009864 0 282.3847327 0 28.52738052 0 98.63132329 0 0 0 111.8176444 207.0523904 174.7151099 0 0 205.7961632 0 0 42.9411074 0 0 0 0 0 87.76962992 0 106.6170802 93.31402159 0 0 105.0700007 113.2015547 0 0 169.5702661 97.11274826 309.6450531 0 0 374.3298502 168.229888 247.0322583 0 51.69795795 177.6254011 182.808882 365.5424923 101.2037272 0 106.4181037 0 0 246.9315877 171.6868095 225.5901012 101.5574889 0 0 0 0 0 0 82.8965092 0 242.7719828 0 223.9407599 0 0 109.8590696 52.42056036 0 
118.8698271 0 0 174.4547563 70.72952611 0 239.0797784 0 0 0 0 213.6090569 0 220.6215965 237.303184 0 0 282.0593919 79.60620323 0 0 0 310.2151792 0 195.7427197 229.5343632 158.4348846 0 243.7757594 230.6451316 515.6033901 0 108.6704449 0 0 0 0 260.699588 0 0 241.8973729 183.012535 0 311.5482422 225.3859618 0 386.1267859 107.3929206 230.1604342 0 0 78.76462698 201.6903847 0 0 105.0344329 0 0 62.69216761 0 273.2082176 193.5772673 0 98.6607532 188.4368517 331.2244153 46.81526949 0 0 157.2166502 0 50.22857785 0 0 0 94.85089736 0 0 83.47163755 102.7354162 0 0 102.9269214 52.37621998 0 169.6324329 0 107.4360795 227.1428408 0 
195.0567177 0 0 0 225.2037259 0 0 0 0 0 0 0 0 0 238.1407972 534.8877789 0 216.4980828 101.8893049 0 120.6491078 274.3119845 222.1940503 0 0 0 237.412351 0 0 103.9121002 99.75475191 0 124.6867977 227.391742 97.8460564 0 0 0 0 390.731026 225.5145604 90.23722881 0 0 0 196.6403962 214.7374417 90.60693915 0 0 182.6116908 0 0 0 106.8306325 425.4794942 84.66015562 108.9776406 0 0 0 0 99.59641386 162.7369935 0 0 420.8515067 108.1435866 142.0142923 105.9685873 0 96.63521946 0 75.29031061 0 0 0 0 0 0 56.04746079 0 59.11448176 0 112.5086098 0 0 0 0 30.09035293 
0 100.7518205 209.3570472 0 0 110.4668242 0 0 0 0 0 89.18074398 191.9504781 0 291.4402217 286.9352797 214.5864836 269.7751998 176.9086363 279.1530235 0 107.8639762 0 108.5105548 0 0 66.72646252 232.6905211 268.1048247 0 173.133753 0 92.81516814 174.4212941 231.4935154 0 0 80.04796401 101.8600487 0 57.60249952 0 0 236.4102728 0 484.5706326 0 124.0453747 0 0 0 0 127.8389206 0 103.774758 84.2425818 282.0167371 78.13819535 0 0 73.99238407 106.0293476 209.1873786 102.7418192 0 0 0 61.02323592 182.1852512 119.1291154 0 122.5856525 0 0 0 0 0 122.416401 0 0 0 213.8590513 90.24962953 0 0 261.1393283 0 318.7168013 0 0 
170.2965153 0 0 0 0 0 0 70.78594664 52.01767733 0 101.1662112 0 306.4267186 30.90367125 0 75.74700264 0 0 0 118.9469647 217.9913532 0 0 0 120.8148734 26.19102158 0 106.000724 0 0 95.89609001 102.9137188 0 0 86.56267835 0 66.77489117 0 103.3997447 0 0 230.2987166 0 0 236.9418863 0 431.8970502 0 316.5377804 0 247.4386757 0 134.931007 358.0471316 0 0 0 91.57593291 0 0 0 93.1969373 0 0 613.9054287 178.0713272 199.259399 228.7145771 0 103.3474628 133.4626163 0 0 0 0 0 0 0 0 0 218.9959271 0 35.84409346 0 262.8856397 147.6128467 0 117.6572487 100.4134891 237.8042605 
0 0 237.3871133 0 0 0 0 457.8869328 0 0 0 0 0 0 103.7518759 0 0 312.0434428 0 0 0 0 0 0 121.7528455 0 0 0 324.8697842 0 171.5753249 273.5992721 431.9612917 24.3757777 0 0 0 0 0 0 0 257.2392441 0 0 0 477.4995026 144.7675636 117.6521893 108.2498559 0 0 0 0 0 0 0 0 0 0 0 0 0 0 54.30147278 92.50873514 119.1849107 111.8368997 112.20328 0 0 0 173.2784778 0 0 0 115.0338204 0 312.4872943 0 103.2685801 0 0 0 0 99.45262159 55.22887827 0 0 0 235.6990798 
243.5805683 122.1974413 0 0 82.19576432 0 228.903707 801.3527361 29.61089747 0 115.1978352 139.5156134 0 0 323.2626903 0 215.9353019 0 0 101.3489305 620.0605432 0 0 0 679.0459675 0 331.3395362 492.0308943 0 0 255.3059455 0 0 0 167.7271947 239.3630736 196.783508 319.6502563 238.3899888 93.97441368 0 0 0 0 0 265.5628481 0 118.7266225 0 240.3005853 0 0 274.1358505 24.98757921 0 0 0 0 100.0483242 266.9589843 0 0 90.1760407 0 515.9894584 226.9381921 244.5693009 0 0 163.0503633 0 117.3809489 200.0377764 101.7642146 0 0 129.1827315 201.3922217 71.7617531 93.48611617 0 0 0 84.81576012 99.27938811 33.19162068 0 118.4969065 398.9426239 0 
247.4161781 0 0 270.8353525 227.0948432 0 464.4202278 209.9859955 0 278.351067 221.8634233 0 0 0 0 43.5009426 0 352.1780615 0 188.2116747 109.1531085 0 0 0 0 0 122.8027154 489.210193 0 0 207.6418884 113.8278388 482.2588667 63.2334265 0 0 578.0407266 100.1135543 210.2034821 223.456022 0 344.2534776 124.8849583 0 123.5298756 0 246.9031645 76.58855852 204.7962049 0 0 310.5407361 212.089124 95.27563382 0 0 99.20144896 120.017979 111.7926516 102.2612931 0 0 98.86237739 0 0 326.94592 126.0166497 332.0774698 228.5813292 0 0 199.3046174 265.6996498 0 0 0 316.2619265 0 575.1062993 0 0 0 246.048365 0 0 0 0 113.9452786 0 185.4790334 
0 0 0 0 244.43324 78.9726107 271.1603627 133.3710807 418.4234117 92.28613221 170.9814104 231.1849412 549.2434791 302.031375 231.2941767 243.8293306 0 0 206.1976112 301.7130811 0 329.2860834 0 0 0 0 0 99.80612376 99.42835914 0 290.6152073 0 0 223.0353049 0 0 0 182.4652784 110.0519357 223.8265646 293.8916133 176.6486987 0 25.77808577 97.66238269 62.53791447 72.5941676 0 369.2012238 0 0 0 6.798826762 0 118.5908266 125.8013754 73.99517277 0 160.6865061 0 78.45201371 0 0 0 0 95.7538873 0 0 0 0 121.9120106 0 60.1334532 0 121.2443578 0 0 0 0 136.1760434 393.1362157 365.5761875 0 0 0 63.59330704 0 0 0 0 
104.2716682 0 0 434.8681143 0 0 0 99.50354086 0 333.4735453 0 0 0 290.0852868 222.2372233 0 0 169.2877354 0 0 0 0 290.0695303 192.5630426 0 0 518.5789011 244.020281 52.67487846 546.7960017 117.1826619 0 240.2942123 219.1449616 240.3065117 0 89.07407842 35.9011195 23.4695562 216.7518785 319.6859796 270.5273724 0 0 0 378.8370429 0 0 306.9047536 52.43944674 333.39005 296.8310355 562.9150733 114.1654597 78.19704556 225.6361025 269.9138639 0 0 0 104.8529908 33.16472438 0 0 175.2226416 53.45754738 0 121.6569808 50.89591367 77.48522071 216.3938973 172.4965703 104.9093099 0 0 0 359.7408399 0 0 0 98.29614338 0 0 0 0 104.7407953 305.6454713 0 247.4009483 79.89165142 
0 199.2739945 0 0 0 108.7984546 0 114.6883292 789.0752601 0 0 0 202.0604297 0 0 0 0 237.4366586 230.1239028 115.7389987 298.5045918 245.5591865 0 532.3635943 0 0 90.68061586 109.0158942 302.9785091 198.4105104 59.20748836 111.6009281 82.79510059 262.7964423 34.54741193 0 101.7827118 378.9372574 111.2428228 0 133.7928609 349.4053708 0 0 443.78383 133.578178 134.560637 0 0 287.4425742 110.2281545 130.6786474 0 0 264.1075147 233.224763 0 0 0 46.49841727 0 153.7704445 0 0 110.302624 0 138.1198845 99.18396764 91.4815262 0 65.19636905 265.2126483 122.7147535 0 0 0 202.3999978 0 107.7337308 0 101.2645838 0 174.5901761 0 0 253.2584083 0 0 0 241.4171484 
0 0 208.4441691 120.4533925 0 120.1760991 0 0 246.9395365 0 0 0 287.8706213 440.8332009 0 0 0 276.9325912 0 118.5605328 182.580753 355.9630162 0 0 0 682.27123 0 295.4308712 0 233.0540734 89.63764262 0 0 0 356.5187288 0 86.02324631 300.2052315 190.398065 0 119.1677648 220.1975653 0 212.2190525 275.3313848 251.7954463 79.49620261 0 158.0577321 0 0 252.5024328 0 275.3842843 0 112.2000298 138.6825872 0 0 59.49674046 260.2669446 0 0 330.7715156 0 0 0 0 0 345.0543295 0 0 0 94.21522432 406.2984235 81.66886839 126.8245459 666.1247305 0 0 0 0 0 236.3444281 61.20432281 438.1411297 246.4277298 195.6614423 0 0 
0 0 0 0 130.4702162 69.40217567 0 0 0 0 64.99144749 104.7333684 0 9.274960552 168.5263942 182.6743307 0 0 110.8224599 282.4230109 0 83.33103675 299.3936299 291.4532083 253.7084447 0 0 0 0 242.2595087 236.7865291 139.3429354 84.75349043 0 0 247.4984515 0 0 0 0 0 148.9623992 115.1872456 117.9316107 0 0 0 0 0 136.9599718 0 0 423.629693 81.50896757 0 209.5695475 294.360706 116.0185771 120.486516 0 128.127011 0 0 0 557.5415569 0 0 129.6718409 0 218.2426578 0 0 126.4229314 0 102.9787765 0 0 0 194.6943687 0 300.6974141 120.8780884 317.2288994 122.2827524 128.2459316 0 338.1403371 0 0 0 
56.35312993 118.3589061 0 138.4216732 61.6092464 110.1893759 93.78759954 374.2036987 0 115.476768 0 0 0 0 0 0 0 101.4298975 0 0 199.1817755 115.9404865 60.81664786 57.01748747 174.8120015 0 0 99.2310484 410.3166204 0 0 0 0 121.8481191 107.4830807 227.0606774 89.10734003 0 0 126.5366413 103.5132269 120.8729915 111.2677381 84.27097197 0 764.4216218 113.7155576 0 118.9686533 0 0 0 224.5977524 0 63.14861141 104.6103392 0 290.804095 0 0 352.0325966 0 139.0766963 0 250.8129442 104.4456501 114.7531166 335.8308355 0 220.766162 0 0 0 0 0 73.49875227 0 0 257.1803985 126.4941737 131.2157496 221.8796912 21.45730724 0 375.5344971 0 0 0 0 0 
0 211.7377509 125.1700986 113.8445356 637.4021368 0 0 0 0 114.6832878 0 0 122.3463258 0 0 0 240.4890875 0 0 0 0 0 0 0 93.70403549 0 139.9567951 120.5429208 105.8654255 0 0 0 391.9943776 0 210.4014871 0 0 0 0 0 0 379.5186038 104.5796231 0 308.6592411 0 0 219.9874899 0 354.5049746 381.9256817 249.9217747 0 0 0 184.6747132 0 0 0 0 0 242.2192262 123.2041852 131.9481535 0 189.5721505 0 78.17655428 0 0 95.34162156 0 0 127.2031695 567.8725922 0 0 0 141.2882845 311.7611624 0 122.1843866 0 134.5331844 96.75222158 0 117.1795708 0 0 124.46776 
497.1196373 0 132.8900992 0 250.248186 77.49227209 227.2718529 131.0812339 0 0 0 104.1362729 0 222.800529 78.77403788 353.2426922 0 109.262883 124.7379132 276.9298252 0 263.9375723 63.27544218 0 0 0 100.277285 478.9835966 302.1868166 139.7748955 58.3098596 122.6069876 0 0 385.2870305 450.7147353 220.1074275 0 0 166.9876081 0 0 313.2403046 0 0 0 0 271.5363331 109.0037102 0 0 363.8849797 143.7051454 304.9935876 0 0 0 113.645021 186.5958141 0 0 0 0 0 194.9979072 0 196.991672 0 0 0 287.8229295 32.79233675 0 0 0 301.4883399 0 67.68133336 0 127.9818435 108.9328225 0 220.9872696 0 0 0 55.37048848 0 379.6649305 0 
100.3681007 103.8740863 0 0 0 252.9883302 64.69575377 110.8025691 0 0 0 64.40398286 121.9985406 0 126.8339456 0 0 119.191706 132.5874766 317.3723198 207.4572955 0 0 0 0 124.2666949 0 63.67987148 91.62394235 93.06240276 202.8134466 280.005453 688.173384 294.5674061 122.9105797 0 0 0 137.8389906 0 61.35571349 47.40964874 110.0898565 0 0 74.43345913 131.4232712 0 218.1067812 0 0 0 108.0054262 0 243.5409545 0 276.2260449 490.8243618 0 223.744975 0 0 0 130.1004892 25.81773713 0 131.9223288 0 0 0 0 93.20351554 0 0 134.8469542 49.60409765 0 73.94033554 329.2553905 0 0 0 0 146.3812873 123.8134566 0 0 48.28477919 339.9036198 0 
0 0 67.27915079 0 0 0 376.3129498 228.0203493 316.0135171 0 142.8578042 118.7528807 0 0 492.0932796 352.9862171 121.1087117 0 412.307642 139.8920241 0 0 0 0 353.1976961 0 0 635.132378 277.3881695 160.4958547 368.3256667 0 0 0 154.7649466 262.8889502 44.88892214 0 0 188.7413843 55.59041132 149.7004859 0 248.8907042 100.2201073 241.91757 0 0 0 254.379574 235.6802698 0 0 109.9425693 65.69759636 108.6180495 126.2837189 0 131.4419685 129.6998748 95.35221072 0 243.936072 0 110.1590606 141.4126978 90.46808263 381.9611979 95.84000344 132.4149262 0 171.8868332 173.001163 195.9930203 176.4182363 0 81.68814861 236.766835 396.8684707 303.2176334 248.8661945 0 0 0 235.147605 120.048329 467.0727318 0 96.27700847 365.0684512 
108.6104566 0 0 75.27404015 250.8538537 219.0226779 181.6445766 0 358.8697344 122.418638 293.30206 408.3899901 281.9851439 0 123.7686254 0 0 230.8424179 251.2258713 33.61770128 80.68003442 255.7759923 0 0 175.0442294 0 0 202.4593123 0 0 0 119.3619387 0 126.4197035 431.3930284 118.9562243 111.7750861 254.4600353 0 180.9215223 0 339.0768175 0 0 0 0 0 0 269.9183251 0 0 0 336.2178406 0 0 378.6103276 417.262822 0 0 327.9913396 0 121.7957467 0 151.8139142 0 0 0 316.4948781 275.5452179 504.7035376 0 0 562.6264636 142.8637987 0 0 0 135.068194 0 0 0 400.7276555 0 0 0 0 0 305.9606533 0 108.9949824 
0 0 358.5823681 0 0 295.7507819 0 0 0 321.6600982 123.5283496 0 0 118.1451503 398.2064028 0 129.9517866 0 134.3870167 124.9283207 161.4803256 76.12489756 0 0 0 0 227.80732 0 0 0 131.8238551 112.1134861 0 0 144.2988543 0 351.4902044 0 0 251.4122647 119.1845057 124.057825 141.0961106 285.5613482 0 0 0 125.3274028 0 0 0 159.2714355 0 346.6549738 227.2042723 0 111.9726828 0 366.2013792 250.061104 341.7350806 0 117.9212042 0 0 0 0 220.1965845 499.7647751 149.1485839 0 0 0 136.9766569 0 128.9596785 0 0 284.2357454 0 199.2615428 0 297.1035402 0 135.4971088 121.5662025 76.07856076 0 283.4372777 0 
310.7867383 196.2495671 0 108.0496057 297.7476278 0 0 0 0 0 0 0 0 195.8225229 134.816572 372.4188622 0 0 70.92771919 0 0 0 233.9763326 0 127.5140988 189.3194246 201.678428 0 81.84356202 146.9043556 425.1475036 229.3321187 0 0 88.42889793 272.1372574 0 0 0 143.2675844 136.8472953 106.3465527 0 0 128.3404942 0 340.4529333 0 110.6181116 0 0 0 0 205.9807045 0 339.6899714 0 638.4092215 0 159.7052876 0 0 323.3885793 0 0 245.4397912 75.0933678 110.1798454 102.2831096 120.2714756 137.9017794 0 161.961353 0 0 125.8687484 0 135.1774318 0 0 47.61054363 0 145.8194698 0 124.6743711 0 0 0 0 0 
357.6823533 0 0 0 0 0 0 335.928396 0 0 0 0 340.3157925 0 0 492.944379 153.1217971 0 134.4082971 124.6496253 99.44234099 0 0 256.3454442 0 0 0 641.1520134 0 83.52892928 197.3092533 0 124.9734066 234.9096402 113.6533159 83.15008095 328.0808653 0 127.9528778 107.8050939 0 0 0 121.0620524 179.7077877 811.6300021 0 0 0 166.8635265 136.34245 610.2821311 436.2621723 138.2522872 472.2890103 0 0 407.5849406 0 143.334631 0 0 0 0 114.6829245 0 0 199.0101518 0 741.4700496 0 0 145.3589188 0 0 0 237.1309562 255.1657785 170.5676325 233.0879576 0 0 0 0 0 0 0 0 131.8679022 97.06725405 
0 185.570474 0 0 0 331.6237825 80.0976577 522.3627643 121.8588105 170.4843141 0 411.1507897 96.72292246 0 0 352.2505336 0 395.1279 0 256.7813965 103.4048852 139.7070828 247.0115364 114.3099014 0 310.4200581 109.1101816 125.6831816 0 143.9485845 0 0 0 466.0467391 0 0 317.6210751 0 0 0 128.8361891 0 297.7686908 0 0 414.4812497 80.6502202 0 0 313.6044271 19.27882546 284.1274951 112.920463 0 110.8026949 0 0 142.0808318 270.4199757 63.71613618 0 0 0 0 0 78.52427993 288.6525632 0 0 0 128.954063 100.8193424 0 0 136.8445263 0 0 122.2435734 0 0 0 0 0 0 0 171.107494 0 0 0 0 
0 0 0 30.02264378 89.48645211 0 63.0177347 552.8650648 428.7105368 540.0605369 0 0 0 159.6602374 0 0 250.0899352 0 0 244.0983794 0 0 0 156.6624008 403.4547211 0 0 104.6142088 0 285.3490832 137.7537556 0 159.0662382 305.9174574 352.5176545 107.9606592 0 128.8552535 0 94.56638944 0 0 0 47.6663815 157.8876003 0 131.1985138 0 119.7152911 0 140.8042724 0 135.9939149 0 0 0 0 0 242.4054463 0 130.3127924 73.52146996 659.0001201 337.507979 0 248.8236089 104.5041411 99.87552702 0 132.006434 0 0 0 0 0 0 451.3743013 0 0 0 0 0 0 137.1970224 138.2063815 0 0 0 147.740246 86.27048054 
0 0 0 303.1112317 0 127.9813416 260.4975412 347.23743 519.1058945 0 0 71.77294148 449.6912335 0 124.5016827 150.580819 0 81.51968382 172.6357124 161.076031 0 0 480.8788741 328.1603255 475.8058128 0 141.4046381 135.1989682 0 0 246.1660688 137.3041348 486.5830537 121.3156359 0 0 197.9644686 0 170.4592515 372.0563761 564.2736832 0 207.5136722 228.5581255 321.2682523 221.2587389 0 0 87.66218219 123.7151586 328.1466074 0 544.722171 64.33418996 330.7946946 183.5854733 173.6382061 77.43623069 103.3354519 135.3884996 488.5063298 166.1299002 0 378.6303483 0 185.1267699 152.5063299 0 0 0 0 0 0 173.9873576 0 0 194.3190651 121.9392158 0 0 216.6421797 103.9692571 148.2075714 140.8422479 0 156.0161467 0 0 195.8645481 0 
245.3902039 101.2372201 52.30976344 283.1762305 0 137.6550516 0 0 0 0 0 0 372.9787732 15.73819347 0 140.8626862 0 231.9441282 0 0 0 125.266855 106.6334443 181.5054855 274.3277059 147.6235582 0 0 0 128.2780141 84.24374153 0 173.7527171 101.1565168 65.33810077 0 0 0 0 165.7210707 0 181.8690384 118.4480753 372.0287857 125.3171351 151.4854078 388.1855846 0 159.6961897 0 0 256.6599275 0 0 237.3903761 0 0 0 0 20.54111942 118.7605917 0 0 117.2395352 0 99.29851952 373.8002828 0 0 86.17376711 0 0 153.0747523 66.69725055 0 0 224.3772443 0 0 149.6333432 385.768121 0 0 114.97089 0 0 0 0 0 141.669493 
0 91.53499063 237.6706533 0 324.9659437 0 153.5064875 253.6284856 263.5462623 117.7857327 296.2670052 0 0 0 0 266.584944 147.7327301 0 160.8576235 96.66189972 169.1610527 73.92064876 0 0 239.8812555 0 287.1744378 0 363.9563456 0 0 0 0 320.353637 0 347.8090315 0 0 158.1537053 0 286.6687158 0 159.8257807 167.8164464 489.4530779 0 0 0 0 0 120.1704752 0 96.00444312 152.6165262 258.9172628 0 0 0 446.0170532 410.7413248 0 0 0 0 192.056129 81.48680014 133.5843971 0 0 0 121.6351495 0 94.28183564 0 213.3087841 0 43.84134581 0 0 127.7280453 0 0 0 0 389.8118752 0 0 114.3467504 0 113.5276631 
0 0 0 255.5682841 0 0 124.4761023 0 140.8843846 0 102.4725411 0 0 0 0 0 0 104.4822881 0 172.8228627 0 103.081896 0 155.8690337 0 473.644492 122.4346343 0 127.4758337 0 242.6990115 0 155.8125447 135.4437385 0 0 217.9668808 142.5612997 0 0 148.3166936 142.3902497 146.0037803 0 0 0 0 98.46283596 37.77134947 0 0 0 0 0 0 0 0 0 184.9807475 0 0 121.8558652 0 0 0 242.5986171 0 289.6297677 120.3265372 0 0 0 0 0 135.054694 154.8549389 0 0 129.8759848 0 0 0 103.5224623 101.9661398 0 0 100.734813 62.9122562 135.4807638 0 
363.8366921 126.5342628 0 278.6415966 0 354.5950841 0 0 0 0 0 359.3164917 0 0 0 0 0 0 0 0 0 159.5272425 79.2608849 0 198.3816403 395.1520461 0 0 136.2324003 0 308.6001079 0 0 104.6506884 102.8072048 0 131.3587609 0 129.4922527 0 0 221.9672404 0 0 0 75.26469156 613.9299747 0 0 132.3893075 156.5992194 0 0 255.2986077 0 108.1181707 0 129.2310279 128.0933094 0 0 0 0 204.536026 112.1380549 73.54029767 469.8253531 384.3667103 0 0 0 130.4667648 0 116.4898041 0 134.9743602 0 0 0 0 0 362.1967972 252.7697167 0 160.4547916 0 0 0 0 0 
327.6024848 182.0031813 0 134.9665882 0 0 296.732804 0 0 0 328.8547516 0 0 0 120.8939741 133.4031594 161.5608239 207.7635071 0 0 0 0 276.6174543 0 0 0 0 0 411.8474268 0 0 0 488.5233962 102.0509913 0 77.86815384 177.357132 0 0 0 0 0 0 0 149.6240022 371.3654891 1042.20875 128.9780564 144.0150744 0 0 431.567716 135.1555835 0 178.1119438 0 83.32946266 102.6595629 0 0 393.3670839 0 153.2172653 0 0 0 133.9870873 95.34497412 187.8512016 165.583061 300.5902555 0 70.53538554 0 154.3790324 155.349184 0 125.9419026 148.8842231 0 134.0137504 254.9210994 0 0 0 0 0 0 0 0 
125.8006825 175.5612098 0 330.7374159 154.802969 0 0 0 0 0 83.43284829 81.00169274 142.798189 0 0 94.39268053 0 0 0 300.5927306 0 0 338.4155344 0 0 167.625214 399.1529995 512.974208 0 0 181.7985182 163.989904 0 0 113.5895074 0 0 300.4440394 0 0 114.3364087 0 71.99592511 0 47.3028215 123.8669051 33.19243641 149.8368833 518.2872971 145.7379094 0 146.0367432 182.6932327 0 0 172.8886508 132.2322155 76.4916187 0 101.5558198 0 175.3030016 0 0 145.0822222 129.6129712 118.5510151 0 498.3863449 369.1536742 0 377.4419585 133.7914983 240.6913478 0 71.38386055 0 146.6370469 281.5718041 157.625511 0 72.42210613 0 0 0 0 0 0 0 0 
0 0 0 0 0 0 0 0 140.5887749 0 0 184.8535532 47.57759202 167.64647 131.250531 0 235.2196514 0 164.0526475 0 555.3990511 185.2224604 147.5636883 0 375.0156162 61.43649618 55.11509054 130.4380519 0 154.9003405 227.84197 0 0 0 0 136.0508077 743.6310363 192.9143072 158.5282786 0 0 184.5030846 132.9047774 173.3251362 0 0 485.9372588 0 0 0 212.5701685 146.3226069 327.0539432 0 0 0 0 368.0356058 0 0 0 213.0401237 0 0 130.5052435 0 117.9275156 89.02771153 0 0 0 0 410.8849243 0 623.7620137 89.87470536 0 0 0 0 0 0 265.7710483 274.5622404 0 300.4332736 125.6552576 0 0 165.0342363 
6.343302674 156.1737488 0 0 0 151.5743733 0 135.4725445 0 143.8983295 118.5890441 87.97702004 129.0290124 0 0 373.0841397 143.5810557 0 0 0 0 144.2777657 449.7608156 0 0 0 148.6227649 0 0 156.2356988 0 0 0 602.3737881 91.68586474 0 113.8436184 0 0 0 0 132.85696 0 0 222.9010277 131.2358163 72.53886866 0 27.81122448 0 0 0 81.85139739 0 172.2075726 376.5908396 0 0 188.7246635 0 0 0 0 0 139.5892651 277.2374726 0 0 0 563.2082573 0 159.6901531 50.70010996 191.1050941 0 158.8860182 0 0 268.6795628 0 149.4756337 116.316815 139.6671165 82.51256981 0 0 0 0 153.8904423 0 
0 287.7581506 0 0 0 0 166.3590113 0 121.255731 0 0 626.0309897 0 0 197.3435412 0 0 0 70.98715595 148.4664576 0 0 0 0 140.9633029 0 160.6848318 0 130.6519979 0 0 0 0 149.6259545 0 0 240.3055377 156.4232079 0 0 187.0132408 0 0 0 0 268.9813077 134.5241128 182.4221327 158.4804908 72.57445689 353.0448137 282.2830455 0 0 0 175.0742371 17.11915103 0 0 0 0 0 207.3908961 0 0 263.918893 338.3730627 0 105.2834001 0 0 0 0 0 116.4691608 140.4750686 424.6540812 117.2263244 230.1860027 0 0 0 0 0 274.2771118 186.7208473 154.6639647 115.2270867 117.9895175 0 
130.5334815 532.8531328 0 0 0 172.2452972 214.7313765 92.22357075 0 0 128.0740432 0 0 0 0 140.5727136 0 0 246.6450063 0 0 0 126.8918586 0 89.42399465 123.632188 295.9418924 0 0 0 125.7159804 0 360.0637031 150.0054196 0 82.74882331 0 77.74579831 0 0 173.8179942 0 309.6312479 0 0 138.1288714 0 292.223795 0 210.1846821 115.1872105 150.5304151 0 0 171.4006317 0 52.80770716 0 166.4178714 0 220.5700965 0 0 86.20156986 0 243.2253071 332.6609358 140.5463619 150.6807933 103.2436672 0 0 0 218.1182626 0 0 0 192.1723419 0 0 0 0 166.880517 0 125.5952751 325.5241034 252.3618462 126.3618454 0 0 
358.1463368 82.85461106 0 155.7699541 120.5577429 0 0 0 0 0 0 116.3302431 0 369.878939 0 165.4310279 0 0 138.5718296 565.8322805 0 0 0 55.52802736 258.5020079 54.09045088 167.212734 0 213.7740417 0 0 0 108.3234804 0 0 154.9937439 0 0 214.4605915 169.3749261 214.9450698 0 304.3922807 0 65.63088148 0 145.2135276 0 0 116.9777704 0 0 0 0 0 0 320.3889495 0 0 0 184.0101612 241.2308846 0 138.7437765 0 369.449411 94.95707429 144.8653085 0 0 0 0 144.4674138 183.0770272 0 454.130576 0 0 63.03836242 0 0 136.5805219 0 159.8630833 114.6517628 0 0 0 426.2511043 0 
0 0 0 30.76128136 36.29174719 0 441.8247152 98.57024931 0 0 179.4751794 0 165.1937489 292.021115 0 0 0 0 0 155.0314797 180.6098789 0 0 117.5849416 201.6927275 254.3125154 0 0 0 74.36193531 411.2937889 0 0 220.8340197 224.0623533 133.3679546 144.6722293 248.0443207 126.771569 0 143.9389652 441.7694483 0 0 0 238.4671291 154.2417943 0 0 125.0749234 0 0 193.9927676 103.9615321 0 0 236.2118948 0 617.959162 0 0 481.2621266 0 414.1041068 0 0 133.7497682 0 109.5111955 318.5951137 0 0 0 492.5800497 0 238.9385406 0 0 0 0 141.142906 0 0 0 0 105.4063194 0 0 0 120.2669195 
57.91552178 0 0 0 356.412418 0 79.9366807 27.22429856 0 0 139.0703786 223.8454879 0 148.9156629 0 0 0 0 0 0 0 164.3529665 292.8387752 0 333.9941317 443.9256467 0 0 0 301.2992276 0 0 0 446.8276857 0 202.2052854 247.899877 0 158.4094975 0 0 0 0 407.9759511 128.37677 0 291.8756248 0 0 0 183.6486446 0 777.3557941 0 157.6218446 0 410.7505062 0 126.0574524 0 0 0 0 0 0 0 0 69.02999638 0 0 0 69.03387864 246.7254288 133.5812782 0 350.6688663 305.2227137 0 156.3311142 0 106.9375725 0 238.3404446 0 87.32557148 0 80.62970398 318.6471167 120.4888392 0 
0 0 0 0 0 0 0 0 62.2046024 0 389.0656578 0 0 0 200.965713 58.16582773 187.296599 0 0 132.5666974 74.45432721 168.9798392 0 374.7952259 0 472.7445593 0 305.0730482 0 0 140.8872435 142.6550979 420.1568869 0 0 0 233.6979486 227.8976561 169.4192901 0 171.5323763 0 0 300.8647159 0 0 0 366.4918013 0 163.0469758 0 0 0 0 0 156.5407264 213.5461063 239.597254 295.2284222 0 0 0 0 0 207.1636748 171.8259217 0 0 424.4058447 0 132.4510091 75.9268553 250.3626193 0 0 0 0 0 0 0 0 0 119.7276344 0 174.1642284 0 358.6226543 0 237.7298151 0 
182.0382894 0 611.9496285 0 0 148.4394606 0 167.3102653 0 314.9774188 0 0 0 208.540027 0 0 414.7445406 85.28314286 0 28.92090927 121.161317 0 0 140.2988428 0 223.4813021 0 239.9359088 0 0 0 142.5561694 0 172.1883468 0 0 0 328.3777989 152.7017337 0 55.29733529 0 0 438.5675754 0 196.6580173 0 0 0 0 0 0 0 0 0 188.9225485 0 134.1365011 98.56731118 0 0 0 104.9919278 0 123.8533229 0 174.5508813 176.4444565 219.4223515 133.4018078 161.0279305 160.1954607 0 138.1626671 150.640235 0 0 0 191.7840521 0 148.141904 0 0 0 151.2807688 153.2426108 124.0012599 82.61692277 0 0 
0 0 284.2765036 0 0 0 0 0 0 129.2341787 0 122.5959655 0 0 0 0 0 0 0 390.4389821 0 164.0539439 0 0 0 207.8273716 112.1809573 161.2287679 350.9738491 133.6224288 207.4393188 236.8946353 0 0 139.7888699 184.4845528 110.322849 0 0 163.9105743 0 491.9508261 55.88272331 132.252958 376.4294394 0 168.9692025 123.2711938 563.2532396 0 116.1112461 0 0 0 0 145.0617057 0 0 187.5297477 249.010948 186.6810502 0 181.0825339 0 0 425.112111 0 0 0 0 0 0 161.2723575 0 0 213.8265624 0 149.3126657 0 0 261.662305 0 0 189.4071961 0 334.2085061 0 406.5953195 175.0268589 0 
0 0 0 0 151.6704078 151.0688475 0 0 0 139.5189981 185.2377129 92.01854828 0 0 103.5884464 0 66.98765537 0 0 0 0 0 0 0 0 0 0 0 0 0 0 0 168.2578647 0 127.2520334 0 0 0 0 0 0 323.6529065 0 0 0 0 142.7057497 97.58939835 0 642.9693789 152.5222394 0 0 188.4377169 218.0743589 0 0 146.0940899 0 0 0 0 0 0 0 178.8722731 209.8290862 150.7984732 0 0 0 164.6745255 0 0 0 163.4973856 0 0 0 0 139.7545648 0 0 0 0 301.081692 0 0 104.9139914 91.46051065 
144.9273833 0 0 147.0391119 0 164.5762389 569.8339029 621.8593935 241.6849784 163.2978628 0 0 0 147.9821825 0 113.2523323 0 0 0 0 250.0763032 0 191.1380859 0 297.5791248 70.53504519 375.7474092 0 0 111.6349618 126.8829987 0 0 147.7220954 0 265.2438964 0 148.6578386 0 140.4278285 225.8423761 0 0 335.1781594 0 0 0 0 0 0 0 0 0 0 0 0 158.0809736 0 0 162.0311339 0 0 278.2236507 0 0 0 180.2232127 0 0 0 0 0 0 0 0 0 215.46794 0 0 0 0 0 0 0 0 0 0 440.1581195 0 0 
9.060121947 71.40030709 226.8286706 38.27065873 0 0 0 0 0 0 167.8105683 143.2542577 0 54.81392043 332.6046039 0 165.2468333 0 0 0 224.9107592 0 576.5630418 240.1397897 61.80353345 176.073988 0 0 0 0 0 0 0 0 0 0 0 0 162.3615117 0 0 395.5225287 0 0 216.1432132 0 0 0 0 0 0 143.9099826 0 194.1230833 0 0 234.4685557 85.57395074 0 0 0 0 248.1125972 0 105.6844546 0 193.1276451 0 0 0 197.7995317 246.2233641 0 0 196.5354596 0 0 0 0 0 0 0 0 0 0 131.5249895 0 0 0 0 
0 0 0 0 0 0 0 0 0 0 15.58049373 0 813.6252671 0 0 0 119.7110568 0 0 0 0 0 251.222136 0 0 0 72.5333427 0 142.0340462 153.4771083 0 150.5243961 0 0 474.8623692 0 368.1787975 0 0 0 118.4257719 96.49997307 0 550.1908895 0 0 0 0 329.3013194 0 0 0 0 0 118.0925076 44.22603089 0 0 0 0 0 0 0 0 0 0 0 110.723216 0 0 287.9199567 0 0 0 0 0 0 318.9301007 0 0 0 382.0215314 249.823421 0 0 0 0 0 0 0 
0 0 186.0192142 0 0 0 0 0 0 0 0 0 0 0 535.8819365 137.7960423 531.1266342 0 0 0 0 0 0 0 193.159104 0 22.60246726 0 171.3736233 155.0935226 199.4261054 0 0 66.3286028 282.7317604 109.2836983 0 150.990489 33.18626992 0 0 0 0 320.112163 0 0 0 0 0 0 439.882766 0 0 0 0 0 0 0 0 0 189.1179927 0 0 0 0 168.2365145 0 0 0 360.7477455 0 0 0 0 336.274201 0 0 0 0 0 0 0 0 0 148.9714608 0 183.1575857 0 0 0 
0 0 0 0 0 0 0 0 0 208.8953933 170.9891902 0 0 0 0 0 0 0 221.35352 0 0 0 365.1388319 0 107.864459 0 0 0 194.7426535 0 0 0 0 0 0 0 0 160.4915782 0 246.6783763 0 0 0 0 0 0 0 0 94.42901869 237.2265368 0 0 0 0 0 0 0 0 0 0 0 276.9154827 165.4010107 0 0 0 0 0 0 0 0 0 0 0 0 0 0 0 0 358.0735381 0 0 0 0 0 0 0 0 0 0 
193.0598817 0 0 0 0 194.3633914 0 0 0 0 0 0 0 0 0 0 0 0 0 0 0 0 0 0 0 203.3358032 0 0 0 0 0 0 202.4600254 0 0 0 0 0 0 0 0 0 0 0 0 147.6074018 0 40.09934904 177.967829 0 165.9520882 0 0 0 0 0 0 0 0 0 0 0 0 0 0 0 0 0 181.5540733 0 0 228.4623294 215.4350249 0 0 0 0 0 0 0 0 0 0 0 0 199.4146447 0 0 0 0 
0 0 0 0 0 187.554007 118.2931378 0 0 198.494072 0 0 0 0 0 0 0 0 0 0 0 0 0 0 0 0 0 0 0 0 0 0 0 0 203.6553866 0 0 0 0 0 0 0 0 0 0 0 0 0 0 0 0 110.9463663 0 0 0 0 0 0 0 0 148.2658965 0 0 0 0 0 198.2779809 0 0 0 0 0 0 0 0 0 0 0 0 0 0 0 0 0 0 0 0 0 0 0 
0 209.8433604 0 0 0 0 0 0 163.3406883 0 0 286.4681762 0 80.31265825 0 0 193.5517728 0 0 0 0 0 0 258.8044983 0 0 0 0 0 0 0 0 0 0 63.41797447 0 0 0 0 0 0 0 0 0 0 0 0 0 0 0 0 0 0 0 0 0 0 0 0 0 0 0 0 272.3681384 0 0 0 0 0 0 0 0 0 0 0 0 0 0 0 0 0 0 0 0 0 0 0 0 0 0 
0 0 0 0 0 0 0 0 0 0 0 0 0 0 0 0 0 0 0 0 0 0 250.7319041 0 0 0 0 0 214.6558207 0 0 0 121.7304752 0 0 0 0 267.4236249 0 0 217.0545855 0 0 0 117.5298021 0 92.1174114 0 0 0 215.1468129 0 0 0 0 0 153.7906149 0 0 0 0 0 0 0 150.1394345 0 0 0 0 0 0 0 0 0 0 0 0 0 0 0 0 0 0 0 0 0 0 0 0 0 
0 0 0 0 0 0 0 0 0 0 0 143.5711934 0 0 0 0 0 0 0 236.6027914 0 0 0 0 0 0 0 0 0 0 0 0 121.5535504 0 0 0 0 0 0 0 0 0 0 0 0 0 0 0 0 0 0 0 0 0 0 0 0 0 0 0 0 0 0 0 0 0 0 0 0 0 0 0 0 0 0 0 0 0 0 0 0 0 0 0 0 0 0 0 0 0 
0 0 0 194.892953 0 0 0 0 0 0 0 0 0 0 0 0 0 0 0 0 0 0 0 0 0 0 0 0 0 0 0 0 0 0 0 0 0 0 0 0 0 0 0 179.2832218 0 0 0 0 0 0 0 0 0 0 0 0 0 0 0 0 0 0 0 0 0 0 0 0 0 0 0 0 0 0 0 0 0 0 0 0 0 0 0 0 0 0 0 0 0 0 
0 0 0 0 0 0 0 0 298.784477 0 0 0 0 0 0 0 0 0 0 0 0 0 0 0 285.1278667 0 0 0 0 0 0 0 0 0 0 0 0 0 0 0 0 0 0 0 0 0 0 0 0 0 0 0 0 0 0 0 0 0 0 0 0 0 0 0 0 0 0 0 0 0 0 0 0 0 0 0 0 0 0 0 0 0 0 0 0 0 0 0 0 0 
65.13619544 0 45.2297594 0 0 0 0 0 0 0 0 0 0 0 118.5153013 0 0 0 0 0 0 0 0 0 0 0 0 0 0 0 0 0 0 0 0 0 0 0 0 0 0 0 0 0 0 0 0 0 0 0 0 0 0 0 0 0 0 0 0 0 0 0 0 0 0 0 0 0 0 0 0 0 0 0 0 0 0 0 0 0 0 0 0 0 0 0 0 0 0 0 
0 0 0 0 0 0 0 0 0 0 0 254.2786486 0 0 0 0 0 0 0 0 0 0 0 0 0 0 0 0 0 0 0 0 0 0 0 0 0 0 0 0 0 0 0 0 0 0 0 0 0 0 0 0 0 0 0 0 0 0 0 0 0 0 0 0 0 0 0 0 0 0 0 0 0 0 0 0 0 0 0 0 0 0 0 0 0 0 0 0 0 0 
0 0 0 0 0 0 0 0 0 0 0 0 0 0 0 0 0 0 0 0 0 0 0 0 0 0 0 0 0 0 0 0 0 0 0 0 0 0 0 0 0 0 0 0 0 0 0 0 0 0 0 0 0 0 0 0 0 0 0 0 0 0 0 0 0 0 0 0 0 0 0 0 0 0 0 0 0 0 0 0 0 0 0 0 0 0 0 0 0 0 
0 0 0 0 0 0 0 0 0 0 0 0 0 0 0 0 0 0 0 0 0 0 0 0 0 0 0 0 0 0 0 0 0 0 0 0 0 0 0 0 0 0 0 0 0 0 0 0 0 0 0 0 0 0 0 0 0 0 0 0 0 0 0 0 0 0 0 0 0 0 0 0 0 0 0 0 0 0 0 0 0 0 0 0 0 0 0 0 0 0 
0 0 0 0 0 0 0 0 0 0 240.2865281 0 0 0 0 0 0 0 0 0 0 0 0 0 0 0 0 0 0 0 0 0 0 0 0 0 0 0 0 0 0 0 0 0 0 0 0 0 0 0 0 0 0 0 0 0 0 0 0 0 0 0 0 0 0 0 0 0 0 0 0 0 0 0 0 0 0 0 0 0 0 0 0 0 0 0 0 0 0 0 
0 0 0 0 0 0 0 0 0 0 0 0 0 0 0 0 0 0 0 0 0 0 0 0 0 0 0 0 0 0 0 0 0 0 0 0 0 0 0 0 0 0 0 0 0 0 0 0 0 0 0 0 0 0 0 0 0 0 0 0 0 0 0 0 0 0 0 0 0 0 0 0 0 0 0 0 0 0 0 0 0 0 0 0 0 0 0 0 0 0 
0 0 0 0 0 0 0 0 0 0 0 0 0 0 0 0 0 0 0 0 0 0 0 0 0 0 0 0 0 0 0 0 0 0 0 0 0 0 0 0 0 0 0 0 0 0 0 0 0 0 0 0 0 0 0 0 0 0 0 0 0 0 0 0 0 0 0 0 0 0 0 0 0 0 0 0 0 0 0 0 0 0 0 0 0 0 0 0 0 0 
0 0 0 0 0 0 0 0 0 0 0 0 0 0 0 0 0 0 0 0 0 0 0 0 0 0 0 0 0 0 0 0 0 0 0 0 0 0 0 0 0 0 0 0 0 0 0 0 0 0 0 0 0 0 0 0 0 0 0 0 0 0 0 0 0 0 0 0 0 0 0 0 0 0 0 0 0 0 0 0 0 0 0 0 0 0 0 0 0 0 
0 0 0 0 0 0 0 0 0 0 0 0 0 0 0 0 0 0 0 0 0 0 0 0 0 0 0 0 0 0 0 0 0 0 0 0 0 0 0 0 0 0 0 0 0 0 0 0 0 0 0 0 0 0 0 0 0 0 0 0 0 0 0 0 0 0 0 0 0 0 0 0 0 0 0 0 0 0 0 0 0 0 0 0 0 0 0 0 0 0 
0 0 0 0 0 0 0 0 0 0 0 0 0 0 0 0 0 0 0 0 0 0 0 0 0 0 0 0 0 0 0 0 0 0 0 0 0 0 0 0 0 0 0 0 0 0 0 0 0 0 0 0 0 0 0 0 0 0 0 0 0 0 0 0 0 0 0 0 0 0 0 0 0 0 0 0 0 0 0 0 0 0 0 0 0 0 0 0 0 0 
0 0 0 0 0 0 0 0 0 0 0 0 0 0 0 0 0 0 0 0 0 0 0 0 0 0 0 0 0 0 0 0 0 0 0 0 0 0 0 0 0 0 0 0 0 0 0 0 0 0 0 0 0 0 0 0 0 0 0 0 0 0 0 0 0 0 0 0 0 0 0 0 0 0 0 0 0 0 0 0 0 0 0 0 0 0 0 0 0 0 
0 0 0 0 0 0 0 0 0 0 0 0 0 0 0 0 0 0 0 0 0 0 0 0 0 0 0 0 0 0 0 0 0 0 0 0 0 0 0 0 0 0 0 0 0 0 0 0 0 0 0 0 0 0 0 0 0 0 0 0 0 0 0 0 0 0 0 0 0 0 0 0 0 0 0 0 0 0 0 0 0 0 0 0 0 0 0 0 0 0 
0 0 0 0 0 0 0 0 0 0 0 0 0 0 0 0 0 0 0 0 0 0 0 0 0 0 0 0 0 0 0 0 0 0 0 0 0 0 0 0 0 0 0 0 0 0 0 0 0 0 0 0 0 0 0 0 0 0 0 0 0 0 0 0 0 0 0 0 0 0 0 0 0 0 0 0 0 0 0 0 0 0 0 0 0 0 0 0 0 0 
0 0 0 0 0 0 0 0 0 0 0 0 0 0 0 0 0 0 0 0 0 0 0 0 0 0 0 0 0 0 0 0 0 0 0 0 0 0 0 0 0 0 0 0 0 0 0 0 0 0 0 0 0 0 0 0 0 0 0 0 0 0 0 0 0 0 0 0 0 0 0 0 0 0 0 0 0 0 0 0 0 0 0 0 0 0 0 0 0 0 
0 0 0 0 0 0 0 0 0 0 0 0 0 0 0 0 0 0 0 0 0 0 0 0 0 0 0 0 0 0 0 0 0 0 0 0 0 0 0 0 0 0 0 0 0 0 0 0 0 0 0 0 0 0 0 0 0 0 0 0 0 0 0 0 0 0 0 0 0 0 0 0 0 0 0 0 0 0 0 0 0 0 0 0 0 0 0 0 0 0 
0 0 0 0 0 0 0 0 0 0 0 0 0 0 0 0 0 0 0 0 0 0 0 0 0 0 0 0 0 0 0 0 0 0 0 0 0 0 0 0 0 0 0 0 0 0 0 0 0 0 0 0 0 0 0 0 0 0 0 0 0 0 0 0 0 0 0 0 0 0 0 0 0 0 0 0 0 0 0 0 0 0 0 0 0 0 0 0 0 0 
0 0 0 0 0 0 0 0 0 0 0 0 0 0 0 0 0 0 0 0 0 0 0 0 0 0 0 0 0 0 0 0 0 0 0 0 0 0 0 0 0 0 0 0 0 0 0 0 0 0 0 0 0 0 0 0 0 0 0 0 0 0 0 0 0 0 0 0 0 0 0 0 0 0 0 0 0 0 0 0 0 0 0 0 0 0 0 0 0 0 
0 0 0 0 0 0 0 0 0 0 0 0 0 0 0 0 0 0 0 0 0 0 0 0 0 0 0 0 0 0 0 0 0 0 0 0 0 0 0 0 0 0 0 0 0 0 0 0 0 0 0 0 0 0 0 0 0 0 0 0 0 0 0 0 0 0 0 0 0 0 0 0 0 0 0 0 0 0 0 0 0 0 0 0 0 0 0 0 0 0 
0 0 0 0 0 0 0 0 0 0 0 0 0 0 0 0 0 0 0 0 0 0 0 0 0 0 0 0 0 0 0 0 0 0 0 0 0 0 0 0 0 0 0 0 0 0 0 0 0 0 0 0 0 0 0 0 0 0 0 0 0 0 0 0 0 0 0 0 0 0 0 0 0 0 0 0 0 0 0 0 0 0 0 0 0 0 0 0 0 0 
0 0 0 0 0 0 0 0 0 0 0 0 0 0 0 0 0 0 0 0 0 0 0 0 0 0 0 0 0 0 0 0 0 0 0 0 0 0 0 0 0 0 0 0 0 0 0 0 0 0 0 0 0 0 0 0 0 0 0 0 0 0 0 0 0 0 0 0 0 0 0 0 0 0 0 0 0 0 0 0 0 0 0 0 0 0 0 0 0 0 
0 0 0 0 0 0 0 0 0 0 0 0 0 0 0 0 0 0 0 0 0 0 0 0 0 0 0 0 0 0 0 0 0 0 0 0 0 0 0 0 0 0 0 0 0 0 0 0 0 0 0 0 0 0 0 0 0 0 0 0 0 0 0 0 0 0 0 0 0 0 0 0 0 0 0 0 0 0 0 0 0 0 0 0 0 0 0 0 0 0 
0 0 0 0 0 0 0 0 0 0 0 0 0 0 0 0 0 0 0 0 0 0 0 0 0 0 0 0 0 0 0 0 0 0 0 0 0 0 0 0 0 0 0 0 0 0 0 0 0 0 0 0 0 0 0 0 0 0 0 0 0 0 0 0 0 0 0 0 0 0 0 0 0 0 0 0 0 0 0 0 0 0 0 0 0 0 0 0 0 0 
0 0 0 0 0 0 0 0 0 0 0 0 0 0 0 0 0 0 0 0 0 0 0 0 0 0 0 0 0 0 0 0 0 0 0 0 0 0 0 0 0 0 0 0 0 0 0 0 0 0 0 0 0 0 0 0 0 0 0 0 0 0 0 0 0 0 0 0 0 0 0 0 0 0 0 0 0 0 0 0 0 0 0 0 0 0 0 0 0 0 
0 0 0 0 0 0 0 0 0 0 0 0 0 0 0 0 0 0 0 0 0 0 0 0 0 0 0 0 0 0 0 0 0 0 0 0 0 0 0 0 0 0 0 0 0 0 0 0 0 0 0 0 0 0 0 0 0 0 0 0 0 0 0 0 0 0 0 0 0 0 0 0 0 0 0 0 0 0 0 0 0 0 0 0 0 0 0 0 0 0 
0 0 0 0 0 0 0 0 0 0 0 0 0 0 0 0 0 0 0 0 0 0 0 0 0 0 0 0 0 0 0 0 0 0 0 0 0 0 0 0 0 0 0 0 0 0 0 0 0 0 0 0 0 0 0 0 0 0 0 0 0 0 0 0 0 0 0 0 0 0 0 0 0 0 0 0 0 0 0 0 0 0 0 0 0 0 0 0 0 0 
0 0 0 0 0 0 0 0 0 0 0 0 0 0 0 0 0 0 0 0 0 0 0 0 0 0 0 0 0 0 0 0 0 0 0 0 0 0 0 0 0 0 0 0 0 0 0 0 0 0 0 0 0 0 0 0 0 0 0 0 0 0 0 0 0 0 0 0 0 0 0 0 0 0 0 0 0 0 0 0 0 0 0 0 0 0 0 0 0 0 
0 0 0 0 0 0 0 0 0 0 0 0 0 0 0 0 0 0 0 0 0 0 0 0 0 0 0 0 0 0 0 0 0 0 0 0 0 0 0 0 0 0 0 0 0 0 0 0 0 0 0 0 0 0 0 0 0 0 0 0 0 0 0 0 0 0 0 0 0 0 0 0 0 0 0 0 0 0 0 0 0 0 0 0 0 0 0 0 0 0 
# Errors [psd_monitor8/analyser8_psd.dat] I_err:
221.2599901 176.2658289 0 300.5687102 236.9070098 152.7588806 195.3567034 0 191.8098129 0 185.4048549 0 0 0 0 0 201.3074331 0 227.2593861 0 0 200.6948626 0 0 210.0213658 0 134.7929545 0 0 343.1573185 0 143.3080395 279.4695304 0 94.47031877 196.9349118 0 0 0 189.7644818 0 264.9289444 0 0 134.4318504 183.0640333 179.9733668 239.8051305 236.3393771 0 0 178.7054835 0 0 138.9540935 62.12696307 192.092915 135.1424376 0 0 208.3591986 0 52.77448137 173.0361484 221.8359194 0 34.76089337 68.76917454 64.0210286 81.23091752 0 166.461047 129.2236691 0 175.9837628 0 0 73.47159603 0 217.7684462 0 95.20185598 234.2000533 205.1141775 106.1961382 125.8741706 93.42303458 0 0 0 
203.2178366 0 0 0 280.0295392 0 0 233.893818 0 0 278.4012754 0 0 242.0036178 0 78.65798474 0 0 0 0 0 0 310.9769731 0 0 0 385.1897447 277.1709555 0 174.4875961 0 0 183.7254633 42.68307115 140.100732 196.2348517 0 84.14164335 76.55530949 181.3718828 0 0 95.38231351 169.2476553 0 260.7859619 183.8875401 229.5712534 284.9696006 94.25085892 0 0 0 221.3979127 97.16599501 0 199.8031843 80.39910972 0 0 202.3757456 0 222.5692191 338.2162091 0 54.70934002 0 0 0 0 0 112.5483126 0 188.7440967 193.4432622 0 88.72040999 240.761479 0 0 99.14677903 94.5844994 0 136.8566256 0 13.97531551 0 0 0 0 
0 0 0 358.0560128 210.2421484 0 0 137.513267 0 0 0 0 111.0010419 0 129.4693427 180.1780409 0 99.50550815 0 102.5344882 0 0 0 283.3055423 0 196.752697 334.3667581 0 0 169.5727505 172.5984529 228.322636 150.0187708 0 0 0 0 75.46704104 156.0532447 0 0 223.2586584 269.4834642 0 233.5554431 0 0 0 0 100.5191208 45.04359759 318.691152 0 219.3531893 287.6633141 0 0 209.5026492 335.6209377 0 0 0 91.53361768 0 89.55581389 93.26213483 0 140.9765391 193.7984614 318.4933881 69.39963304 0 0 0 213.2954116 82.70999252 43.61157174 70.24941631 77.88128985 91.91483979 0 0 0 206.2268836 79.92379334 145.7882038 0 98.3053303 0 115.6434867 
0 0 0 0 215.7162234 0 0 0 0 0 0 0 0 0 0 182.9680264 62.35731422 0 0 98.4925486 0 132.7403313 197.5461619 102.2919369 62.31316118 73.38254856 0 325.9013909 0 110.4509561 0 0 0 279.0240096 0 189.5864015 217.4326371 0 0 229.7599338 344.5086742 0 0 238.7135001 139.9053475 0 217.1603528 0 0 0 0 0 0 264.0304268 0 140.9223608 0 0 184.5725629 268.6253089 122.5837558 0 0 0 89.47156956 0 274.3023931 226.1636569 278.2245272 0 199.1818667 0 0 93.94986676 59.57363509 75.94147477 0 107.8096542 0 99.94101558 37.31895574 0 0 191.0852227 0 102.0465727 0 0 24.36924454 0 
0 331.3888965 0 195.288459 0 167.1742724 0 290.128248 0 0 0 226.5545409 243.6247093 0 0 0 65.41603957 0 0 0 194.8506068 0 0 0 0 0 0 0 222.1817107 0 0 0 108.6446752 0 0 247.1822378 305.2427216 0 0 0 0 295.6986855 0 294.2994688 194.6123497 0 0 0 0 0 0 0 0 0 0 209.6181849 0 96.47810052 0 92.33700155 196.1950474 0 0 48.61297908 82.94137268 229.7759534 0 0 89.34937831 0 0 130.2613446 0 138.5336738 52.34213345 195.2481113 27.71895015 0 0 0 140.1052047 101.0432142 270.3770264 227.1098818 37.26002272 0 139.8654306 0 95.96826047 0 
0 0 0 0 0 211.0214058 151.9364317 242.1227183 0 0 0 0 0 0 0 165.7892537 232.9492153 272.3507579 0 0 224.8052675 276.4947657 87.80973189 0 0 0 0 0 239.3212903 0 0 153.9553077 0 139.0396376 0 329.1283676 87.11092861 0 0 164.911021 0 0 193.1179059 0 0 209.763369 84.2161213 128.7117744 0 0 145.5659308 154.5557951 81.19538751 0 0 85.05052356 216.4537043 0 69.92814591 0 49.4481277 66.32065959 203.79474 51.6635967 0 0 225.2693094 220.616551 0 0 0 151.1085046 0 0 0 0 151.2656648 0 107.2703937 90.15160549 212.8639248 0 0 0 210.2478998 0 0 36.93743959 0 193.6510002 
0 45.26958045 0 0 175.9256816 181.2282307 0 250.9065132 383.3418196 126.6186356 0 99.81356559 0 0 0 162.1072617 0 0 0 35.70609984 174.4629209 0 0 154.0696249 0 0 95.47775973 251.08924 0 231.9491433 0 0 59.28960849 188.9640829 99.30332881 0 215.892271 102.9380785 0 0 202.089047 149.0436209 0 0 301.0177894 0 244.8633113 0 243.9174939 0 0 55.47623861 120.5430404 101.2707118 0 0 204.3750966 0 20.56887898 149.6073967 0 161.474395 0 182.7872697 0 0 69.66780428 0 211.2443145 233.8894642 56.39776997 0 69.00893412 89.28312856 91.49928091 0 0 0 0 0 0 0 86.36154924 210.2677925 0 98.93729145 218.2442621 53.12884294 0 0 
0 0 0 0 0 394.1831009 166.1435472 0 0 0 0 0 249.7933217 152.8558637 101.1442633 251.7356667 0 418.8883216 0 0 349.4895326 0 145.7423938 180.4630495 0 313.4749166 190.2009068 0 53.4100446 95.98256189 155.4648595 0 0 162.8380679 0 110.7666059 0 81.48236733 0 0 0 0 207.0759733 252.7188812 211.1961098 0 193.6434837 0 57.99431555 103.3407596 350.9378083 0 359.5326198 0 0 0 72.90298595 0 43.33903795 90.19831744 273.8924302 0 0 96.60056043 0 0 249.930042 106.4835089 87.1447947 84.64012597 44.2914067 0 96.25115528 18.38958551 0 0 0 140.8788578 0 0 283.2505913 0 0 0 106.1065697 243.9864513 0 0 0 0 
0 0 0 0 0 0 270.0315602 0 0 0 186.4688896 81.52382523 0 91.30528852 0 0 203.5696942 0 0 249.7415514 0 208.9686124 175.1506789 249.6373336 0 100.6189371 98.49010895 0 282.569037 0 136.9734278 0 0 248.2307178 0 241.3504736 0 0 0 317.8102454 0 0 0 116.8405131 0 124.0775539 230.2633561 72.84720855 88.41658548 132.6770754 0 42.29540972 0 0 108.056429 247.3678798 0 0 0 190.9170437 179.2574166 99.63507988 213.3918899 100.6577921 235.7372471 157.230818 118.8938122 0 0 106.2400389 0 221.3600706 203.7123736 111.4413984 0 0 265.1894829 98.25183741 0 0 84.19717565 210.628281 0 0 0 72.01857135 0 290.6485153 0 122.3153919 
0 275.4652159 102.6889514 0 62.30835977 0 0 250.9179605 0 0 0 0 90.87145519 0 0 0 0 0 68.97009864 0 200.2017843 0 28.52738052 0 98.63132329 0 0 0 111.8176444 207.0523904 174.7151099 0 0 205.7961632 0 0 42.9411074 0 0 0 0 0 87.76962992 0 106.6170802 93.31402159 0 0 105.0700007 113.2015547 0 0 169.5702661 97.11274826 276.877181 0 0 264.7579032 121.0996476 211.4262148 0 51.69795795 177.6254011 129.3189715 295.357942 101.2037272 0 106.4181037 0 0 175.0506251 121.6614891 225.5901012 101.5574889 0 0 0 0 0 0 82.8965092 0 211.7218245 0 223.9407599 0 0 109.8590696 52.42056036 0 
118.8698271 0 0 174.4547563 70.72952611 0 239.0797784 0 0 0 0 213.6090569 0 220.6215965 237.303184 0 0 282.0593919 79.60620323 0 0 0 253.4403414 0 195.7427197 229.5343632 158.4348846 0 206.5734824 230.6451316 330.0412567 0 108.6704449 0 0 0 0 214.5415767 0 0 241.8973729 183.012535 0 230.9482377 225.3859618 0 277.1617868 107.3929206 230.1604342 0 0 78.76462698 201.6903847 0 0 105.0344329 0 0 62.69216761 0 273.2082176 193.5772673 0 98.6607532 188.4368517 281.8856986 46.81526949 0 0 157.2166502 0 50.22857785 0 0 0 94.85089736 0 0 83.47163755 102.7354162 0 0 102.9269214 52.37621998 0 169.6324329 0 107.4360795 165.0588928 0 
195.0567177 0 0 0 225.2037259 0 0 0 0 0 0 0 0 0 238.1407972 390.9661515 0 216.4980828 101.8893049 0 120.6491078 274.3119845 222.1940503 0 0 0 170.0054577 0 0 103.1979556 99.75475191 0 124.6867977 227.391742 97.8460564 0 0 0 0 252.921933 225.5145604 90.23722881 0 0 0 196.6403962 151.8498337 90.60693915 0 0 182.6116908 0 0 0 106.8306325 302.1739416 84.66015562 108.9776406 0 0 0 0 99.59641386 162.7369935 0 0 299.7081139 108.1435866 142.0142923 105.9685873 0 96.63521946 0 75.29031061 0 0 0 0 0 0 56.04746079 0 59.11448176 0 112.5086098 0 0 0 0 30.09035293 
0 100.7518205 209.3570472 0 0 110.4668242 0 0 0 0 0 89.18074398 191.9504781 0 307.1548266 286.9352797 214.5864836 269.7751998 176.9086363 279.1530235 0 107.8639762 0 108.5105548 0 0 66.72646252 232.6905211 268.1048247 0 173.133753 0 92.81516814 174.4212941 231.4935154 0 0 80.04796401 101.8600487 0 57.60249952 0 0 236.4102728 0 345.9970503 0 124.0453747 0 0 0 0 91.11271504 0 103.774758 84.2425818 282.0167371 78.13819535 0 0 73.99238407 106.0293476 148.0340216 102.7418192 0 0 0 61.02323592 133.7429998 119.1291154 0 122.5856525 0 0 0 0 0 122.416401 0 0 0 213.8590513 90.24962953 0 0 261.1393283 0 257.8652825 0 0 
170.2965153 0 0 0 0 0 0 70.78594664 52.01767733 0 101.1662112 0 306.4267186 30.90367125 0 75.74700264 0 0 0 118.9469647 217.9913532 0 0 0 120.8148734 26.19102158 0 106.000724 0 0 95.89609001 102.9137188 0 0 86.56267835 0 66.77489117 0 103.3997447 0 0 163.2443924 0 0 168.8726063 0 323.0381953 0 242.7800903 0 247.4386757 0 120.6499158 295.3375013 0 0 0 91.57593291 0 0 0 93.1969373 0 0 391.1115109 117.0389724 140.9408389 228.7145771 0 103.3474628 133.4626163 0 0 0 0 0 0 0 0 0 154.8625937 0 35.84409346 0 242.9689956 147.6128467 0 117.6572487 100.4134891 168.1530526 
0 0 237.3871133 0 0 0 0 323.8383133 0 0 0 0 0 0 103.7518759 0 0 312.0434428 0 0 0 0 0 0 121.7528455 0 0 0 257.7903767 0 171.5753249 273.5992721 318.7429949 24.3757777 0 0 0 0 0 0 0 257.2392441 0 0 0 294.960396 144.7675636 117.6521893 108.2498559 0 0 0 0 0 0 0 0 0 0 0 0 0 0 54.30147278 92.50873514 119.1849107 111.8368997 112.20328 0 0 0 134.7282333 0 0 0 115.0338204 0 287.2309635 0 103.2685801 0 0 0 0 99.45262159 55.22887827 0 0 0 235.6990798 
243.5805683 122.1974413 0 0 82.19576432 0 228.903707 431.7899699 29.61089747 0 115.1978352 139.5156134 0 0 309.5872105 0 215.9353019 0 0 101.3489305 390.9586551 0 0 0 439.8156347 0 331.3395362 302.2135692 0 0 255.3059455 0 0 0 142.1412791 241.7673525 196.783508 282.8639818 170.8078327 93.97441368 0 0 0 0 0 265.5628481 0 118.7266225 0 240.3005853 0 0 251.8626724 24.98757921 0 0 0 0 100.0483242 266.9589843 0 0 90.1760407 0 343.3780714 226.9381921 173.4129746 0 0 116.2111576 0 117.3809489 148.1216626 101.7642146 0 0 129.1827315 144.3351507 71.7617531 93.48611617 0 0 0 84.81576012 99.27938811 33.19162068 0 118.4969065 249.4279129 0 
247.4161781 0 0 270.8353525 227.0948432 0 344.7901454 209.9859955 0 278.351067 221.8634233 0 0 0 0 43.5009426 0 326.8032133 0 188.2116747 109.1531085 0 0 0 0 0 122.8027154 335.5862522 0 0 207.6418884 113.8278388 367.4328041 63.2334265 0 0 363.5509719 100.1135543 149.975937 223.456022 0 275.931453 124.8849583 0 123.5298756 0 246.9031645 76.58855852 204.7962049 0 0 310.5407361 150.5206745 95.27563382 0 0 99.20144896 120.017979 111.7926516 102.2612931 0 0 98.86237739 0 0 286.257405 126.0166497 289.4952997 228.5813292 0 0 142.0477941 211.5283118 0 0 0 316.2619265 0 407.4911974 0 0 0 246.048365 0 0 0 0 113.9452786 0 185.4790334 
0 0 0 0 244.43324 78.9726107 271.1603627 133.3710807 369.4668023 92.28613221 170.9814104 231.1849412 390.937046 302.031375 231.2941767 243.8293306 0 0 206.1976112 301.7130811 0 238.0054 0 0 0 0 0 99.80612376 99.42835914 0 290.6152073 0 0 223.0353049 0 0 0 134.9129352 110.0519357 223.8265646 293.8916133 176.6486987 0 25.77808577 74.36310687 62.53791447 72.5941676 0 312.1051336 0 0 0 6.798826762 0 118.5908266 125.8013754 73.99517277 0 125.8715093 0 78.45201371 0 0 0 0 95.7538873 0 0 0 0 121.9120106 0 60.1334532 0 121.2443578 0 0 0 0 136.1760434 317.1450737 297.3846452 0 0 0 63.59330704 0 0 0 0 
75.64829409 0 0 309.1004636 0 0 0 99.50354086 0 258.8711799 0 0 0 210.550312 222.2372233 0 0 169.2877354 0 0 0 0 290.0695303 136.6623886 0 0 328.323002 244.020281 52.67487846 395.0326187 117.1826619 0 240.2942123 219.1449616 240.3065117 0 89.07407842 35.9011195 23.4695562 216.7518785 319.6859796 270.5273724 0 0 0 321.547334 0 0 306.9047536 52.43944674 296.7449295 296.8310355 398.0679659 114.1654597 78.19704556 225.6361025 269.9138639 0 0 0 104.8529908 33.16472438 0 0 125.3165799 53.45754738 0 121.6569808 50.89591367 77.48522071 216.3938973 172.4965703 104.9093099 0 0 0 283.5195639 0 0 0 98.29614338 0 0 0 0 104.7407953 305.6454713 0 247.4009483 79.89165142 
0 199.2739945 0 0 0 108.7984546 0 114.6883292 457.9836084 0 0 0 202.0604297 0 0 0 0 237.4366586 163.0872186 115.7389987 298.5045918 245.5591865 0 377.0827034 0 0 90.68061586 109.0158942 302.9785091 198.4105104 59.20748836 111.6009281 82.79510059 228.9809511 34.54741193 0 101.7827118 310.4621927 111.2428228 0 133.7928609 273.1216965 0 0 381.4113891 133.578178 134.560637 0 0 287.4425742 110.2281545 130.6786474 0 0 238.0598987 233.224763 0 0 0 46.49841727 0 153.7704445 0 0 110.302624 0 153.2616623 99.18396764 91.4815262 0 65.19636905 265.2126483 122.7147535 0 0 0 143.134786 0 107.7337308 0 101.2645838 0 132.2092301 0 0 253.2584083 0 0 0 171.8116272 
0 0 208.4441691 120.4533925 0 120.1760991 0 0 246.9395365 0 0 0 287.8706213 323.0499514 0 0 0 276.9325912 0 118.5605328 133.4929546 355.9630162 0 0 0 434.3737472 0 210.2116067 0 175.6734824 89.63764262 0 0 0 356.5187288 0 86.02324631 300.2052315 190.398065 0 119.1677648 156.3332586 0 157.3034806 184.8158695 251.7954463 79.49620261 0 153.5287771 0 0 252.5024328 0 275.3842843 0 112.2000298 138.6825872 0 0 59.49674046 260.2669446 0 0 240.9735799 0 0 0 0 0 263.0466523 0 0 0 94.21522432 288.668882 81.66886839 126.8245459 393.3386318 0 0 0 0 0 168.8941898 61.20432281 362.9333698 174.8207337 144.1973409 0 0 
0 0 0 0 130.4702162 69.40217567 0 0 0 0 64.99144749 104.7333684 0 9.274960552 168.5263942 136.411923 0 0 110.8224599 282.4230109 0 83.33103675 299.3936299 229.5959651 253.7084447 0 0 0 0 242.2595087 236.7865291 139.3429354 84.75349043 0 0 244.321208 0 0 0 0 0 128.4693001 115.1872456 117.9316107 0 0 0 0 0 136.9599718 0 0 258.4597574 81.50896757 0 149.8113541 273.1039392 116.0185771 120.486516 0 128.127011 0 0 0 398.7185788 0 0 129.6718409 0 218.2426578 0 0 126.4229314 0 102.9787765 0 0 0 138.3304753 0 230.6769525 120.8780884 317.2288994 122.2827524 128.2459316 0 338.1403371 0 0 0 
56.35312993 118.3589061 0 138.4216732 61.6092464 110.1893759 93.78759954 374.2036987 0 115.476768 0 0 0 0 0 0 0 101.4298975 0 0 199.1817755 115.9404865 60.81664786 57.01748747 174.8120015 0 0 99.2310484 261.3881461 0 0 0 0 121.8481191 107.4830807 227.0606774 89.10734003 0 0 126.5366413 103.5132269 120.8729915 111.2677381 84.27097197 0 402.5199123 113.7155576 0 118.9686533 0 0 0 224.5977524 0 63.14861141 104.6103392 0 290.804095 0 0 287.1753565 0 139.0766963 0 178.4921025 104.4456501 114.7531166 335.8308355 0 203.5307366 0 0 0 0 0 73.49875227 0 0 182.9590157 104.0093854 131.2157496 161.5513292 21.45730724 0 218.2954022 0 0 0 0 0 
0 157.3509048 125.1700986 113.8445356 418.9815375 0 0 0 0 114.6832878 0 0 122.3463258 0 0 0 240.4890875 0 0 0 0 0 0 0 93.70403549 0 139.9567951 120.5429208 105.8654255 0 0 0 334.6615587 0 149.0388981 0 0 0 0 0 0 301.4751109 104.5796231 0 308.6592411 0 0 155.564764 0 206.3829624 361.051949 249.9217747 0 0 0 184.6747132 0 0 0 0 0 187.850309 123.2041852 131.9481535 0 189.5721505 0 78.17655428 0 0 95.34162156 0 0 127.2031695 382.9748642 0 0 0 141.2882845 311.7611624 0 122.1843866 0 134.5331844 96.75222158 0 117.1795708 0 0 124.46776 
352.1523478 0 132.8900992 0 218.6077696 77.49227209 160.7902397 148.2724218 0 0 0 104.1362729 0 222.800529 78.77403788 353.2426922 0 109.262883 124.7379132 276.9298252 0 186.6922563 63.27544218 0 0 0 100.277285 395.6111039 302.1868166 139.7748955 58.3098596 122.6069876 0 0 385.2870305 410.2254234 220.1074275 0 0 166.9876081 0 0 188.6344425 0 0 0 0 271.5363331 109.0037102 0 0 289.0282918 143.7051454 227.877213 0 0 0 113.645021 134.2472544 0 0 0 0 0 194.9979072 0 139.5224446 0 0 0 287.8229295 32.79233675 0 0 0 301.4883399 0 67.68133336 0 127.9818435 108.9328225 0 156.6868768 0 0 0 55.37048848 0 221.184979 0 
100.3681007 73.46553638 0 0 0 252.9883302 64.69575377 110.8025691 0 0 0 64.40398286 121.9985406 0 126.8339456 0 0 119.191706 132.5874766 232.9525727 147.7190587 0 0 0 0 124.2666949 0 63.67987148 79.78638526 93.06240276 147.5378046 280.005453 425.9761134 294.5674061 122.9105797 0 0 0 137.8389906 0 61.35571349 47.40964874 110.0898565 0 0 74.43345913 131.4232712 0 184.0555319 0 0 0 108.0054262 0 174.1108881 0 202.4570145 333.0607935 0 164.8290603 0 0 0 93.40086452 25.81773713 0 131.9223288 0 0 0 0 93.20351554 0 0 134.8469542 49.60409765 0 73.94033554 329.2553905 0 0 0 0 146.3812873 123.8134566 0 0 48.28477919 339.9036198 0 
0 0 67.27915079 0 0 0 376.3129498 228.0203493 316.0135171 0 142.8578042 118.7528807 0 0 311.4917016 352.9862171 121.1087117 0 341.9604938 139.8920241 0 0 0 0 267.5324822 0 0 450.3407221 216.5941789 119.9458127 362.5998978 0 0 0 154.7649466 186.0565794 44.88892214 0 0 188.7413843 55.59041132 149.7004859 0 176.0741617 100.2201073 241.91757 0 0 0 193.7003523 155.9130818 0 0 109.9425693 65.69759636 108.6180495 126.2837189 0 131.4419685 129.6998748 95.35221072 0 176.1510904 0 110.1590606 141.4126978 90.46808263 311.4692627 95.84000344 97.31444222 0 155.2059845 173.001163 195.9930203 146.227166 0 81.68814861 171.2877032 317.4480983 216.839593 178.436265 0 0 0 235.147605 120.048329 239.3508087 0 96.27700847 213.7925903 
108.6104566 0 0 75.27404015 250.8538537 163.6795562 128.6736771 0 358.8697344 122.418638 293.30206 375.4890079 281.9851439 0 123.7686254 0 0 163.2691038 251.2258713 33.61770128 80.68003442 181.0104524 0 0 175.0442294 0 0 146.1938388 0 0 0 119.3619387 0 126.4197035 374.4267168 118.9562243 111.7750861 254.4600353 0 138.1840106 0 339.0768175 0 0 0 0 0 0 194.378078 0 0 0 351.8921312 0 0 304.1423126 325.1822787 0 0 348.8659721 0 121.7957467 0 151.8139142 0 0 0 196.9985142 194.8404885 261.3731453 0 0 374.8524777 142.8637987 0 0 0 135.068194 0 0 0 233.4261506 0 0 0 0 0 190.9519544 0 108.9949824 
0 0 208.8436017 0 0 295.7507819 0 0 0 321.6600982 123.5283496 0 0 118.1451503 323.1730446 0 129.9517866 0 134.3870167 124.9283207 123.9063298 76.12489756 0 0 0 0 178.281919 0 0 0 131.8238551 112.1134861 0 0 144.2988543 0 351.4902044 0 0 181.8312914 119.1845057 124.057825 141.0961106 247.255808 0 0 0 125.3274028 0 0 0 96.11004723 0 281.6200561 168.0229171 0 111.9726828 0 283.4138698 176.875817 341.7350806 0 117.9212042 0 0 0 0 179.3043047 381.8011283 149.1485839 0 0 0 136.9766569 0 128.9596785 0 0 203.5135938 0 156.0799792 0 198.7098679 0 135.4971088 121.5662025 76.07856076 0 166.6674849 0 
274.2575382 196.2495671 0 108.0496057 297.7476278 0 0 0 0 0 0 0 0 150.9894711 134.816572 343.7174957 0 0 70.92771919 0 0 0 233.9763326 0 127.5140988 159.3985069 143.6015255 0 81.84356202 146.9043556 245.4865205 162.9360354 0 0 88.42889793 193.6467546 0 0 0 143.2675844 136.8472953 106.3465527 0 0 128.3404942 0 197.9515038 0 110.6181116 0 0 0 0 149.9472825 0 210.8982248 0 451.5426304 0 159.7052876 0 0 323.3885793 0 0 173.8486496 75.0933678 110.1798454 102.2831096 120.2714756 137.9017794 0 161.961353 0 0 125.8687484 0 135.1774318 0 0 47.61054363 0 145.8194698 0 124.6743711 0 0 0 0 0 
357.6823533 0 0 0 0 0 0 357.2294343 0 0 0 0 247.5464864 0 0 412.9250561 153.1217971 0 134.4082971 124.6496253 99.44234099 0 0 181.4788856 0 0 0 453.3708887 0 83.52892928 197.3092533 0 124.9734066 185.3178546 113.6533159 83.15008095 328.0808653 0 127.9528778 107.8050939 0 0 0 121.0620524 165.7148093 415.7818008 0 0 0 166.8635265 136.34245 445.8281581 251.9715885 138.2522872 408.4391401 0 0 407.5849406 0 143.334631 0 0 0 0 114.6829245 0 0 199.0101518 0 431.9324409 0 0 145.3589188 0 0 0 178.9027337 255.1657785 170.5676325 165.3595506 0 0 0 0 0 0 0 0 131.8679022 97.06725405 
0 185.570474 0 0 0 180.6722873 80.0976577 446.3090711 121.8588105 151.7864229 0 411.1507897 96.72292246 0 0 352.2505336 0 269.5111917 0 182.3810766 103.4048852 139.7070828 247.0115364 114.3099014 0 187.7673391 109.1101816 125.6831816 0 143.9485845 0 0 0 356.2795759 0 0 317.6210751 0 0 0 128.8361891 0 210.5644812 0 0 417.508277 82.17388194 0 0 222.0413201 19.27882546 284.1274951 112.920463 0 110.8026949 0 0 142.0808318 270.4199757 63.71613618 0 0 0 0 0 78.52427993 212.0958133 0 0 0 128.954063 75.83609309 0 0 136.8445263 0 0 122.2435734 0 0 0 0 0 0 0 171.107494 0 0 0 0 
0 0 0 30.02264378 89.48645211 0 63.0177347 385.5916445 362.9221263 398.6642252 0 0 0 159.6602374 0 0 188.2231308 0 0 244.0983794 0 0 0 156.6624008 338.7263354 0 0 104.6142088 0 285.3490832 137.7537556 0 159.0662382 218.7513191 352.5176545 107.9606592 0 128.8552535 0 94.56638944 0 0 0 47.6663815 157.8876003 0 131.1985138 0 119.7152911 0 140.8042724 0 135.9939149 0 0 0 0 0 160.1122153 0 130.3127924 73.52146996 468.7986693 337.507979 0 163.6435526 104.5041411 99.87552702 0 132.006434 0 0 0 0 0 0 351.896231 0 0 0 0 0 0 137.1970224 138.2063815 0 0 0 147.740246 86.27048054 
0 0 0 283.4124713 0 127.9813416 260.4975412 347.23743 263.4102228 0 0 71.77294148 371.8349038 0 124.5016827 150.580819 0 81.51968382 141.600702 114.2350617 0 0 322.6261068 232.1378241 396.2502795 0 141.4046381 135.1989682 0 0 177.602943 137.3041348 246.7831576 121.3156359 0 0 166.2957549 0 170.4592515 372.0563761 399.2454514 0 146.7357632 186.8377907 321.2682523 162.4594224 0 0 87.66218219 123.7151586 237.6807844 0 448.5853755 64.33418996 252.8009553 138.2400773 173.6382061 77.43623069 103.3354519 135.3884996 282.2575352 166.1299002 0 378.6303483 0 185.1267699 152.5063299 0 0 0 0 0 0 173.9873576 0 0 194.3190651 121.9392158 0 0 154.591743 103.9692571 139.0613644 140.8422479 0 156.0161467 0 0 195.8645481 0 
245.3902039 101.2372201 52.30976344 283.1762305 0 137.6550516 0 0 0 0 0 0 372.9787732 15.73819347 0 140.8626862 0 165.9641068 0 0 0 125.266855 75.49995657 181.5054855 274.3277059 147.6235582 0 0 0 90.76754819 84.24374153 0 173.7527171 101.1565168 65.33810077 0 0 0 0 165.7210707 0 181.8690384 118.4480753 224.5348936 125.3171351 151.4854078 388.1855846 0 159.6961897 0 0 184.4382662 0 0 168.1216906 0 0 0 0 20.54111942 118.7605917 0 0 117.2395352 0 99.29851952 284.3964216 0 0 86.17376711 0 0 153.0747523 66.69725055 0 0 177.662247 0 0 149.6333432 274.4622204 0 0 114.97089 0 0 0 0 0 141.669493 
0 91.53499063 168.3181818 0 324.9659437 0 153.5064875 187.6898058 186.3701272 117.7857327 211.3903559 0 0 0 0 190.0149774 147.7327301 0 160.8576235 96.66189972 169.1610527 73.92064876 0 0 185.7341317 0 205.6064903 0 226.3816301 0 0 0 0 227.0545563 0 202.5495851 0 0 158.1537053 0 204.5638921 0 141.743676 167.8164464 449.9252901 0 0 0 0 0 120.1704752 0 96.00444312 152.6165262 185.0444858 0 0 0 446.0170532 306.4726855 0 0 0 0 136.1238324 81.48680014 133.5843971 0 0 0 121.6351495 0 94.28183564 0 156.1273661 0 43.84134581 0 0 127.7280453 0 0 0 0 389.8118752 0 0 114.3467504 0 113.5276631 
0 0 0 255.5682841 0 0 124.4761023 0 140.8843846 0 102.4725411 0 0 0 0 0 0 104.4822881 0 172.8228627 0 103.081896 0 155.8690337 0 274.1921295 122.4346343 0 127.4758337 0 179.7922272 0 155.8125447 135.4437385 0 0 159.3150949 142.5612997 0 0 148.3166936 142.3902497 146.0037803 0 0 0 0 98.46283596 37.77134947 0 0 0 0 0 0 0 0 0 184.9807475 0 0 121.8558652 0 0 0 171.5438301 0 205.2784322 120.3265372 0 0 0 0 0 135.054694 154.8549389 0 0 129.8759848 0 0 0 103.5224623 101.9661398 0 0 100.734813 62.9122562 135.4807638 0 
363.8366921 126.5342628 0 278.6415966 0 206.6764621 0 0 0 0 0 359.3164917 0 0 0 0 0 0 0 0 0 159.5272425 79.2608849 0 198.3816403 395.1520461 0 0 126.6910419 0 308.6001079 0 0 104.6506884 102.8072048 0 131.3587609 0 129.4922527 0 0 160.1812823 0 0 0 75.26469156 514.6998997 0 0 132.3893075 156.5992194 0 0 255.2986077 0 108.1181707 0 129.2310279 128.0933094 0 0 0 0 204.536026 112.1380549 73.54029767 430.4410547 285.2380885 0 0 0 130.4667648 0 116.4898041 0 134.9743602 0 0 0 0 0 258.5926993 178.9476446 0 160.4547916 0 0 0 0 0 
189.5701337 182.0031813 0 134.9665882 0 0 229.9368859 0 0 0 328.8547516 0 0 0 120.8939741 133.4031594 161.5608239 207.7635071 0 0 0 0 197.9075607 0 0 0 0 0 292.3621506 0 0 0 411.0869696 102.0509913 0 77.86815384 177.357132 0 0 0 0 0 0 0 149.6240022 272.6719617 602.5657551 128.9780564 144.0150744 0 0 361.2033605 135.1555835 0 126.7800201 0 83.32946266 102.6595629 0 0 248.7528429 0 153.2172653 0 0 0 133.9870873 95.34497412 187.8512016 165.583061 215.0970675 0 70.53538554 0 154.3790324 155.349184 0 125.9419026 148.8842231 0 134.0137504 196.1939086 0 0 0 0 0 0 0 0 
125.8006825 175.5612098 0 330.7374159 136.4011726 0 0 0 0 0 83.43284829 81.00169274 142.798189 0 0 94.39268053 0 0 0 221.6342251 0 0 338.4155344 0 0 167.625214 233.2287584 244.5317376 0 0 129.3229485 163.989904 0 0 113.5895074 0 0 300.4440394 0 0 114.3364087 0 71.99592511 0 47.3028215 123.8669051 33.19243641 149.8368833 265.1179895 145.7379094 0 146.0367432 182.6932327 0 0 172.8886508 132.2322155 76.4916187 0 101.5558198 0 175.3030016 0 0 145.0822222 129.6129712 118.5510151 0 316.1854591 263.3139026 0 377.4419585 133.7914983 211.4076767 0 71.38386055 0 146.6370469 281.5718041 157.625511 0 72.42210613 0 0 0 0 0 0 0 0 
0 0 0 0 0 0 0 0 140.5887749 0 0 158.5844959 47.57759202 167.64647 131.250531 0 172.0244432 0 164.0526475 0 408.9435463 185.2224604 147.5636883 0 217.6448144 61.43649618 55.11509054 130.4380519 0 154.9003405 171.600863 0 0 0 0 136.0508077 512.7738892 192.9143072 158.5282786 0 0 139.8520738 132.9047774 173.3251362 0 0 281.4300764 0 0 0 164.2393171 146.3226069 239.2407166 0 0 0 0 218.0045998 0 0 0 159.7682619 0 0 130.5052435 0 117.9275156 89.02771153 0 0 0 0 410.8849243 0 546.8786757 89.87470536 0 0 0 0 0 0 198.7016854 212.0549944 0 212.6970564 125.6552576 0 0 165.0342363 
6.343302674 156.1737488 0 0 0 127.0979035 0 135.4725445 0 143.8983295 118.5890441 87.97702004 129.0290124 0 0 373.0841397 143.5810557 0 0 0 0 144.2777657 449.7608156 0 0 0 148.6227649 0 0 156.2356988 0 0 0 514.3474471 91.68586474 0 113.8436184 0 0 0 0 132.85696 0 0 166.8152281 131.2358163 72.53886866 0 27.81122448 0 0 0 81.85139739 0 172.2075726 241.4111924 0 0 188.7246635 0 0 0 0 0 139.5892651 203.5364476 0 0 0 538.0378742 0 159.6901531 50.70010996 191.1050941 0 158.8860182 0 0 194.3424885 0 149.4756337 116.316815 139.6671165 82.51256981 0 0 0 0 153.8904423 0 
0 207.2396003 0 0 0 0 166.3590113 0 121.255731 0 0 443.5671959 0 0 197.3435412 0 0 0 70.98715595 148.4664576 0 0 0 0 140.9633029 0 160.6848318 0 130.6519979 0 0 0 0 149.6259545 0 0 170.9953208 156.4232079 0 0 145.3020322 0 0 0 0 216.7750525 134.5241128 182.4221327 158.4804908 72.57445689 237.9260702 204.3332684 0 0 0 175.0742371 17.11915103 0 0 0 0 0 207.3908961 0 0 219.9409083 240.3980273 0 105.2834001 0 0 0 0 0 116.4691608 140.4750686 424.6540812 117.2263244 230.1860027 0 0 0 0 0 194.112993 186.7208473 154.6639647 115.2270867 117.9895175 0 
130.5334815 426.7473621 0 0 0 172.2452972 214.7313765 92.22357075 0 0 128.0740432 0 0 0 0 140.5727136 0 0 181.7053799 0 0 0 126.8918586 0 89.42399465 123.632188 209.4286496 0 0 0 125.7159804 0 254.6280998 150.0054196 0 82.74882331 0 77.74579831 0 0 173.8179942 0 228.293566 0 0 138.1288714 0 206.933383 0 210.1846821 115.1872105 150.5304151 0 0 171.4006317 0 52.80770716 0 166.4178714 0 220.5700965 0 0 86.20156986 0 198.4614508 235.3489613 140.5463619 150.6807933 103.2436672 0 0 0 218.1182626 0 0 0 192.1723419 0 0 0 0 166.880517 0 125.5952751 230.5006615 181.4778403 126.3618454 0 0 
358.1463368 82.85461106 0 155.7699541 120.5577429 0 0 0 0 0 0 116.3302431 0 267.7514328 0 165.4310279 0 0 138.5718296 290.4641369 0 0 0 55.52802736 187.9094162 54.09045088 167.212734 0 213.7740417 0 0 0 108.3234804 0 0 154.9937439 0 0 159.6651348 169.3749261 214.9450698 0 222.0159111 0 65.63088148 0 145.2135276 0 0 116.9777704 0 0 0 0 0 0 227.8935502 0 0 0 184.0101612 241.2308846 0 138.7437765 0 340.4876111 94.95707429 144.8653085 0 0 0 0 144.4674138 174.0728819 0 331.7350277 0 0 63.03836242 0 0 136.5805219 0 159.8630833 114.6517628 0 0 0 251.7683251 0 
0 0 0 30.76128136 36.29174719 0 313.5728486 98.57024931 0 0 179.4751794 0 165.1937489 207.0234439 0 0 0 0 0 155.0314797 180.6098789 0 0 117.5849416 201.6927275 254.3125154 0 0 0 74.36193531 291.6407232 0 0 161.3162676 224.0623533 133.3679546 144.6722293 178.5982526 126.771569 0 143.9389652 441.7694483 0 0 0 188.8929295 154.2417943 0 0 125.0749234 0 0 139.2674112 103.9615321 0 0 174.8596186 0 361.649063 0 0 283.3228125 0 300.0599591 0 0 133.7497682 0 109.5111955 225.9460983 0 0 0 289.1182442 0 238.9385406 0 0 0 0 141.142906 0 0 0 0 105.4063194 0 0 0 120.2669195 
57.91552178 0 0 0 254.1347624 0 79.9366807 27.22429856 0 0 139.0703786 173.9277361 0 148.9156629 0 0 0 0 0 0 0 164.3529665 210.9509752 0 248.5605789 422.2573907 0 0 0 186.2300976 0 0 0 317.2782448 0 202.2052854 247.899877 0 158.4094975 0 0 0 0 236.106445 128.37677 0 212.3083556 0 0 0 131.608561 0 608.1620704 0 157.6218446 0 304.7413762 0 126.0574524 0 0 0 0 0 0 0 0 69.02999638 0 0 0 69.03387864 246.7254288 133.5812782 0 278.1536589 270.8385461 0 156.3311142 0 106.9375725 0 236.1200904 0 87.32557148 0 80.62970398 242.4616453 120.4888392 0 
0 0 0 0 0 0 0 0 62.2046024 0 389.0656578 0 0 0 200.965713 58.16582773 187.296599 0 0 132.5666974 74.45432721 168.9798392 0 274.4805459 0 275.0996798 0 233.9109018 0 0 140.8872435 142.6550979 297.0959281 0 0 0 233.6979486 227.8976561 169.4192901 0 135.5148802 0 0 217.3203959 0 0 0 264.7069845 0 163.0469758 0 0 0 0 0 156.5407264 213.5461063 182.2968249 208.7927991 0 0 0 0 0 157.6854132 171.8259217 0 0 300.1036444 0 132.4510091 75.9268553 250.3626193 0 0 0 0 0 0 0 0 0 119.7276344 0 174.1642284 0 274.4501489 0 237.7298151 0 
182.0382894 0 560.8565752 0 0 148.4394606 0 167.3102653 0 194.325585 0 0 0 208.540027 0 0 311.8003287 85.28314286 0 28.92090927 121.161317 0 0 140.2988428 0 167.1426912 0 169.857455 0 0 0 142.5561694 0 172.1883468 0 0 0 233.452494 152.7017337 0 55.29733529 0 0 275.5918388 0 196.6580173 0 0 0 0 0 0 0 0 0 188.9225485 0 134.1365011 98.56731118 0 0 0 104.9919278 0 123.8533229 0 174.5508813 176.4444565 219.4223515 133.4018078 161.0279305 160.1954607 0 138.1626671 150.640235 0 0 0 191.7840521 0 148.141904 0 0 0 151.2807688 153.2426108 124.0012599 82.61692277 0 0 
0 0 201.5855411 0 0 0 0 0 0 129.2341787 0 122.5959655 0 0 0 0 0 0 0 279.6383447 0 164.0539439 0 0 0 207.8273716 112.1809573 161.2287679 211.913064 95.07970799 207.4393188 236.8946353 0 0 139.7888699 184.4845528 110.322849 0 0 163.9105743 0 348.9436528 55.88272331 132.252958 266.2570356 0 161.8608516 123.2711938 338.3808128 0 116.1112461 0 0 0 0 145.0617057 0 0 187.5297477 249.010948 145.4540024 0 181.0825339 0 0 303.1340433 0 0 0 0 0 0 161.2723575 0 0 213.8265624 0 149.3126657 0 0 261.662305 0 0 189.4071961 0 334.2085061 0 247.8709594 175.0268589 0 
0 0 0 0 151.6704078 151.0688475 0 0 0 139.5189981 185.2377129 92.01854828 0 0 103.5884464 0 66.98765537 0 0 0 0 0 0 0 0 0 0 0 0 0 0 0 168.2578647 0 127.2520334 0 0 0 0 0 0 230.7915677 0 0 0 0 142.7057497 97.58939835 0 622.0640123 152.5222394 0 0 188.4377169 218.0743589 0 0 146.0940899 0 0 0 0 0 0 0 178.8722731 209.8290862 150.7984732 0 0 0 164.6745255 0 0 0 163.4973856 0 0 0 0 139.7545648 0 0 0 0 301.081692 0 0 104.9139914 91.46051065 
144.9273833 0 0 147.0391119 0 164.5762389 333.0097994 430.7902531 241.6849784 163.2978628 0 0 0 147.9821825 0 113.2523323 0 0 0 0 250.0763032 0 191.1380859 0 297.5791248 70.53504519 274.3829955 0 0 111.6349618 126.8829987 0 0 147.7220954 0 265.2438964 0 148.6578386 0 140.4278285 225.8423761 0 0 250.7693859 0 0 0 0 0 0 0 0 0 0 0 0 158.0809736 0 0 162.0311339 0 0 278.2236507 0 0 0 180.2232127 0 0 0 0 0 0 0 0 0 215.46794 0 0 0 0 0 0 0 0 0 0 314.0415152 0 0 
9.060121947 71.40030709 226.8286706 38.27065873 0 0 0 0 0 0 167.8105683 143.2542577 0 54.81392043 332.6046039 0 165.2468333 0 0 0 224.9107592 0 507.0886431 240.1397897 61.80353345 176.073988 0 0 0 0 0 0 0 0 0 0 0 0 162.3615117 0 0 295.0500812 0 0 216.1432132 0 0 0 0 0 0 143.9099826 0 194.1230833 0 0 234.4685557 85.57395074 0 0 0 0 248.1125972 0 105.6844546 0 193.1276451 0 0 0 197.7995317 246.2233641 0 0 196.5354596 0 0 0 0 0 0 0 0 0 0 131.5249895 0 0 0 0 
0 0 0 0 0 0 0 0 0 0 15.58049373 0 418.7293609 0 0 0 119.7110568 0 0 0 0 0 251.222136 0 0 0 72.5333427 0 142.0340462 153.4771083 0 150.5243961 0 0 474.8623692 0 268.0276374 0 0 0 118.4257719 82.75681211 0 346.0131255 0 0 0 0 329.3013194 0 0 0 0 0 118.0925076 44.22603089 0 0 0 0 0 0 0 0 0 0 0 110.723216 0 0 287.9199567 0 0 0 0 0 0 271.5470469 0 0 0 237.6893596 249.823421 0 0 0 0 0 0 0 
0 0 158.3300463 0 0 0 0 0 0 0 0 0 0 0 467.1376667 137.7960423 531.1266342 0 0 0 0 0 0 0 193.159104 0 22.60246726 0 171.3736233 155.0935226 199.4261054 0 0 66.3286028 200.2492333 109.2836983 0 150.990489 33.18626992 0 0 0 0 275.2572086 0 0 0 0 0 0 321.3682287 0 0 0 0 0 0 0 0 0 189.1179927 0 0 0 0 168.2365145 0 0 0 360.7477455 0 0 0 0 336.274201 0 0 0 0 0 0 0 0 0 148.9714608 0 183.1575857 0 0 0 
0 0 0 0 0 0 0 0 0 208.8953933 170.9891902 0 0 0 0 0 0 0 221.35352 0 0 0 245.5048378 0 107.864459 0 0 0 194.7426535 0 0 0 0 0 0 0 0 160.4915782 0 246.6783763 0 0 0 0 0 0 0 0 94.42901869 237.2265368 0 0 0 0 0 0 0 0 0 0 0 276.9154827 165.4010107 0 0 0 0 0 0 0 0 0 0 0 0 0 0 0 0 256.6488393 0 0 0 0 0 0 0 0 0 0 
193.0598817 0 0 0 0 158.2357444 0 0 0 0 0 0 0 0 0 0 0 0 0 0 0 0 0 0 0 203.3358032 0 0 0 0 0 0 202.4600254 0 0 0 0 0 0 0 0 0 0 0 0 147.6074018 0 40.09934904 177.967829 0 165.9520882 0 0 0 0 0 0 0 0 0 0 0 0 0 0 0 0 0 181.5540733 0 0 228.4623294 215.4350249 0 0 0 0 0 0 0 0 0 0 0 0 199.4146447 0 0 0 0 
0 0 0 0 0 187.554007 118.2931378 0 0 198.494072 0 0 0 0 0 0 0 0 0 0 0 0 0 0 0 0 0 0 0 0 0 0 0 0 203.6553866 0 0 0 0 0 0 0 0 0 0 0 0 0 0 0 0 110.9463663 0 0 0 0 0 0 0 0 148.2658965 0 0 0 0 0 198.2779809 0 0 0 0 0 0 0 0 0 0 0 0 0 0 0 0 0 0 0 0 0 0 0 
0 209.8433604 0 0 0 0 0 0 163.3406883 0 0 286.4681762 0 80.31265825 0 0 193.5517728 0 0 0 0 0 0 258.8044983 0 0 0 0 0 0 0 0 0 0 63.41797447 0 0 0 0 0 0 0 0 0 0 0 0 0 0 0 0 0 0 0 0 0 0 0 0 0 0 0 0 272.3681384 0 0 0 0 0 0 0 0 0 0 0 0 0 0 0 0 0 0 0 0 0 0 0 0 0 0 
0 0 0 0 0 0 0 0 0 0 0 0 0 0 0 0 0 0 0 0 0 0 250.7319041 0 0 0 0 0 214.6558207 0 0 0 121.7304752 0 0 0 0 267.4236249 0 0 217.0545855 0 0 0 117.5298021 0 92.1174114 0 0 0 215.1468129 0 0 0 0 0 153.7906149 0 0 0 0 0 0 0 150.1394345 0 0 0 0 0 0 0 0 0 0 0 0 0 0 0 0 0 0 0 0 0 0 0 0 0 
0 0 0 0 0 0 0 0 0 0 0 143.5711934 0 0 0 0 0 0 0 236.6027914 0 0 0 0 0 0 0 0 0 0 0 0 121.5535504 0 0 0 0 0 0 0 0 0 0 0 0 0 0 0 0 0 0 0 0 0 0 0 0 0 0 0 0 0 0 0 0 0 0 0 0 0 0 0 0 0 0 0 0 0 0 0 0 0 0 0 0 0 0 0 0 0 
0 0 0 194.892953 0 0 0 0 0 0 0 0 0 0 0 0 0 0 0 0 0 0 0 0 0 0 0 0 0 0 0 0 0 0 0 0 0 0 0 0 0 0 0 179.2832218 0 0 0 0 0 0 0 0 0 0 0 0 0 0 0 0 0 0 0 0 0 0 0 0 0 0 0 0 0 0 0 0 0 0 0 0 0 0 0 0 0 0 0 0 0 0 
0 0 0 0 0 0 0 0 298.784477 0 0 0 0 0 0 0 0 0 0 0 0 0 0 0 285.1278667 0 0 0 0 0 0 0 0 0 0 0 0 0 0 0 0 0 0 0 0 0 0 0 0 0 0 0 0 0 0 0 0 0 0 0 0 0 0 0 0 0 0 0 0 0 0 0 0 0 0 0 0 0 0 0 0 0 0 0 0 0 0 0 0 0 
65.13619544 0 45.2297594 0 0 0 0 0 0 0 0 0 0 0 118.5153013 0 0 0 0 0 0 0 0 0 0 0 0 0 0 0 0 0 0 0 0 0 0 0 0 0 0 0 0 0 0 0 0 0 0 0 0 0 0 0 0 0 0 0 0 0 0 0 0 0 0 0 0 0 0 0 0 0 0 0 0 0 0 0 0 0 0 0 0 0 0 0 0 0 0 0 
0 0 0 0 0 0 0 0 0 0 0 254.2786486 0 0 0 0 0 0 0 0 0 0 0 0 0 0 0 0 0 0 0 0 0 0 0 0 0 0 0 0 0 0 0 0 0 0 0 0 0 0 0 0 0 0 0 0 0 0 0 0 0 0 0 0 0 0 0 0 0 0 0 0 0 0 0 0 0 0 0 0 0 0 0 0 0 0 0 0 0 0 
0 0 0 0 0 0 0 0 0 0 0 0 0 0 0 0 0 0 0 0 0 0 0 0 0 0 0 0 0 0 0 0 0 0 0 0 0 0 0 0 0 0 0 0 0 0 0 0 0 0 0 0 0 0 0 0 0 0 0 0 0 0 0 0 0 0 0 0 0 0 0 0 0 0 0 0 0 0 0 0 0 0 0 0 0 0 0 0 0 0 
0 0 0 0 0 0 0 0 0 0 0 0 0 0 0 0 0 0 0 0 0 0 0 0 0 0 0 0 0 0 0 0 0 0 0 0 0 0 0 0 0 0 0 0 0 0 0 0 0 0 0 0 0 0 0 0 0 0 0 0 0 0 0 0 0 0 0 0 0 0 0 0 0 0 0 0 0 0 0 0 0 0 0 0 0 0 0 0 0 0 
0 0 0 0 0 0 0 0 0 0 240.2865281 0 0 0 0 0 0 0 0 0 0 0 0 0 0 0 0 0 0 0 0 0 0 0 0 0 0 0 0 0 0 0 0 0 0 0 0 0 0 0 0 0 0 0 0 0 0 0 0 0 0 0 0 0 0 0 0 0 0 0 0 0 0 0 0 0 0 0 0 0 0 0 0 0 0 0 0 0 0 0 
0 0 0 0 0 0 0 0 0 0 0 0 0 0 0 0 0 0 0 0 0 0 0 0 0 0 0 0 0 0 0 0 0 0 0 0 0 0 0 0 0 0 0 0 0 0 0 0 0 0 0 0 0 0 0 0 0 0 0 0 0 0 0 0 0 0 0 0 0 0 0 0 0 0 0 0 0 0 0 0 0 0 0 0 0 0 0 0 0 0 
0 0 0 0 0 0 0 0 0 0 0 0 0 0 0 0 0 0 0 0 0 0 0 0 0 0 0 0 0 0 0 0 0 0 0 0 0 0 0 0 0 0 0 0 0 0 0 0 0 0 0 0 0 0 0 0 0 0 0 0 0 0 0 0 0 0 0 0 0 0 0 0 0 0 0 0 0 0 0 0 0 0 0 0 0 0 0 0 0 0 
0 0 0 0 0 0 0 0 0 0 0 0 0 0 0 0 0 0 0 0 0 0 0 0 0 0 0 0 0 0 0 0 0 0 0 0 0 0 0 0 0 0 0 0 0 0 0 0 0 0 0 0 0 0 0 0 0 0 0 0 0 0 0 0 0 0 0 0 0 0 0 0 0 0 0 0 0 0 0 0 0 0 0 0 0 0 0 0 0 0 
0 0 0 0 0 0 0 0 0 0 0 0 0 0 0 0 0 0 0 0 0 0 0 0 0 0 0 0 0 0 0 0 0 0 0 0 0 0 0 0 0 0 0 0 0 0 0 0 0 0 0 0 0 0 0 0 0 0 0 0 0 0 0 0 0 0 0 0 0 0 0 0 0 0 0 0 0 0 0 0 0 0 0 0 0 0 0 0 0 0 
0 0 0 0 0 0 0 0 0 0 0 0 0 0 0 0 0 0 0 0 0 0 0 0 0 0 0 0 0 0 0 0 0 0 0 0 0 0 0 0 0 0 0 0 0 0 0 0 0 0 0 0 0 0 0 0 0 0 0 0 0 0 0 0 0 0 0 0 0 0 0 0 0 0 0 0 0 0 0 0 0 0 0 0 0 0 0 0 0 0 
0 0 0 0 0 0 0 0 0 0 0 0 0 0 0 0 0 0 0 0 0 0 0 0 0 0 0 0 0 0 0 0 0 0 0 0 0 0 0 0 0 0 0 0 0 0 0 0 0 0 0 0 0 0 0 0 0 0 0 0 0 0 0 0 0 0 0 0 0 0 0 0 0 0 0 0 0 0 0 0 0 0 0 0 0 0 0 0 0 0 
0 0 0 0 0 0 0 0 0 0 0 0 0 0 0 0 0 0 0 0 0 0 0 0 0 0 0 0 0 0 0 0 0 0 0 0 0 0 0 0 0 0 0 0 0 0 0 0 0 0 0 0 0 0 0 0 0 0 0 0 0 0 0 0 0 0 0 0 0 0 0 0 0 0 0 0 0 0 0 0 0 0 0 0 0 0 0 0 0 0 
0 0 0 0 0 0 0 0 0 0 0 0 0 0 0 0 0 0 0 0 0 0 0 0 0 0 0 0 0 0 0 0 0 0 0 0 0 0 0 0 0 0 0 0 0 0 0 0 0 0 0 0 0 0 0 0 0 0 0 0 0 0 0 0 0 0 0 0 0 0 0 0 0 0 0 0 0 0 0 0 0 0 0 0 0 0 0 0 0 0 
0 0 0 0 0 0 0 0 0 0 0 0 0 0 0 0 0 0 0 0 0 0 0 0 0 0 0 0 0 0 0 0 0 0 0 0 0 0 0 0 0 0 0 0 0 0 0 0 0 0 0 0 0 0 0 0 0 0 0 0 0 0 0 0 0 0 0 0 0 0 0 0 0 0 0 0 0 0 0 0 0 0 0 0 0 0 0 0 0 0 
0 0 0 0 0 0 0 0 0 0 0 0 0 0 0 0 0 0 0 0 0 0 0 0 0 0 0 0 0 0 0 0 0 0 0 0 0 0 0 0 0 0 0 0 0 0 0 0 0 0 0 0 0 0 0 0 0 0 0 0 0 0 0 0 0 0 0 0 0 0 0 0 0 0 0 0 0 0 0 0 0 0 0 0 0 0 0 0 0 0 
0 0 0 0 0 0 0 0 0 0 0 0 0 0 0 0 0 0 0 0 0 0 0 0 0 0 0 0 0 0 0 0 0 0 0 0 0 0 0 0 0 0 0 0 0 0 0 0 0 0 0 0 0 0 0 0 0 0 0 0 0 0 0 0 0 0 0 0 0 0 0 0 0 0 0 0 0 0 0 0 0 0 0 0 0 0 0 0 0 0 
0 0 0 0 0 0 0 0 0 0 0 0 0 0 0 0 0 0 0 0 0 0 0 0 0 0 0 0 0 0 0 0 0 0 0 0 0 0 0 0 0 0 0 0 0 0 0 0 0 0 0 0 0 0 0 0 0 0 0 0 0 0 0 0 0 0 0 0 0 0 0 0 0 0 0 0 0 0 0 0 0 0 0 0 0 0 0 0 0 0 
0 0 0 0 0 0 0 0 0 0 0 0 0 0 0 0 0 0 0 0 0 0 0 0 0 0 0 0 0 0 0 0 0 0 0 0 0 0 0 0 0 0 0 0 0 0 0 0 0 0 0 0 0 0 0 0 0 0 0 0 0 0 0 0 0 0 0 0 0 0 0 0 0 0 0 0 0 0 0 0 0 0 0 0 0 0 0 0 0 0 
0 0 0 0 0 0 0 0 0 0 0 0 0 0 0 0 0 0 0 0 0 0 0 0 0 0 0 0 0 0 0 0 0 0 0 0 0 0 0 0 0 0 0 0 0 0 0 0 0 0 0 0 0 0 0 0 0 0 0 0 0 0 0 0 0 0 0 0 0 0 0 0 0 0 0 0 0 0 0 0 0 0 0 0 0 0 0 0 0 0 
0 0 0 0 0 0 0 0 0 0 0 0 0 0 0 0 0 0 0 0 0 0 0 0 0 0 0 0 0 0 0 0 0 0 0 0 0 0 0 0 0 0 0 0 0 0 0 0 0 0 0 0 0 0 0 0 0 0 0 0 0 0 0 0 0 0 0 0 0 0 0 0 0 0 0 0 0 0 0 0 0 0 0 0 0 0 0 0 0 0 
0 0 0 0 0 0 0 0 0 0 0 0 0 0 0 0 0 0 0 0 0 0 0 0 0 0 0 0 0 0 0 0 0 0 0 0 0 0 0 0 0 0 0 0 0 0 0 0 0 0 0 0 0 0 0 0 0 0 0 0 0 0 0 0 0 0 0 0 0 0 0 0 0 0 0 0 0 0 0 0 0 0 0 0 0 0 0 0 0 0 
0 0 0 0 0 0 0 0 0 0 0 0 0 0 0 0 0 0 0 0 0 0 0 0 0 0 0 0 0 0 0 0 0 0 0 0 0 0 0 0 0 0 0 0 0 0 0 0 0 0 0 0 0 0 0 0 0 0 0 0 0 0 0 0 0 0 0 0 0 0 0 0 0 0 0 0 0 0 0 0 0 0 0 0 0 0 0 0 0 0 
0 0 0 0 0 0 0 0 0 0 0 0 0 0 0 0 0 0 0 0 0 0 0 0 0 0 0 0 0 0 0 0 0 0 0 0 0 0 0 0 0 0 0 0 0 0 0 0 0 0 0 0 0 0 0 0 0 0 0 0 0 0 0 0 0 0 0 0 0 0 0 0 0 0 0 0 0 0 0 0 0 0 0 0 0 0 0 0 0 0 
0 0 0 0 0 0 0 0 0 0 0 0 0 0 0 0 0 0 0 0 0 0 0 0 0 0 0 0 0 0 0 0 0 0 0 0 0 0 0 0 0 0 0 0 0 0 0 0 0 0 0 0 0 0 0 0 0 0 0 0 0 0 0 0 0 0 0 0 0 0 0 0 0 0 0 0 0 0 0 0 0 0 0 0 0 0 0 0 0 0 
0 0 0 0 0 0 0 0 0 0 0 0 0 0 0 0 0 0 0 0 0 0 0 0 0 0 0 0 0 0 0 0 0 0 0 0 0 0 0 0 0 0 0 0 0 0 0 0 0 0 0 0 0 0 0 0 0 0 0 0 0 0 0 0 0 0 0 0 0 0 0 0 0 0 0 0 0 0 0 0 0 0 0 0 0 0 0 0 0 0 
0 0 0 0 0 0 0 0 0 0 0 0 0 0 0 0 0 0 0 0 0 0 0 0 0 0 0 0 0 0 0 0 0 0 0 0 0 0 0 0 0 0 0 0 0 0 0 0 0 0 0 0 0 0 0 0 0 0 0 0 0 0 0 0 0 0 0 0 0 0 0 0 0 0 0 0 0 0 0 0 0 0 0 0 0 0 0 0 0 0 
0 0 0 0 0 0 0 0 0 0 0 0 0 0 0 0 0 0 0 0 0 0 0 0 0 0 0 0 0 0 0 0 0 0 0 0 0 0 0 0 0 0 0 0 0 0 0 0 0 0 0 0 0 0 0 0 0 0 0 0 0 0 0 0 0 0 0 0 0 0 0 0 0 0 0 0 0 0 0 0 0 0 0 0 0 0 0 0 0 0 
# Events [psd_monitor8/analyser8_psd.dat] N:
1 1 0 2 1 1 2 0 1 0 1 0 0 0 0 0 1 0 1 0 0 1 0 0 1 0 1 0 0 2 0 1 2 0 1 1 0 0 0 1 0 2 0 0 1 1 1 1 1 0 0 1 0 0 1 1 1 1 0 0 1 0 1 1 1 0 1 1 1 1 0 1 1 0 1 0 0 1 0 1 0 1 3 1 1 2 1 0 0 0 
1 0 0 0 2 0 0 1 0 0 2 0 0 1 0 1 0 0 0 0 0 0 2 0 0 0 4 2 0 1 0 0 1 1 2 1 0 1 1 1 0 0 1 1 0 2 1 1 2 1 0 0 0 1 1 0 1 1 0 0 1 0 2 3 0 1 0 0 0 0 0 1 0 1 1 0 1 1 0 0 1 1 0 2 0 1 0 0 0 0 
0 0 0 3 1 0 0 1 0 0 0 0 1 0 1 1 0 1 0 1 0 0 0 2 0 1 2 0 0 2 1 1 1 0 0 0 0 1 1 0 0 2 2 0 1 0 0 0 0 1 1 3 0 2 3 0 0 1 2 0 0 0 1 0 1 1 0 1 1 3 1 0 0 0 1 1 1 1 1 1 0 0 0 1 1 1 0 2 0 1 
0 0 0 0 1 0 0 0 0 0 0 0 0 0 0 1 1 0 0 1 0 1 2 1 1 1 0 3 0 1 0 0 0 2 0 1 1 0 0 1 2 0 0 1 1 0 2 0 0 0 0 0 0 2 0 1 0 0 1 2 2 0 0 0 1 0 2 1 3 0 1 0 0 1 1 1 0 1 0 1 1 0 0 1 0 1 0 0 1 0 
0 2 0 1 0 1 0 1 0 0 0 1 1 0 0 0 1 0 0 0 1 0 0 0 0 0 0 0 2 0 0 0 1 0 0 1 3 0 0 0 0 2 0 2 1 0 0 0 0 0 0 0 0 0 0 1 0 1 0 1 1 0 0 1 1 2 0 0 1 0 0 1 0 1 1 3 1 0 0 0 2 1 3 1 1 0 3 0 2 0 
0 0 0 0 0 1 1 1 0 0 0 0 0 0 0 1 1 2 0 0 1 3 1 0 0 0 0 0 1 0 0 2 0 1 0 2 1 0 0 2 0 0 1 0 0 1 1 2 0 0 2 1 1 0 0 1 3 0 1 0 1 1 1 1 0 0 2 1 0 0 0 2 0 0 0 0 3 0 1 1 3 0 0 0 1 0 0 1 0 1 
0 1 0 0 2 1 0 1 3 1 0 1 0 0 0 1 0 0 0 1 1 0 0 1 0 0 1 1 0 1 0 0 1 1 1 0 1 1 0 0 1 1 0 0 3 0 1 0 1 0 0 1 2 1 0 0 1 0 1 3 0 1 0 1 0 0 1 0 1 1 1 0 1 1 1 0 0 0 0 0 0 0 1 1 0 1 1 1 0 0 
0 0 0 0 0 3 1 0 0 0 0 0 1 1 1 1 0 3 0 0 2 0 1 1 0 2 1 0 1 1 1 0 0 1 0 1 0 1 0 0 0 0 1 1 1 0 1 0 1 1 3 0 3 0 0 0 1 0 1 1 2 0 0 1 0 0 1 1 1 1 1 0 1 1 0 0 0 2 0 0 1 0 0 0 1 1 0 0 0 0 
0 0 0 0 0 0 2 0 0 0 2 1 0 1 0 0 1 0 0 1 0 1 1 2 0 1 1 0 2 0 1 0 0 1 0 1 0 0 0 2 0 0 0 1 0 1 1 1 1 1 0 1 0 0 1 1 0 0 0 1 2 1 1 1 1 3 2 0 0 1 0 1 1 2 0 0 2 1 0 0 1 1 0 0 0 1 0 2 0 2 
0 1 1 0 1 0 0 2 0 0 0 0 1 0 0 0 0 0 1 0 2 0 1 0 1 0 0 0 1 1 1 0 0 1 0 0 1 0 0 0 0 0 1 0 1 1 0 0 1 1 0 0 1 1 2 0 0 2 2 2 0 1 1 2 2 1 0 1 0 0 3 2 1 1 0 0 0 0 0 0 1 0 2 0 1 0 0 1 1 0 
1 0 0 1 1 0 1 0 0 0 0 1 0 1 1 0 0 1 1 0 0 0 2 0 1 1 1 0 2 1 3 0 1 0 0 0 0 2 0 0 1 1 0 2 1 0 2 1 1 0 0 1 1 0 0 1 0 0 1 0 1 1 0 1 1 2 1 0 0 1 0 1 0 0 0 1 0 0 1 1 0 0 1 1 0 1 0 1 2 0 
1 0 0 0 1 0 0 0 0 0 0 0 0 0 1 2 0 1 1 0 1 1 1 0 0 0 2 0 0 2 1 0 1 1 1 0 0 0 0 3 1 1 0 0 0 1 2 1 0 0 1 0 0 0 1 3 1 1 0 0 0 0 1 1 0 0 2 1 1 1 0 1 0 1 0 0 0 0 0 0 1 0 1 0 1 0 0 0 0 1 
0 1 1 0 0 1 0 0 0 0 0 1 1 0 2 1 1 1 1 1 0 1 0 1 0 0 1 1 1 0 1 0 1 1 1 0 0 1 1 0 1 0 0 1 0 2 0 1 0 0 0 0 2 0 1 1 1 1 0 0 1 1 2 1 0 0 0 1 2 1 0 1 0 0 0 0 0 1 0 0 0 1 1 0 0 1 0 2 0 0 
1 0 0 0 0 0 0 1 1 0 1 0 1 1 0 1 0 0 0 1 1 0 0 0 1 1 0 1 0 0 1 1 0 0 1 0 1 0 1 0 0 2 0 0 2 0 2 0 2 0 1 0 2 2 0 0 0 1 0 0 0 1 0 0 4 3 2 1 0 1 1 0 0 0 0 0 0 0 0 0 2 0 1 0 2 1 0 1 1 2 
0 0 1 0 0 0 0 2 0 0 0 0 0 0 1 0 0 1 0 0 0 0 0 0 1 0 0 0 2 0 1 1 2 1 0 0 0 0 0 0 0 1 0 0 0 3 1 1 1 0 0 0 0 0 0 0 0 0 0 0 0 0 0 1 1 1 1 1 0 0 0 2 0 0 0 1 0 2 0 1 0 0 0 0 1 1 0 0 0 1 
1 1 0 0 1 0 1 4 1 0 1 1 0 0 2 0 1 0 0 1 3 0 0 0 3 0 1 3 0 0 1 0 0 0 2 2 1 2 2 1 0 0 0 0 0 1 0 1 0 1 0 0 2 1 0 0 0 0 1 1 0 0 1 0 3 1 2 0 0 2 0 1 3 1 0 0 1 2 1 1 0 0 0 1 1 1 0 1 3 0 
1 0 0 1 1 0 2 1 0 1 1 0 0 0 0 1 0 2 0 1 1 0 0 0 0 0 1 3 0 0 1 1 2 1 0 0 3 1 2 1 0 2 1 0 1 0 1 1 1 0 0 1 2 1 0 0 1 1 1 1 0 0 1 0 0 2 1 2 1 0 0 2 2 0 0 0 1 0 2 0 0 0 1 0 0 0 0 1 0 1 
0 0 0 0 1 1 1 1 2 1 1 1 2 1 1 1 0 0 1 1 0 2 0 0 0 0 0 1 1 0 1 0 0 1 0 0 0 2 1 1 1 1 0 1 2 1 1 0 2 0 0 0 1 0 1 1 1 0 3 0 1 0 0 0 0 1 0 0 0 0 1 0 1 0 1 0 0 0 0 1 2 2 0 0 0 1 0 0 0 0 
2 0 0 2 0 0 0 1 0 2 0 0 0 2 1 0 0 1 0 0 0 0 1 2 0 0 3 1 1 2 1 0 1 1 1 0 1 1 1 1 1 1 0 0 0 3 0 0 1 1 2 1 2 1 1 1 1 0 0 0 1 1 0 0 2 1 0 1 1 1 1 1 1 0 0 0 2 0 0 0 1 0 0 0 0 1 1 0 1 1 
0 1 0 0 0 1 0 1 3 0 0 0 1 0 0 0 0 1 2 1 1 1 0 2 0 0 1 1 1 1 1 1 1 2 1 0 1 2 1 0 1 2 0 0 2 1 1 0 0 1 1 1 0 0 2 1 0 0 0 1 0 1 0 0 1 0 2 1 1 0 1 1 1 0 0 0 2 0 1 0 1 0 2 0 0 1 0 0 0 2 
0 0 1 1 0 1 0 0 1 0 0 0 1 2 0 0 0 1 0 1 2 1 0 0 0 3 0 2 0 2 1 0 0 0 1 0 1 1 1 0 1 2 0 2 3 1 1 0 2 0 0 1 0 1 0 1 1 0 0 1 1 0 0 2 0 0 0 0 0 2 0 0 0 1 2 1 1 3 0 0 0 0 0 2 1 2 2 2 0 0 
0 0 0 0 1 1 0 0 0 0 1 1 0 1 1 2 0 0 1 1 0 1 1 2 1 0 0 0 0 1 1 1 1 0 0 2 0 0 0 0 0 2 1 1 0 0 0 0 0 1 0 0 3 1 0 2 2 1 1 0 1 0 0 0 2 0 0 1 0 1 0 0 1 0 1 0 0 0 2 0 2 1 1 1 1 0 1 0 0 0 
1 1 0 1 1 1 1 1 0 1 0 0 0 0 0 0 0 1 0 0 1 1 1 1 1 0 0 1 3 0 0 0 0 1 1 1 1 0 0 1 1 1 1 1 0 5 1 0 1 0 0 0 1 0 1 1 0 1 0 0 2 0 1 0 2 1 1 1 0 2 0 0 0 0 0 1 0 0 2 2 1 2 1 0 3 0 0 0 0 0 
0 2 1 1 3 0 0 0 0 1 0 0 1 0 0 0 1 0 0 0 0 0 0 0 1 0 1 1 1 0 0 0 2 0 2 0 0 0 0 0 0 2 1 0 1 0 0 2 0 3 2 1 0 0 0 1 0 0 0 0 0 2 1 1 0 1 0 1 0 0 1 0 0 1 3 0 0 0 1 1 0 1 0 1 1 0 1 0 0 1 
2 0 1 0 2 1 2 2 0 0 0 1 0 1 1 1 0 1 1 1 0 2 1 0 0 0 1 2 1 1 1 1 0 0 1 2 1 0 0 1 0 0 3 0 0 0 0 1 1 0 0 2 1 2 0 0 0 1 2 0 0 0 0 0 1 0 2 0 0 0 1 1 0 0 0 1 0 1 0 1 1 0 2 0 0 0 1 0 3 0 
1 2 0 0 0 1 1 1 0 0 0 1 1 0 1 0 0 1 1 2 2 0 0 0 0 1 0 1 2 1 2 1 4 1 1 0 0 0 1 0 1 1 1 0 0 1 1 0 2 0 0 0 1 0 2 0 2 3 0 2 0 0 0 2 1 0 1 0 0 0 0 1 0 0 1 1 0 1 1 0 0 0 0 1 1 0 0 1 1 0 
0 0 1 0 0 0 1 1 1 0 1 1 0 0 3 1 1 0 2 1 0 0 0 0 2 0 0 2 2 2 2 0 0 0 1 2 1 0 0 1 1 1 0 2 1 1 0 0 0 2 3 0 0 1 1 1 1 0 1 1 1 0 2 0 1 1 1 2 1 2 0 2 1 1 2 0 1 2 2 2 2 0 0 0 1 1 4 0 1 3 
1 0 0 1 1 2 2 0 1 1 1 2 1 0 1 0 0 2 1 1 1 2 0 0 1 0 0 2 0 0 0 1 0 1 2 1 1 1 0 2 0 1 0 0 0 0 0 0 2 0 0 0 2 0 0 2 2 0 0 2 0 1 0 1 0 0 0 3 2 4 0 0 3 1 0 0 0 1 0 0 0 3 0 0 0 0 0 3 0 1 
0 0 3 0 0 1 0 0 0 1 1 0 0 1 2 0 1 0 1 1 2 1 0 0 0 0 2 0 0 0 1 1 0 0 1 0 1 0 0 2 1 1 1 2 0 0 0 1 0 0 0 3 0 2 2 0 1 0 2 2 1 0 1 0 0 0 0 2 3 1 0 0 0 1 0 1 0 0 2 0 2 0 3 0 1 1 1 0 3 0 
2 1 0 1 1 0 0 0 0 0 0 0 0 2 1 2 0 0 1 0 0 0 1 0 1 2 2 0 1 1 3 2 0 0 1 2 0 0 0 1 1 1 0 0 1 0 3 0 1 0 0 0 0 2 0 3 0 2 0 1 0 0 1 0 0 2 1 1 1 1 1 0 1 0 0 1 0 1 0 0 1 0 1 0 1 0 0 0 0 0 
1 0 0 0 0 0 0 2 0 0 0 0 2 0 0 2 1 0 1 1 1 0 0 2 0 0 0 2 0 1 1 0 1 2 1 1 1 0 1 1 0 0 0 1 2 5 0 0 0 1 1 2 3 1 2 0 0 1 0 1 0 0 0 0 1 0 0 1 0 3 0 0 1 0 0 0 2 1 1 2 0 0 0 0 0 0 0 0 1 1 
0 1 0 0 0 4 1 2 1 2 0 1 1 0 0 1 0 3 0 2 1 1 1 1 0 3 1 1 0 1 0 0 0 3 0 0 1 0 0 0 1 0 2 0 0 2 2 0 0 2 1 1 1 0 1 0 0 1 1 1 0 0 0 0 0 1 2 0 0 0 1 2 0 0 1 0 0 1 0 0 0 0 0 0 0 1 0 0 0 0 
0 0 0 1 1 0 1 3 2 4 0 0 0 1 0 0 2 0 0 1 0 0 0 1 2 0 0 1 0 1 1 0 1 2 1 1 0 1 0 1 0 0 0 1 1 0 1 0 1 0 1 0 1 0 0 0 0 0 3 0 1 1 2 1 0 3 1 1 0 1 0 0 0 0 0 0 2 0 0 0 0 0 0 1 1 0 0 0 1 1 
0 0 0 2 0 1 1 1 4 0 0 1 2 0 1 1 0 1 2 2 0 0 3 2 2 0 1 1 0 0 2 1 4 1 0 0 2 0 1 1 2 0 2 2 1 2 0 0 1 1 2 0 2 1 2 2 1 1 1 1 3 1 0 1 0 1 1 0 0 0 0 0 0 1 0 0 1 1 0 0 2 1 2 1 0 1 0 0 1 0 
1 1 1 1 0 1 0 0 0 0 0 0 1 1 0 1 0 2 0 0 0 1 2 1 1 1 0 0 0 2 1 0 1 1 1 0 0 0 0 1 0 1 1 3 1 1 1 0 1 0 0 2 0 0 2 0 0 0 0 1 1 0 0 1 0 1 2 0 0 1 0 0 1 1 0 0 2 0 0 1 2 0 0 1 0 0 0 0 0 1 
0 1 2 0 1 0 1 2 2 1 2 0 0 0 0 2 1 0 1 1 1 1 0 0 2 0 2 0 3 0 0 0 0 2 0 3 0 0 1 0 2 0 2 1 2 0 0 0 0 0 1 0 1 1 2 0 0 0 1 2 0 0 0 0 2 1 1 0 0 0 1 0 1 0 2 0 1 0 0 1 0 0 0 0 1 0 0 1 0 1 
0 0 0 1 0 0 1 0 1 0 1 0 0 0 0 0 0 1 0 1 0 1 0 1 0 3 1 0 1 0 2 0 1 1 0 0 2 1 0 0 1 1 1 0 0 0 0 1 1 0 0 0 0 0 0 0 0 0 1 0 0 1 0 0 0 2 0 2 1 0 0 0 0 0 1 1 0 0 1 0 0 0 1 1 0 0 1 1 1 0 
1 1 0 1 0 3 0 0 0 0 0 1 0 0 0 0 0 0 0 0 0 1 1 0 1 1 0 0 2 0 1 0 0 1 1 0 1 0 1 0 0 2 0 0 0 1 2 0 0 1 1 0 0 1 0 1 0 1 1 0 0 0 0 1 1 1 2 2 0 0 0 1 0 1 0 1 0 0 0 0 0 2 2 0 1 0 0 0 0 0 
3 1 0 1 0 0 2 0 0 0 1 0 0 0 1 1 1 1 0 0 0 0 2 0 0 0 0 0 2 0 0 0 2 1 0 1 1 0 0 0 0 0 0 0 1 2 4 1 1 0 0 2 1 0 2 0 1 1 0 0 3 0 1 0 0 0 1 1 1 1 2 0 1 0 1 1 0 1 1 0 1 2 0 0 0 0 0 0 0 0 
1 1 0 1 2 0 0 0 0 0 1 1 1 0 0 1 0 0 0 3 0 0 1 0 0 1 3 5 0 0 2 1 0 0 1 0 0 1 0 0 1 0 1 0 1 1 1 1 4 1 0 1 1 0 0 1 1 1 0 1 0 1 0 0 1 1 1 0 3 2 0 1 1 2 0 1 0 1 1 1 0 1 0 0 0 0 0 0 0 0 
0 0 0 0 0 0 0 0 1 0 0 2 1 1 1 0 2 0 1 0 2 1 1 0 3 1 1 1 0 1 2 0 0 0 0 1 3 1 1 0 0 2 1 1 0 0 3 0 0 0 2 1 2 0 0 0 0 3 0 0 0 2 0 0 1 0 1 1 0 0 0 0 1 0 2 1 0 0 0 0 0 0 2 2 0 2 1 0 0 1 
1 1 0 0 0 2 0 1 0 1 1 1 1 0 0 1 1 0 0 0 0 1 1 0 0 0 1 0 0 1 0 0 0 2 1 0 1 0 0 0 0 1 0 0 2 1 1 0 1 0 0 0 1 0 1 3 0 0 1 0 0 0 0 0 1 2 0 0 0 2 0 1 1 1 0 1 0 0 2 0 1 1 1 1 0 0 0 0 1 0 
0 2 0 0 0 0 1 0 1 0 0 3 0 0 1 0 0 0 1 1 0 0 0 0 1 0 1 0 1 0 0 0 0 1 0 0 2 1 0 0 2 0 0 0 0 2 1 1 1 1 3 2 0 0 0 1 1 0 0 0 0 0 1 0 0 2 2 0 1 0 0 0 0 0 1 1 1 1 1 0 0 0 0 0 2 1 1 1 1 0 
1 2 0 0 0 1 1 1 0 0 1 0 0 0 0 1 0 0 2 0 0 0 1 0 1 1 2 0 0 0 1 0 2 1 0 1 0 1 0 0 1 0 2 0 0 1 0 2 0 1 1 1 0 0 1 0 1 0 1 0 1 0 0 1 0 2 2 1 1 1 0 0 0 1 0 0 0 1 0 0 0 0 1 0 1 2 2 1 0 0 
1 1 0 1 1 0 0 0 0 0 0 1 0 2 0 1 0 0 1 4 0 0 0 1 2 1 1 0 1 0 0 0 1 0 0 1 0 0 2 1 1 0 2 0 1 0 1 0 0 1 0 0 0 0 0 0 2 0 0 0 1 1 0 1 0 2 1 1 0 0 0 0 1 2 0 2 0 0 1 0 0 1 0 1 1 0 0 0 3 0 
0 0 0 1 1 0 2 1 0 0 1 0 1 2 0 0 0 0 0 1 1 0 0 1 1 1 0 0 0 1 2 0 0 2 1 1 1 2 1 0 1 1 0 0 0 2 1 0 0 1 0 0 2 1 0 0 2 0 3 0 0 3 0 2 0 0 1 0 1 2 0 0 0 3 0 1 0 0 0 0 1 0 0 0 0 1 0 0 0 1 
1 0 0 0 2 0 1 1 0 0 1 2 0 1 0 0 0 0 0 0 0 1 2 0 2 2 0 0 0 3 0 0 0 2 0 1 1 0 1 0 0 0 0 3 1 0 2 0 0 0 2 0 2 0 1 0 2 0 1 0 0 0 0 0 0 0 0 1 0 0 0 1 1 1 0 2 2 0 1 0 1 0 2 0 1 0 1 2 1 0 
0 0 0 0 0 0 0 0 1 0 1 0 0 0 1 1 1 0 0 1 1 1 0 2 0 3 0 2 0 0 1 1 2 0 0 0 1 1 1 0 2 0 0 2 0 0 0 2 0 1 0 0 0 0 0 1 1 2 2 0 0 0 0 0 2 1 0 0 2 0 1 1 1 0 0 0 0 0 0 0 0 0 1 0 1 0 2 0 1 0 
1 0 2 0 0 1 0 1 0 3 0 0 0 1 0 0 2 1 0 1 1 0 0 1 0 2 0 2 0 0 0 1 0 1 0 0 0 2 1 0 1 0 0 3 0 1 0 0 0 0 0 0 0 0 0 1 0 1 1 0 0 0 1 0 1 0 1 1 1 1 1 1 0 1 1 0 0 0 1 0 1 0 0 0 1 1 1 1 0 0 
0 0 2 0 0 0 0 0 0 1 0 1 0 0 0 0 0 0 0 2 0 1 0 0 0 1 1 1 3 2 1 1 0 0 1 1 1 0 0 1 0 2 1 1 2 0 2 1 3 0 1 0 0 0 0 1 0 0 1 1 2 0 1 0 0 2 0 0 0 0 0 0 1 0 0 1 0 1 0 0 1 0 0 1 0 1 0 3 1 0 
0 0 0 0 1 1 0 0 0 1 1 1 0 0 1 0 1 0 0 0 0 0 0 0 0 0 0 0 0 0 0 0 1 0 1 0 0 0 0 0 0 2 0 0 0 0 1 1 0 2 1 0 0 1 1 0 0 1 0 0 0 0 0 0 0 1 1 1 0 0 0 1 0 0 0 1 0 0 0 0 1 0 0 0 0 1 0 0 1 1 
1 0 0 1 0 1 3 3 1 1 0 0 0 1 0 1 0 0 0 0 1 0 1 0 1 1 2 0 0 1 1 0 0 1 0 1 0 1 0 1 1 0 0 2 0 0 0 0 0 0 0 0 0 0 0 0 1 0 0 1 0 0 1 0 0 0 1 0 0 0 0 0 0 0 0 0 1 0 0 0 0 0 0 0 0 0 0 2 0 0 
1 1 1 1 0 0 0 0 0 0 1 1 0 1 1 0 1 0 0 0 1 0 2 1 1 1 0 0 0 0 0 0 0 0 0 0 0 0 1 0 0 2 0 0 1 0 0 0 0 0 0 1 0 1 0 0 1 1 0 0 0 0 1 0 1 0 1 0 0 0 1 1 0 0 1 0 0 0 0 0 0 0 0 0 0 1 0 0 0 0 
0 0 0 0 0 0 0 0 0 0 1 0 4 0 0 0 1 0 0 0 0 0 1 0 0 0 1 0 1 1 0 1 0 0 1 0 2 0 0 0 1 2 0 3 0 0 0 0 1 0 0 0 0 0 1 1 0 0 0 0 0 0 0 0 0 0 0 1 0 0 1 0 0 0 0 0 0 2 0 0 0 3 1 0 0 0 0 0 0 0 
0 0 2 0 0 0 0 0 0 0 0 0 0 0 2 1 1 0 0 0 0 0 0 0 1 0 1 0 1 1 1 0 0 1 2 1 0 1 1 0 0 0 0 2 0 0 0 0 0 0 2 0 0 0 0 0 0 0 0 0 1 0 0 0 0 1 0 0 0 1 0 0 0 0 1 0 0 0 0 0 0 0 0 0 1 0 1 0 0 0 
0 0 0 0 0 0 0 0 0 1 1 0 0 0 0 0 0 0 1 0 0 0 3 0 1 0 0 0 1 0 0 0 0 0 0 0 0 1 0 1 0 0 0 0 0 0 0 0 1 1 0 0 0 0 0 0 0 0 0 0 0 1 1 0 0 0 0 0 0 0 0 0 0 0 0 0 0 0 0 2 0 0 0 0 0 0 0 0 0 0 
1 0 0 0 0 2 0 0 0 0 0 0 0 0 0 0 0 0 0 0 0 0 0 0 0 1 0 0 0 0 0 0 1 0 0 0 0 0 0 0 0 0 0 0 0 1 0 1 1 0 1 0 0 0 0 0 0 0 0 0 0 0 0 0 0 0 0 0 1 0 0 1 1 0 0 0 0 0 0 0 0 0 0 0 0 1 0 0 0 0 
0 0 0 0 0 1 1 0 0 1 0 0 0 0 0 0 0 0 0 0 0 0 0 0 0 0 0 0 0 0 0 0 0 0 1 0 0 0 0 0 0 0 0 0 0 0 0 0 0 0 0 1 0 0 0 0 0 0 0 0 1 0 0 0 0 0 1 0 0 0 0 0 0 0 0 0 0 0 0 0 0 0 0 0 0 0 0 0 0 0 
0 1 0 0 0 0 0 0 1 0 0 1 0 1 0 0 1 0 0 0 0 0 0 1 0 0 0 0 0 0 0 0 0 0 1 0 0 0 0 0 0 0 0 0 0 0 0 0 0 0 0 0 0 0 0 0 0 0 0 0 0 0 0 1 0 0 0 0 0 0 0 0 0 0 0 0 0 0 0 0 0 0 0 0 0 0 0 0 0 0 
0 0 0 0 0 0 0 0 0 0 0 0 0 0 0 0 0 0 0 0 0 0 1 0 0 0 0 0 1 0 0 0 1 0 0 0 0 1 0 0 1 0 0 0 1 0 1 0 0 0 1 0 0 0 0 0 1 0 0 0 0 0 0 0 1 0 0 0 0 0 0 0 0 0 0 0 0 0 0 0 0 0 0 0 0 0 0 0 0 0 
0 0 0 0 0 0 0 0 0 0 0 1 0 0 0 0 0 0 0 1 0 0 0 0 0 0 0 0 0 0 0 0 1 0 0 0 0 0 0 0 0 0 0 0 0 0 0 0 0 0 0 0 0 0 0 0 0 0 0 0 0 0 0 0 0 0 0 0 0 0 0 0 0 0 0 0 0 0 0 0 0 0 0 0 0 0 0 0 0 0 
0 0 0 1 0 0 0 0 0 0 0 0 0 0 0 0 0 0 0 0 0 0 0 0 0 0 0 0 0 0 0 0 0 0 0 0 0 0 0 0 0 0 0 1 0 0 0 0 0 0 0 0 0 0 0 0 0 0 0 0 0 0 0 0 0 0 0 0 0 0 0 0 0 0 0 0 0 0 0 0 0 0 0 0 0 0 0 0 0 0 
0 0 0 0 0 0 0 0 1 0 0 0 0 0 0 0 0 0 0 0 0 0 0 0 1 0 0 0 0 0 0 0 0 0 0 0 0 0 0 0 0 0 0 0 0 0 0 0 0 0 0 0 0 0 0 0 0 0 0 0 0 0 0 0 0 0 0 0 0 0 0 0 0 0 0 0 0 0 0 0 0 0 0 0 0 0 0 0 0 0 
1 0 1 0 0 0 0 0 0 0 0 0 0 0 1 0 0 0 0 0 0 0 0 0 0 0 0 0 0 0 0 0 0 0 0 0 0 0 0 0 0 0 0 0 0 0 0 0 0 0 0 0 0 0 0 0 0 0 0 0 0 0 0 0 0 0 0 0 0 0 0 0 0 0 0 0 0 0 0 0 0 0 0 0 0 0 0 0 0 0 
0 0 0 0 0 0 0 0 0 0 0 1 0 0 0 0 0 0 0 0 0 0 0 0 0 0 0 0 0 0 0 0 0 0 0 0 0 0 0 0 0 0 0 0 0 0 0 0 0 0 0 0 0 0 0 0 0 0 0 0 0 0 0 0 0 0 0 0 0 0 0 0 0 0 0 0 0 0 0 0 0 0 0 0 0 0 0 0 0 0 
0 0 0 0 0 0 0 0 0 0 0 0 0 0 0 0 0 0 0 0 0 0 0 0 0 0 0 0 0 0 0 0 0 0 0 0 0 0 0 0 0 0 0 0 0 0 0 0 0 0 0 0 0 0 0 0 0 0 0 0 0 0 0 0 0 0 0 0 0 0 0 0 0 0 0 0 0 0 0 0 0 0 0 0 0 0 0 0 0 0 
0 0 0 0 0 0 0 0 0 0 0 0 0 0 0 0 0 0 0 0 0 0 0 0 0 0 0 0 0 0 0 0 0 0 0 0 0 0 0 0 0 0 0 0 0 0 0 0 0 0 0 0 0 0 0 0 0 0 0 0 0 0 0 0 0 0 0 0 0 0 0 0 0 0 0 0 0 0 0 0 0 0 0 0 0 0 0 0 0 0 
0 0 0 0 0 0 0 0 0 0 1 0 0 0 0 0 0 0 0 0 0 0 0 0 0 0 0 0 0 0 0 0 0 0 0 0 0 0 0 0 0 0 0 0 0 0 0 0 0 0 0 0 0 0 0 0 0 0 0 0 0 0 0 0 0 0 0 0 0 0 0 0 0 0 0 0 0 0 0 0 0 0 0 0 0 0 0 0 0 0 
0 0 0 0 0 0 0 0 0 0 0 0 0 0 0 0 0 0 0 0 0 0 0 0 0 0 0 0 0 0 0 0 0 0 0 0 0 0 0 0 0 0 0 0 0 0 0 0 0 0 0 0 0 0 0 0 0 0 0 0 0 0 0 0 0 0 0 0 0 0 0 0 0 0 0 0 0 0 0 0 0 0 0 0 0 0 0 0 0 0 
0 0 0 0 0 0 0 0 0 0 0 0 0 0 0 0 0 0 0 0 0 0 0 0 0 0 0 0 0 0 0 0 0 0 0 0 0 0 0 0 0 0 0 0 0 0 0 0 0 0 0 0 0 0 0 0 0 0 0 0 0 0 0 0 0 0 0 0 0 0 0 0 0 0 0 0 0 0 0 0 0 0 0 0 0 0 0 0 0 0 
0 0 0 0 0 0 0 0 0 0 0 0 0 0 0 0 0 0 0 0 0 0 0 0 0 0 0 0 0 0 0 0 0 0 0 0 0 0 0 0 0 0 0 0 0 0 0 0 0 0 0 0 0 0 0 0 0 0 0 0 0 0 0 0 0 0 0 0 0 0 0 0 0 0 0 0 0 0 0 0 0 0 0 0 0 0 0 0 0 0 
0 0 0 0 0 0 0 0 0 0 0 0 0 0 0 0 0 0 0 0 0 0 0 0 0 0 0 0 0 0 0 0 0 0 0 0 0 0 0 0 0 0 0 0 0 0 0 0 0 0 0 0 0 0 0 0 0 0 0 0 0 0 0 0 0 0 0 0 0 0 0 0 0 0 0 0 0 0 0 0 0 0 0 0 0 0 0 0 0 0 
0 0 0 0 0 0 0 0 0 0 0 0 0 0 0 0 0 0 0 0 0 0 0 0 0 0 0 0 0 0 0 0 0 0 0 0 0 0 0 0 0 0 0 0 0 0 0 0 0 0 0 0 0 0 0 0 0 0 0 0 0 0 0 0 0 0 0 0 0 0 0 0 0 0 0 0 0 0 0 0 0 0 0 0 0 0 0 0 0 0 
0 0 0 0 0 0 0 0 0 0 0 0 0 0 0 0 0 0 0 0 0 0 0 0 0 0 0 0 0 0 0 0 0 0 0 0 0 0 0 0 0 0 0 0 0 0 0 0 0 0 0 0 0 0 0 0 0 0 0 0 0 0 0 0 0 0 0 0 0 0 0 0 0 0 0 0 0 0 0 0 0 0 0 0 0 0 0 0 0 0 
0 0 0 0 0 0 0 0 0 0 0 0 0 0 0 0 0 0 0 0 0 0 0 0 0 0 0 0 0 0 0 0 0 0 0 0 0 0 0 0 0 0 0 0 0 0 0 0 0 0 0 0 0 0 0 0 0 0 0 0 0 0 0 0 0 0 0 0 0 0 0 0 0 0 0 0 0 0 0 0 0 0 0 0 0 0 0 0 0 0 
0 0 0 0 0 0 0 0 0 0 0 0 0 0 0 0 0 0 0 0 0 0 0 0 0 0 0 0 0 0 0 0 0 0 0 0 0 0 0 0 0 0 0 0 0 0 0 0 0 0 0 0 0 0 0 0 0 0 0 0 0 0 0 0 0 0 0 0 0 0 0 0 0 0 0 0 0 0 0 0 0 0 0 0 0 0 0 0 0 0 
0 0 0 0 0 0 0 0 0 0 0 0 0 0 0 0 0 0 0 0 0 0 0 0 0 0 0 0 0 0 0 0 0 0 0 0 0 0 0 0 0 0 0 0 0 0 0 0 0 0 0 0 0 0 0 0 0 0 0 0 0 0 0 0 0 0 0 0 0 0 0 0 0 0 0 0 0 0 0 0 0 0 0 0 0 0 0 0 0 0 
0 0 0 0 0 0 0 0 0 0 0 0 0 0 0 0 0 0 0 0 0 0 0 0 0 0 0 0 0 0 0 0 0 0 0 0 0 0 0 0 0 0 0 0 0 0 0 0 0 0 0 0 0 0 0 0 0 0 0 0 0 0 0 0 0 0 0 0 0 0 0 0 0 0 0 0 0 0 0 0 0 0 0 0 0 0 0 0 0 0 
0 0 0 0 0 0 0 0 0 0 0 0 0 0 0 0 0 0 0 0 0 0 0 0 0 0 0 0 0 0 0 0 0 0 0 0 0 0 0 0 0 0 0 0 0 0 0 0 0 0 0 0 0 0 0 0 0 0 0 0 0 0 0 0 0 0 0 0 0 0 0 0 0 0 0 0 0 0 0 0 0 0 0 0 0 0 0 0 0 0 
0 0 0 0 0 0 0 0 0 0 0 0 0 0 0 0 0 0 0 0 0 0 0 0 0 0 0 0 0 0 0 0 0 0 0 0 0 0 0 0 0 0 0 0 0 0 0 0 0 0 0 0 0 0 0 0 0 0 0 0 0 0 0 0 0 0 0 0 0 0 0 0 0 0 0 0 0 0 0 0 0 0 0 0 0 0 0 0 0 0 
0 0 0 0 0 0 0 0 0 0 0 0 0 0 0 0 0 0 0 0 0 0 0 0 0 0 0 0 0 0 0 0 0 0 0 0 0 0 0 0 0 0 0 0 0 0 0 0 0 0 0 0 0 0 0 0 0 0 0 0 0 0 0 0 0 0 0 0 0 0 0 0 0 0 0 0 0 0 0 0 0 0 0 0 0 0 0 0 0 0 
0 0 0 0 0 0 0 0 0 0 0 0 0 0 0 0 0 0 0 0 0 0 0 0 0 0 0 0 0 0 0 0 0 0 0 0 0 0 0 0 0 0 0 0 0 0 0 0 0 0 0 0 0 0 0 0 0 0 0 0 0 0 0 0 0 0 0 0 0 0 0 0 0 0 0 0 0 0 0 0 0 0 0 0 0 0 0 0 0 0 
0 0 0 0 0 0 0 0 0 0 0 0 0 0 0 0 0 0 0 0 0 0 0 0 0 0 0 0 0 0 0 0 0 0 0 0 0 0 0 0 0 0 0 0 0 0 0 0 0 0 0 0 0 0 0 0 0 0 0 0 0 0 0 0 0 0 0 0 0 0 0 0 0 0 0 0 0 0 0 0 0 0 0 0 0 0 0 0 0 0 
0 0 0 0 0 0 0 0 0 0 0 0 0 0 0 0 0 0 0 0 0 0 0 0 0 0 0 0 0 0 0 0 0 0 0 0 0 0 0 0 0 0 0 0 0 0 0 0 0 0 0 0 0 0 0 0 0 0 0 0 0 0 0 0 0 0 0 0 0 0 0 0 0 0 0 0 0 0 0 0 0 0 0 0 0 0 0 0 0 0 
0 0 0 0 0 0 0 0 0 0 0 0 0 0 0 0 0 0 0 0 0 0 0 0 0 0 0 0 0 0 0 0 0 0 0 0 0 0 0 0 0 0 0 0 0 0 0 0 0 0 0 0 0 0 0 0 0 0 0 0 0 0 0 0 0 0 0 0 0 0 0 0 0 0 0 0 0 0 0 0 0 0 0 0 0 0 0 0 0 0 
0 0 0 0 0 0 0 0 0 0 0 0 0 0 0 0 0 0 0 0 0 0 0 0 0 0 0 0 0 0 0 0 0 0 0 0 0 0 0 0 0 0 0 0 0 0 0 0 0 0 0 0 0 0 0 0 0 0 0 0 0 0 0 0 0 0 0 0 0 0 0 0 0 0 0 0 0 0 0 0 0 0 0 0 0 0 0 0 0 0 
0 0 0 0 0 0 0 0 0 0 0 0 0 0 0 0 0 0 0 0 0 0 0 0 0 0 0 0 0 0 0 0 0 0 0 0 0 0 0 0 0 0 0 0 0 0 0 0 0 0 0 0 0 0 0 0 0 0 0 0 0 0 0 0 0 0 0 0 0 0 0 0 0 0 0 0 0 0 0 0 0 0 0 0 0 0 0 0 0 0 
0 0 0 0 0 0 0 0 0 0 0 0 0 0 0 0 0 0 0 0 0 0 0 0 0 0 0 0 0 0 0 0 0 0 0 0 0 0 0 0 0 0 0 0 0 0 0 0 0 0 0 0 0 0 0 0 0 0 0 0 0 0 0 0 0 0 0 0 0 0 0 0 0 0 0 0 0 0 0 0 0 0 0 0 0 0 0 0 0 0 
0 0 0 0 0 0 0 0 0 0 0 0 0 0 0 0 0 0 0 0 0 0 0 0 0 0 0 0 0 0 0 0 0 0 0 0 0 0 0 0 0 0 0 0 0 0 0 0 0 0 0 0 0 0 0 0 0 0 0 0 0 0 0 0 0 0 0 0 0 0 0 0 0 0 0 0 0 0 0 0 0 0 0 0 0 0 0 0 0 0 
0 0 0 0 0 0 0 0 0 0 0 0 0 0 0 0 0 0 0 0 0 0 0 0 0 0 0 0 0 0 0 0 0 0 0 0 0 0 0 0 0 0 0 0 0 0 0 0 0 0 0 0 0 0 0 0 0 0 0 0 0 0 0 0 0 0 0 0 0 0 0 0 0 0 0 0 0 0 0 0 0 0 0 0 0 0 0 0 0 0 
