# Format: McCode with text headers
# URL: http://www.mccode.org
# Creator: McStas 2.5beta01 - Nov. 03, 2018
# Instrument: Full_simple_noSqq.instr
# Ncount: 6250000
# Trace: no
# Gravitation: no
# Seed: 1544416721
# Directory: Magnon_rerun_events_C_noEfocus_noSqq/21
# Nodes: 16
# Param: WaveMin=2.75
# Param: WaveMax=4.4
# Param: E_0=4
# Param: L_0=0
# Param: chopPulseOpening=0.004
# Param: DivSlit0_width=0.1
# Param: DivSlit1_width=0.1
# Param: DivSlit2_width=0.1
# Param: DivSlit3_width=0.1
# Param: Npulse=1
# Param: print=0
# Param: makeVirtualSource=0
# Param: printMValues=0
# Param: power=2
# Param: BWopen=161
# Param: OMA=37.072
# Param: TTA=74.1432
# Param: OMA2=30.628
# Param: TTA2=61.256
# Param: phi=37
# Param: dphi=0.332
# Param: MCPLfile=BIFROST_mcpl.gz
# Param: ax=0
# Param: ay=2.14
# Param: az=-1.24
# Param: bx=0
# Param: by=0
# Param: bz=2.47
# Param: cx=6.71
# Param: cy=0
# Param: cz=0
# Param: Omega=21
# Param: TwoTheta=15
# Param: lambda=10
# Param: dlambda=9.9
# Param: Rotation=0
# Param: inelastic=1
# Param: aa=6.28319
# Param: sample_J1=1.5
# Param: sample_J2=0
# Param: TT=300
# Param: FerroMagnet=0
# Param: Verbose=0
# Param: imultiplier=1
# Param: INCOH=0
# Param: INCOHspread=0
# Param: sample_focusW=2.1
# Param: sample_focusH=0.15
# Param: focus_EF=0
# Param: TOFmin=0.1172
# Param: TOFmax=0.186
# Param: TOFbins=256
# Date: Mon Dec 10 02:02:46 2018 (1544403766)
# type: array_1d(300)
# Source: EGCESE (Full_simple_noSqq.instr)
# component: Lmon_sample_B
# position: 0 0 -0.00489
# title: Wavelength monitor
# Ncount: 100000000
# filename: Lmon_sample_B.dat
# statistics: X0=3.57494; dX=0.476356;
# signal: Min=0; Max=5.48653e+07; Mean=1.13072e+07;
# values: 3.39217e+09 429100 6.24938e+07
# xvar: L
# yvar: (I,I_err)
# xlabel: Wavelength [AA]
# ylabel: Intensity
# xlimits: 0.01 8
# variables: L I I_err N
0.02331666667 0 0 0 
0.04995 0 0 0 
0.07658333333 0 0 0 
0.1032166667 0 0 0 
0.12985 0 0 0 
0.1564833333 0 0 0 
0.1831166667 0 0 0 
0.20975 0 0 0 
0.2363833333 0 0 0 
0.2630166667 0 0 0 
0.28965 0 0 0 
0.3162833333 0 0 0 
0.3429166667 0 0 0 
0.36955 0 0 0 
0.3961833333 0 0 0 
0.4228166667 0 0 0 
0.44945 0 0 0 
0.4760833333 0 0 0 
0.5027166667 0 0 0 
0.52935 0 0 0 
0.5559833333 0 0 0 
0.5826166667 0 0 0 
0.60925 0 0 0 
0.6358833333 0 0 0 
0.6625166667 0 0 0 
0.68915 0 0 0 
0.7157833333 0 0 0 
0.7424166667 0 0 0 
0.76905 0 0 0 
0.7956833333 0 0 0 
0.8223166667 0 0 0 
0.84895 0 0 0 
0.8755833333 0 0 0 
0.9022166667 0 0 0 
0.92885 0 0 0 
0.9554833333 0 0 0 
0.9821166667 0 0 0 
1.00875 0 0 0 
1.035383333 0 0 0 
1.062016667 0 0 0 
1.08865 0 0 0 
1.115283333 0 0 0 
1.141916667 0 0 0 
1.16855 0 0 0 
1.195183333 0 0 0 
1.221816667 0 0 0 
1.24845 0 0 0 
1.275083333 0 0 0 
1.301716667 0 0 0 
1.32835 0 0 0 
1.354983333 0 0 0 
1.381616667 0 0 0 
1.40825 0 0 0 
1.434883333 0 0 0 
1.461516667 0 0 0 
1.48815 0 0 0 
1.514783333 0 0 0 
1.541416667 0 0 0 
1.56805 0 0 0 
1.594683333 0 0 0 
1.621316667 0 0 0 
1.64795 0 0 0 
1.674583333 0 0 0 
1.701216667 0 0 0 
1.72785 0 0 0 
1.754483333 0 0 0 
1.781116667 0 0 0 
1.80775 0 0 0 
1.834383333 0 0 0 
1.861016667 0 0 0 
1.88765 0 0 0 
1.914283333 0 0 0 
1.940916667 0 0 0 
1.96755 0 0 0 
1.994183333 0 0 0 
2.020816667 0 0 0 
2.04745 0 0 0 
2.074083333 0 0 0 
2.100716667 0 0 0 
2.12735 0 0 0 
2.153983333 0 0 0 
2.180616667 0 0 0 
2.20725 0 0 0 
2.233883333 0 0 0 
2.260516667 0 0 0 
2.28715 0 0 0 
2.313783333 0 0 0 
2.340416667 0 0 0 
2.36705 0 0 0 
2.393683333 0 0 0 
2.420316667 0 0 0 
2.44695 0 0 0 
2.473583333 0 0 0 
2.500216667 0 0 0 
2.52685 0 0 0 
2.553483333 0 0 0 
2.580116667 0 0 0 
2.60675 0 0 0 
2.633383333 0 0 0 
2.660016667 0 0 0 
2.68665 0 0 0 
2.713283333 0 0 0 
2.739916667 6639320.838 18983.75065 122316 
2.76655 54802622.55 54540.71962 1009627 
2.793183333 54668659.34 54474.01734 1007159 
2.819816667 54701661.62 54490.45725 1007767 
2.84645 54703615.71 54491.43051 1007803 
2.873083333 54865261.75 54571.88064 1010781 
2.899716667 54822271.93 54550.49648 1009989 
2.92635 54717240 54498.21581 1008054 
2.952983333 54767231.95 54523.10604 1008975 
2.979616667 54759578.46 54519.29622 1008834 
3.00625 54825365.9 54552.03578 1010046 
3.032883333 54738137.83 54508.6219 1008439 
3.059516667 54775102.56 54527.02366 1009120 
3.08615 54798388.7 54538.61277 1009549 
3.112783333 54811090.24 54544.93307 1009783 
3.139416667 54787478.41 54533.18322 1009348 
3.16605 54856522.66 54567.53429 1010620 
3.192683333 54761098.3 54520.0528 1008862 
3.219316667 54758330.01 54518.67474 1008811 
3.24595 54690099.97 54484.69843 1007554 
3.272583333 54737757.87 54508.43272 1008432 
3.299216667 54858368.18 54568.45218 1010654 
3.32585 54804088.11 54541.4489 1009654 
3.352483333 54751056.49 54515.05377 1008677 
3.379116667 54806205.03 54542.50227 1009693 
3.40575 54745357.08 54512.21627 1008572 
3.432383333 54657531.93 54468.47316 1006954 
3.459016667 54757244.41 54518.13431 1008791 
3.48565 54736726.55 54507.91922 1008413 
3.512283333 54741448.91 54510.27048 1008500 
3.538916667 54729778.7 54504.4597 1008285 
3.56555 54793720.62 54536.28975 1009463 
3.592183333 54739386.27 54509.2435 1008462 
3.618816667 54650909.76 54465.17342 1006832 
3.64545 54758981.38 54518.99899 1008823 
3.672083333 54688037.33 54483.67098 1007516 
3.698716667 54737377.91 54508.24353 1008425 
3.72535 54733795.42 54506.45976 1008359 
3.751983333 54690588.49 54484.94178 1007563 
3.778616667 54714417.44 54496.81016 1008002 
3.80525 54779282.12 54529.10394 1009197 
3.831883333 54773148.47 54526.05104 1009084 
3.858516667 54796108.94 54537.47829 1009507 
3.88515 54750947.93 54514.99972 1008675 
3.911783333 54786067.13 54532.48085 1009322 
3.938416667 54758872.82 54518.94495 1008821 
3.96505 54765332.14 54522.16037 1008940 
3.991683333 54726630.45 54502.89204 1008227 
4.018316667 54751816.41 54515.43209 1008691 
4.04495 54725924.81 54502.54066 1008214 
4.071583333 54787804.09 54533.3453 1009354 
4.098216667 54764083.7 54521.53891 1008917 
4.12485 54678266.91 54478.80381 1007336 
4.151483333 54751219.33 54515.13484 1008680 
4.178116667 54745031.4 54512.05413 1008566 
4.20475 54717674.24 54498.43206 1008062 
4.231383333 54798551.55 54538.69381 1009552 
4.258016667 54671481.91 54475.42357 1007211 
4.28465 54725653.41 54502.40551 1008209 
4.311283333 54763215.22 54521.10659 1008901 
4.337916667 54750947.93 54514.99972 1008675 
4.36455 54732275.58 54505.70299 1008331 
4.391183333 45583532.9 49742.10772 839784 
4.417816667 0 0 0 
4.44445 0 0 0 
4.471083333 0 0 0 
4.497716667 0 0 0 
4.52435 0 0 0 
4.550983333 0 0 0 
4.577616667 0 0 0 
4.60425 0 0 0 
4.630883333 0 0 0 
4.657516667 0 0 0 
4.68415 0 0 0 
4.710783333 0 0 0 
4.737416667 0 0 0 
4.76405 0 0 0 
4.790683333 0 0 0 
4.817316667 0 0 0 
4.84395 0 0 0 
4.870583333 0 0 0 
4.897216667 0 0 0 
4.92385 0 0 0 
4.950483333 0 0 0 
4.977116667 0 0 0 
5.00375 0 0 0 
5.030383333 0 0 0 
5.057016667 0 0 0 
5.08365 0 0 0 
5.110283333 0 0 0 
5.136916667 0 0 0 
5.16355 0 0 0 
5.190183333 0 0 0 
5.216816667 0 0 0 
5.24345 0 0 0 
5.270083333 0 0 0 
5.296716667 0 0 0 
5.32335 0 0 0 
5.349983333 0 0 0 
5.376616667 0 0 0 
5.40325 0 0 0 
5.429883333 0 0 0 
5.456516667 0 0 0 
5.48315 0 0 0 
5.509783333 0 0 0 
5.536416667 0 0 0 
5.56305 0 0 0 
5.589683333 0 0 0 
5.616316667 0 0 0 
5.64295 0 0 0 
5.669583333 0 0 0 
5.696216667 0 0 0 
5.72285 0 0 0 
5.749483333 0 0 0 
5.776116667 0 0 0 
5.80275 0 0 0 
5.829383333 0 0 0 
5.856016667 0 0 0 
5.88265 0 0 0 
5.909283333 0 0 0 
5.935916667 0 0 0 
5.96255 0 0 0 
5.989183333 0 0 0 
6.015816667 0 0 0 
6.04245 0 0 0 
6.069083333 0 0 0 
6.095716667 0 0 0 
6.12235 0 0 0 
6.148983333 0 0 0 
6.175616667 0 0 0 
6.20225 0 0 0 
6.228883333 0 0 0 
6.255516667 0 0 0 
6.28215 0 0 0 
6.308783333 0 0 0 
6.335416667 0 0 0 
6.36205 0 0 0 
6.388683333 0 0 0 
6.415316667 0 0 0 
6.44195 0 0 0 
6.468583333 0 0 0 
6.495216667 0 0 0 
6.52185 0 0 0 
6.548483333 0 0 0 
6.575116667 0 0 0 
6.60175 0 0 0 
6.628383333 0 0 0 
6.655016667 0 0 0 
6.68165 0 0 0 
6.708283333 0 0 0 
6.734916667 0 0 0 
6.76155 0 0 0 
6.788183333 0 0 0 
6.814816667 0 0 0 
6.84145 0 0 0 
6.868083333 0 0 0 
6.894716667 0 0 0 
6.92135 0 0 0 
6.947983333 0 0 0 
6.974616667 0 0 0 
7.00125 0 0 0 
7.027883333 0 0 0 
7.054516667 0 0 0 
7.08115 0 0 0 
7.107783333 0 0 0 
7.134416667 0 0 0 
7.16105 0 0 0 
7.187683333 0 0 0 
7.214316667 0 0 0 
7.24095 0 0 0 
7.267583333 0 0 0 
7.294216667 0 0 0 
7.32085 0 0 0 
7.347483333 0 0 0 
7.374116667 0 0 0 
7.40075 0 0 0 
7.427383333 0 0 0 
7.454016667 0 0 0 
7.48065 0 0 0 
7.507283333 0 0 0 
7.533916667 0 0 0 
7.56055 0 0 0 
7.587183333 0 0 0 
7.613816667 0 0 0 
7.64045 0 0 0 
7.667083333 0 0 0 
7.693716667 0 0 0 
7.72035 0 0 0 
7.746983333 0 0 0 
7.773616667 0 0 0 
7.80025 0 0 0 
7.826883333 0 0 0 
7.853516667 0 0 0 
7.88015 0 0 0 
7.906783333 0 0 0 
7.933416667 0 0 0 
7.96005 0 0 0 
7.986683333 0 0 0 
